0,0,2.1124360249e-04
0,1,-2.8096857060e-05
0,2,-7.6697907618e-05
0,3,3.3441859324e-07
0,4,1.0357095269e-05
0,5,-9.1710792595e-05
1,0,-2.8096857060e-05
1,1,1.4264290843e-04
1,2,-3.2300882064e-05
1,3,1.0357095269e-05
1,4,3.3304717601e-06
1,5,1.5363549972e-05
2,0,-7.6697907618e-05
2,1,-3.2300882064e-05
2,2,1.6394382053e-04
2,3,3.3496892726e-06
2,4,2.4923090472e-06
2,5,-5.0658387213e-06
3,0,3.3441859324e-07
3,1,1.0357095269e-05
3,2,3.3496892726e-06
3,3,1.2921497589e-04
3,4,-1.4355280214e-05
3,5,-5.8581572428e-06
4,0,1.0357095269e-05
4,1,3.3304717601e-06
4,2,2.4923090472e-06
4,3,-1.4355280214e-05
4,4,5.6561610844e-05
4,5,9.5366714894e-07
5,0,-9.1710792595e-05
5,1,1.5363549972e-05
5,2,-5.0658387213e-06
5,3,-5.8581572428e-06
5,4,9.5366714894e-07
5,5,1.4618061796e-04
6,6,2.3075436658e-04
6,7,1.2921327028e-05
6,8,-5.3088663477e-05
6,9,3.3096916766e-06
6,10,-2.0321383714e-05
6,11,-9.3474860725e-05
7,6,1.2921327028e-05
7,7,1.8327042243e-04
7,8,-5.2139876351e-06
7,9,-2.0321383714e-05
7,10,1.8125349999e-06
7,11,1.5899011131e-05
8,6,-5.3088663477e-05
8,7,-5.2139876351e-06
8,8,1.9126523128e-04
8,9,-1.6738720511e-06
8,10,-2.2510625016e-06
8,11,-1.7257822083e-05
9,6,3.3096916766e-06
9,7,-2.0321383714e-05
9,8,-1.6738720511e-06
9,9,1.4714790947e-04
9,10,2.7141834894e-05
9,11,-5.1438214352e-06
10,6,-2.0321383714e-05
10,7,1.8125349999e-06
10,8,-2.2510625016e-06
10,9,2.7141834894e-05
10,10,8.5857707661e-05
10,11,-1.6048785581e-05
11,6,-9.3474860725e-05
11,7,1.5899011131e-05
11,8,-1.7257822083e-05
11,9,-5.1438214352e-06
11,10,-1.6048785581e-05
11,11,1.5982661219e-04
12,12,2.3405791913e-04
12,13,8.2680647999e-07
12,14,-4.9281890703e-05
12,15,-8.2360982528e-07
12,16,-5.2920626624e-06
12,17,-1.0214471189e-04
13,12,8.2680647999e-07
13,13,1.8997885606e-04
13,14,-9.0066780119e-07
13,15,-5.2920626624e-06
13,16,-1.0153568627e-06
13,17,1.3323390929e-06
14,12,-4.9281890703e-05
14,13,-9.0066780119e-07
14,14,2.0949338310e-04
14,15,-2.1437970511e-07
14,16,6.9560052927e-07
14,17,-2.9038136766e-05
15,12,-8.2360982528e-07
15,13,-5.2920626624e-06
15,14,-2.1437970511e-07
15,15,1.4269691140e-04
15,16,2.0184867923e-06
15,17,-5.5774780461e-07
16,12,-5.2920626624e-06
16,13,-1.0153568627e-06
16,14,6.9560052927e-07
16,15,2.0184867923e-06
16,16,7.5387338923e-05
16,17,-4.0456949709e-06
17,12,-1.0214471189e-04
17,13,1.3323390929e-06
17,14,-2.9038136766e-05
17,15,-5.5774780461e-07
17,16,-4.0456949709e-06
17,17,1.5835933218e-04
18,18,2.2881676821e-04
18,19,-6.5305435327e-06
18,20,-1.0289158148e-04
18,21,-2.5625976035e-05
18,22,-4.5093942767e-07
18,23,-5.9063152822e-05
19,18,-6.5305435327e-06
19,19,1.3678774001e-04
19,20,-3.3104743750e-06
19,21,-4.5093942767e-07
19,22,-2.5400548033e-05
19,23,2.5623826459e-07
20,18,-1.0289158148e-04
20,19,-3.3104743750e-06
20,20,1.5661231788e-04
20,21,2.5203616780e-07
20,22,-2.7137386065e-08
20,23,-1.8524113733e-05
21,18,-2.5625976035e-05
21,19,-4.5093942767e-07
21,20,2.5203616780e-07
21,21,1.7598907834e-04
21,22,-6.3013570614e-06
21,23,-2.1029146196e-05
22,18,-4.5093942767e-07
22,19,-2.5400548033e-05
22,20,-2.7137386065e-08
22,21,-6.3013570614e-06
22,22,6.9140759152e-05
22,23,2.7651665560e-06
23,18,-5.9063152822e-05
23,19,2.5623826459e-07
23,20,-1.8524113733e-05
23,21,-2.1029146196e-05
23,22,2.7651665560e-06
23,23,1.9215207957e-04
24,24,2.4784123319e-04
24,25,-4.6644254054e-06
24,26,-1.4517572195e-05
24,27,-2.8981451895e-05
24,28,-1.0413226505e-06
24,29,-3.0518879683e-05
25,24,-4.6644254054e-06
25,25,2.3485632187e-04
25,26,-1.2278663861e-05
25,27,-1.0413226505e-06
25,28,-4.2162979274e-05
25,29,2.2833297205e-07
26,24,-1.4517572195e-05
26,25,-1.2278663861e-05
26,26,2.3494961449e-04
26,27,-1.4737395634e-05
26,28,-6.4979940890e-06
26,29,-1.3474805982e-05
27,24,-2.8981451895e-05
27,25,-1.0413226505e-06
27,26,-1.4737395634e-05
27,27,2.2054431736e-04
27,28,-4.4601981866e-06
27,29,-4.7639959709e-05
28,24,-1.0413226505e-06
28,25,-4.2162979274e-05
28,26,-6.4979940890e-06
28,27,-4.4601981866e-06
28,28,1.9677956126e-04
28,29,2.9022162565e-06
29,24,-3.0518879683e-05
29,25,2.2833297205e-07
29,26,-1.3474805982e-05
29,27,-4.7639959709e-05
29,28,2.9022162565e-06
29,29,2.1439297083e-04
30,30,2.3469017895e-04
30,31,-7.6267004143e-07
30,32,-1.0709864842e-04
30,33,2.0207750639e-06
30,34,1.3172152947e-06
30,35,-5.3486651372e-05
31,30,-7.6267004143e-07
31,31,1.3889823568e-04
31,32,-3.6780988788e-07
31,33,1.3172152947e-06
31,34,2.6609571792e-06
31,35,-4.4588513498e-08
32,30,-1.0709864842e-04
32,31,-3.6780988788e-07
32,32,1.6041313995e-04
32,33,7.1574536389e-07
32,34,3.6307581301e-07
32,35,-2.8423460548e-05
33,30,2.0207750639e-06
33,31,1.3172152947e-06
33,32,7.1574536389e-07
33,33,1.8685026361e-04
33,34,-8.0255122031e-07
33,35,6.4986135460e-07
34,30,1.3172152947e-06
34,31,2.6609571792e-06
34,32,3.6307581301e-07
34,33,-8.0255122031e-07
34,34,6.8319551900e-05
34,35,5.6978774044e-07
35,30,-5.3486651372e-05
35,31,-4.4588513498e-08
35,32,-2.8423460548e-05
35,33,6.4986135460e-07
35,34,5.6978774044e-07
35,35,2.0967494950e-04
36,36,2.3349911147e-04
36,37,7.5181879458e-07
36,38,-6.3491892281e-05
36,39,1.4986901418e-07
36,40,4.2709213250e-06
36,41,-1.0227614654e-04
37,36,7.5181879458e-07
37,37,1.7671023661e-04
37,38,3.6762817568e-06
37,39,4.2709213250e-06
37,40,1.5022989179e-06
37,41,-2.4407560748e-06
38,36,-6.3491892281e-05
38,37,3.6762817568e-06
38,38,1.9207214759e-04
38,39,1.5120625998e-06
38,40,1.2876487555e-06
38,41,-2.0673011271e-05
39,36,1.4986901418e-07
39,37,4.2709213250e-06
39,38,1.5120625998e-06
39,39,1.4202054502e-04
39,40,-1.4312598053e-06
39,41,-1.1078927594e-06
40,36,4.2709213250e-06
40,37,1.5022989179e-06
40,38,1.2876487555e-06
40,39,-1.4312598053e-06
40,40,6.8693261136e-05
40,41,1.5057673431e-06
41,36,-1.0227614654e-04
41,37,-2.4407560748e-06
41,38,-2.0673011271e-05
41,39,-1.1078927594e-06
41,40,1.5057673431e-06
41,41,1.5893235536e-04
42,42,2.1961530069e-04
42,43,-5.1072158889e-05
42,44,-3.9707266635e-05
42,45,4.4585283127e-06
42,46,4.8252040994e-06
42,47,-2.6057864047e-05
43,42,-5.1072158889e-05
43,43,1.8410004173e-04
43,44,-6.3997330743e-05
43,45,4.8252040994e-06
43,46,4.4746632227e-06
43,47,-2.4537873406e-05
44,42,-3.9707266635e-05
44,43,-6.3997330743e-05
44,44,1.9092803480e-04
44,45,1.8039377804e-08
44,46,-7.8891634287e-08
44,47,-7.5120925182e-06
45,42,4.4585283127e-06
45,43,4.8252040994e-06
45,44,1.8039377804e-08
45,45,1.9630843855e-04
45,46,-7.3019500073e-05
45,47,3.8970489424e-06
46,42,4.8252040994e-06
46,43,4.4746632227e-06
46,44,-7.8891634287e-08
46,45,-7.3019500073e-05
46,46,1.5478350557e-04
46,47,4.4875500758e-06
47,42,-2.6057864047e-05
47,43,-2.4537873406e-05
47,44,-7.5120925182e-06
47,45,3.8970489424e-06
47,46,4.4875500758e-06
47,47,2.0118805864e-04
48,48,2.3073044131e-04
48,49,2.3427311754e-06
48,50,-8.4378343849e-05
48,51,-1.2558693398e-06
48,52,-5.8442852934e-06
48,53,-6.5029697194e-05
49,48,2.3427311754e-06
49,49,1.5526015624e-04
49,50,9.1071080426e-07
49,51,-5.8442852934e-06
49,52,-3.8748223254e-06
49,53,1.8213469645e-06
50,48,-8.4378343849e-05
50,49,9.1071080426e-07
50,50,1.5595112883e-04
50,51,-2.9280784528e-06
50,52,-1.0051312121e-06
50,53,-1.5812324648e-05
51,48,-1.2558693398e-06
51,49,-5.8442852934e-06
51,50,-2.9280784528e-06
51,51,1.7256611192e-04
51,52,3.9717934247e-06
51,53,1.5582277169e-06
52,48,-5.8442852934e-06
52,49,-3.8748223254e-06
52,50,-1.0051312121e-06
52,51,3.9717934247e-06
52,52,8.4445967130e-05
52,53,-4.6102267992e-06
53,48,-6.5029697194e-05
53,49,1.8213469645e-06
53,50,-1.5812324648e-05
53,51,1.5582277169e-06
53,52,-4.6102267992e-06
53,53,1.7555884269e-04
54,54,2.4358144567e-04
54,55,8.0444608257e-06
54,56,-5.9680374789e-05
54,57,1.6954016448e-05
54,58,1.8553405246e-05
54,59,-9.3055739541e-05
55,54,8.0444608257e-06
55,55,1.9020169569e-04
55,56,1.7308437856e-05
55,57,1.8553405246e-05
55,58,1.8237201499e-05
55,59,-4.2566416659e-06
56,54,-5.9680374789e-05
56,55,1.7308437856e-05
56,56,1.9360749769e-04
56,57,1.4346445009e-06
56,58,5.0089311026e-06
56,59,-1.7200748106e-05
57,54,1.6954016448e-05
57,55,1.8553405246e-05
57,56,1.4346445009e-06
57,57,1.6034986195e-04
57,58,4.2372047774e-06
57,59,1.3368310719e-05
58,54,1.8553405246e-05
58,55,1.8237201499e-05
58,56,5.0089311026e-06
58,57,4.2372047774e-06
58,58,9.3209513481e-05
58,59,1.2798102297e-05
59,54,-9.3055739541e-05
59,55,-4.2566416659e-06
59,56,-1.7200748106e-05
59,57,1.3368310719e-05
59,58,1.2798102297e-05
59,59,1.6600651484e-04
60,60,2.4474238619e-04
60,61,-8.3890421591e-06
60,62,-6.2827845045e-05
60,63,1.0454626892e-05
60,64,5.2215814258e-06
60,65,-9.0259937462e-05
61,60,-8.3890421591e-06
61,61,1.8854745323e-04
61,62,-1.2114570122e-05
61,63,5.2215814258e-06
61,64,1.4106774729e-05
61,65,3.3333995188e-06
62,60,-6.2827845045e-05
62,61,-1.2114570122e-05
62,62,1.9315008475e-04
62,63,4.0832254129e-06
62,64,4.8552195325e-08
62,65,-1.9183628116e-05
63,60,1.0454626892e-05
63,61,5.2215814258e-06
63,62,4.0832254129e-06
63,63,1.6401144387e-04
63,64,-5.4075589910e-06
63,65,6.2519096776e-06
64,60,5.2215814258e-06
64,61,1.4106774729e-05
64,62,4.8552195325e-08
64,63,-5.4075589910e-06
64,64,9.2469608418e-05
64,65,2.9448901719e-06
65,60,-9.0259937462e-05
65,61,3.3333995188e-06
65,62,-1.9183628116e-05
65,63,6.2519096776e-06
65,64,2.9448901719e-06
65,65,1.6538938479e-04
66,66,2.3526476336e-04
66,67,1.3291514136e-06
66,68,-5.0032727494e-05
66,69,-3.4488909876e-07
66,70,-7.0639593112e-07
66,71,-1.0417812930e-04
67,66,1.3291514136e-06
67,67,1.9051413145e-04
67,68,8.6155822453e-07
67,69,-7.0639593112e-07
67,70,-4.4839403472e-07
67,71,3.0109275061e-07
68,66,-5.0032727494e-05
68,67,8.6155822453e-07
68,68,2.1195058516e-04
68,69,-1.1572203641e-07
68,70,1.7945698778e-07
68,71,-2.9859419920e-05
69,66,-3.4488909876e-07
69,67,-7.0639593112e-07
69,68,-1.1572203641e-07
69,69,1.4208501181e-04
69,70,1.5984569568e-06
69,71,-1.6211876209e-07
70,66,-7.0639593112e-07
70,67,-4.4839403472e-07
70,68,1.7945698778e-07
70,69,1.5984569568e-06
70,70,7.3446843965e-05
70,71,-5.9774624105e-07
71,66,-1.0417812930e-04
71,67,3.0109275061e-07
71,68,-2.9859419920e-05
71,69,-1.6211876209e-07
71,70,-5.9774624105e-07
71,71,1.5962450779e-04
72,72,2.3937521966e-04
72,73,5.5258012356e-07
72,74,-4.6601895520e-05
72,75,-3.1597130758e-06
72,76,-3.2816424114e-06
72,77,-9.9989815872e-05
73,72,5.5258012356e-07
73,73,1.9769321715e-04
73,74,-2.6397780363e-06
73,75,-3.2816424114e-06
73,76,-4.7998888095e-06
73,77,2.4341244295e-06
74,72,-4.6601895520e-05
74,73,-2.6397780363e-06
74,74,2.1572542164e-04
74,75,-1.8337722178e-06
74,76,4.3300374715e-07
74,77,-3.0614459014e-05
75,72,-3.1597130758e-06
75,73,-3.2816424114e-06
75,74,-1.8337722178e-06
75,75,1.4994160952e-04
75,76,2.7297271996e-06
75,77,-1.3997391790e-06
76,72,-3.2816424114e-06
76,73,-4.7998888095e-06
76,74,4.3300374715e-07
76,75,2.7297271996e-06
76,76,8.3768039803e-05
76,77,-2.8311484400e-06
77,72,-9.9989815872e-05
77,73,2.4341244295e-06
77,74,-3.0614459014e-05
77,75,-1.3997391790e-06
77,76,-2.8311484400e-06
77,77,1.6079247466e-04
78,78,2.3285452768e-04
78,79,-2.5056695139e-05
78,80,-7.4809133750e-05
78,81,-1.4089951282e-05
78,82,-1.0527495492e-06
78,83,-1.0428912909e-04
79,78,-2.5056695139e-05
79,79,1.6594320431e-04
79,80,-1.4619353872e-05
79,81,-1.0527495492e-06
79,82,-1.8335992890e-05
79,83,-2.3729620809e-07
80,78,-7.4809133750e-05
80,79,-1.4619353872e-05
80,80,1.8117831614e-04
80,81,-4.7472188358e-06
80,82,-1.3562354551e-06
80,83,-9.2477445449e-06
81,78,-1.4089951282e-05
81,79,-1.0527495492e-06
81,80,-4.7472188358e-06
81,81,1.3957549489e-04
81,82,-2.5268939320e-05
81,83,-2.7530848505e-06
82,78,-1.0527495492e-06
82,79,-1.8335992890e-05
82,80,-1.3562354551e-06
82,81,-2.5268939320e-05
82,82,6.5265975892e-05
82,83,6.2069949266e-06
83,78,-1.0428912909e-04
83,79,-2.3729620809e-07
83,80,-9.2477445449e-06
83,81,-2.7530848505e-06
83,82,6.2069949266e-06
83,83,1.6063016390e-04
84,84,2.3921428406e-04
84,85,-5.4121601417e-07
84,86,-5.1208267822e-05
84,87,-3.1810605201e-06
84,88,-5.0179696134e-06
84,89,-1.0356755967e-04
85,84,-5.4121601417e-07
85,85,1.9341221691e-04
85,86,8.4636296803e-07
85,87,-5.0179696134e-06
85,88,-3.7316675008e-06
85,89,-9.5112906342e-07
86,84,-5.1208267822e-05
86,85,8.4636296803e-07
86,86,2.1195671690e-04
86,87,-6.1559731886e-07
86,88,1.0286909931e-06
86,89,-2.8775964372e-05
87,84,-3.1810605201e-06
87,85,-5.0179696134e-06
87,86,-6.1559731886e-07
87,87,1.4658064259e-04
87,88,-1.3919317106e-06
87,89,-1.7060222332e-06
88,84,-5.0179696134e-06
88,85,-3.7316675008e-06
88,86,1.0286909931e-06
88,87,-1.3919317106e-06
88,88,7.7757803945e-05
88,89,-4.0905415481e-06
89,84,-1.0356755967e-04
89,85,-9.5112906342e-07
89,86,-2.8775964372e-05
89,87,-1.7060222332e-06
89,88,-4.0905415481e-06
89,89,1.6168051327e-04
90,90,2.3593910269e-04
90,91,-2.4432611595e-06
90,92,-4.8642835425e-05
90,93,4.3674966385e-06
90,94,7.8244748450e-06
90,95,-1.0020685305e-04
91,90,-2.4432611595e-06
91,91,1.9243162804e-04
91,92,-5.7627703216e-07
91,93,7.8244748450e-06
91,94,5.3645624424e-06
91,95,-1.1679126820e-06
92,90,-4.8642835425e-05
92,91,-5.7627703216e-07
92,92,2.0901162253e-04
92,93,1.1147534578e-06
92,94,-2.1524372849e-06
92,95,-2.8058881633e-05
93,90,4.3674966385e-06
93,91,7.8244748450e-06
93,92,1.1147534578e-06
93,93,1.4631136860e-04
93,94,-3.4878740190e-06
93,95,2.0475897622e-06
94,90,7.8244748450e-06
94,91,5.3645624424e-06
94,92,-2.1524372849e-06
94,93,-3.4878740190e-06
94,94,8.0356788642e-05
94,95,6.8854385395e-06
95,90,-1.0020685305e-04
95,91,-1.1679126820e-06
95,92,-2.8058881633e-05
95,93,2.0475897622e-06
95,94,6.8854385395e-06
95,95,1.5895624338e-04
96,96,2.3711685930e-04
96,97,-9.2799932648e-06
96,98,-5.4632836013e-05
96,99,1.5566559351e-06
96,100,4.6325855229e-06
96,101,-9.4563186698e-05
97,96,-9.2799932648e-06
97,97,1.8825176525e-04
97,98,-8.5621237696e-06
97,99,4.6325855229e-06
97,100,9.8531711371e-07
97,101,-1.0876957912e-06
98,96,-5.4632836013e-05
98,97,-8.5621237696e-06
98,98,1.9903465476e-04
98,99,-6.3877622136e-07
98,100,-1.0077237517e-06
98,101,-2.3719222959e-05
99,96,1.5566559351e-06
99,97,4.6325855229e-06
99,98,-6.3877622136e-07
99,99,1.5253697385e-04
99,100,-1.0252857956e-05
99,101,9.9367561515e-07
100,96,4.6325855229e-06
100,97,9.8531711371e-07
100,98,-1.0077237517e-06
100,99,-1.0252857956e-05
100,100,8.4696501429e-05
100,101,4.3710910238e-06
101,96,-9.4563186698e-05
101,97,-1.0876957912e-06
101,98,-2.3719222959e-05
101,99,9.9367561515e-07
101,100,4.3710910238e-06
101,101,1.5924609091e-04
102,102,2.4091999091e-04
102,103,-2.0746528594e-05
102,104,-5.9159354385e-05
102,105,-8.2597707721e-06
102,106,-1.0957469167e-05
102,107,-1.0276955232e-04
103,102,-2.0746528594e-05
103,103,1.8800625575e-04
103,104,-2.1406101317e-05
103,105,-1.0957469167e-05
103,106,-6.8165913518e-06
103,107,2.5283435838e-06
104,102,-5.9159354385e-05
104,103,-2.1406101317e-05
104,104,2.0441271093e-04
104,105,1.6135236438e-06
104,106,-2.7367129092e-06
104,107,-2.2541597928e-05
105,102,-8.2597707721e-06
105,103,-1.0957469167e-05
105,104,1.6135236438e-06
105,105,1.4900010891e-04
105,106,-1.8485109344e-05
105,107,-4.0050413902e-06
106,102,-1.0957469167e-05
106,103,-6.8165913518e-06
106,104,-2.7367129092e-06
106,105,-1.8485109344e-05
106,106,7.8053095403e-05
106,107,-3.6518221491e-06
107,102,-1.0276955232e-04
107,103,2.5283435838e-06
107,104,-2.2541597928e-05
107,105,-4.0050413902e-06
107,106,-3.6518221491e-06
107,107,1.6396031850e-04
108,108,2.4550520868e-04
108,109,-6.3362509233e-06
108,110,-7.9339192456e-05
108,111,-7.5610085028e-07
108,112,4.8275705210e-06
108,113,-9.4286824413e-05
109,108,-6.3362509233e-06
109,109,1.7454207764e-04
109,110,-6.2609815458e-06
109,111,4.8275705210e-06
109,112,-1.1392229403e-08
109,113,9.9879989076e-07
110,108,-7.9339192456e-05
110,109,-6.2609815458e-06
110,110,1.8205850464e-04
110,111,8.3260954985e-07
110,112,9.6638221259e-06
110,113,-1.2601568103e-05
111,108,-7.5610085028e-07
111,109,4.8275705210e-06
111,110,8.3260954985e-07
111,111,1.6117250917e-04
111,112,-5.4428971426e-06
111,113,-1.4264769349e-06
112,108,4.8275705210e-06
112,109,-1.1392229403e-08
112,110,9.6638221259e-06
112,111,-5.4428971426e-06
112,112,8.0128123645e-05
112,113,-4.1586584271e-06
113,108,-9.4286824413e-05
113,109,9.9879989076e-07
113,110,-1.2601568103e-05
113,111,-1.4264769349e-06
113,112,-4.1586584271e-06
113,113,1.6602243277e-04
114,114,2.3606517360e-04
114,115,1.1508440272e-06
114,116,-4.1459649387e-05
114,117,2.6609468719e-07
114,118,-1.0326195203e-06
114,119,-9.4153326382e-05
115,114,1.1508440272e-06
115,115,1.9898253586e-04
115,116,1.8476007219e-06
115,117,-1.0326195203e-06
115,118,6.3346002731e-07
115,119,-3.5579951513e-07
116,114,-4.1459649387e-05
116,115,1.8476007219e-06
116,116,2.1585042856e-04
116,117,4.1072693655e-07
116,118,1.4189813814e-07
116,119,-3.1592690929e-05
117,114,2.6609468719e-07
117,115,-1.0326195203e-06
117,116,4.1072693655e-07
117,117,1.5185187836e-04
117,118,8.3260726636e-07
117,119,-3.9633554965e-08
118,114,-1.0326195203e-06
118,115,6.3346002731e-07
118,116,1.4189813814e-07
118,117,8.3260726636e-07
118,118,8.9495087877e-05
118,119,-9.2768408877e-07
119,114,-9.4153326382e-05
119,115,-3.5579951513e-07
119,116,-3.1592690929e-05
119,117,-3.9633554965e-08
119,118,-9.2768408877e-07
119,119,1.5776743762e-04
120,120,2.2190951551e-04
120,121,-2.7902397078e-06
120,122,-4.6076374122e-05
120,123,-3.3177605989e-06
120,124,-9.6927330213e-08
120,125,-7.0622369922e-05
121,120,-2.7902397078e-06
121,121,1.8069755364e-04
121,122,1.2857282589e-05
121,123,-9.6927330213e-08
121,124,-4.4329895979e-06
121,125,-1.5655207123e-05
122,120,-4.6076374122e-05
122,121,1.2857282589e-05
122,122,1.7651478442e-04
122,123,-1.2468639261e-06
122,124,8.2322320551e-06
122,125,-1.4432920209e-05
123,120,-3.3177605989e-06
123,121,-9.6927330213e-08
123,122,-1.2468639261e-06
123,123,1.5874294756e-04
123,124,-1.6792682639e-05
123,125,-4.9610331315e-07
124,120,-9.6927330213e-08
124,121,-4.4329895979e-06
124,122,8.2322320551e-06
124,123,-1.6792682639e-05
124,124,1.0598464952e-04
124,125,-7.4686835398e-06
125,120,-7.0622369922e-05
125,121,-1.5655207123e-05
125,122,-1.4432920209e-05
125,123,-4.9610331315e-07
125,124,-7.4686835398e-06
125,125,1.5072864005e-04
126,126,2.4144463504e-04
126,127,3.0716193103e-05
126,128,-6.4279530765e-05
126,129,1.1670714910e-05
126,130,-1.3839928929e-05
126,131,-1.0271285387e-04
127,126,3.0716193103e-05
127,127,1.8395127489e-04
127,128,2.8180602799e-05
127,129,-1.3839928929e-05
127,130,1.0576596780e-05
127,131,-3.6733429386e-06
128,126,-6.4279530765e-05
128,127,2.8180602799e-05
128,128,2.0094750940e-04
128,129,-1.2232612564e-06
128,130,-2.6695489060e-06
128,131,-1.7926106825e-05
129,126,1.1670714910e-05
129,127,-1.3839928929e-05
129,128,-1.2232612564e-06
129,129,1.4957546567e-04
129,130,2.7430655297e-05
129,131,2.9552571615e-06
130,126,-1.3839928929e-05
130,127,1.0576596780e-05
130,128,-2.6695489060e-06
130,129,2.7430655297e-05
130,130,7.7741220070e-05
130,131,-2.8869417120e-06
131,126,-1.0271285387e-04
131,127,-3.6733429386e-06
131,128,-1.7926106825e-05
131,129,2.9552571615e-06
131,130,-2.8869417120e-06
131,131,1.6560723971e-04
132,132,2.3454452848e-04
132,133,3.9884987184e-07
132,134,-5.0828298230e-05
132,135,-2.6073622630e-07
132,136,2.2607871897e-06
132,137,-1.0458143694e-04
133,132,3.9884987184e-07
133,133,1.8908231647e-04
133,134,1.2481347702e-07
133,135,2.2607871897e-06
133,136,-2.7151282620e-07
133,137,1.4020346083e-07
134,132,-5.0828298230e-05
134,133,1.2481347702e-07
134,134,2.1062952908e-04
134,135,-1.2048604971e-08
134,136,-1.1957629579e-07
134,137,-2.9341598156e-05
135,132,-2.6073622630e-07
135,133,2.2607871897e-06
135,134,-1.2048604971e-08
135,135,1.4100404761e-04
135,136,5.2425165947e-07
135,137,-1.3723599935e-07
136,132,2.2607871897e-06
136,133,-2.7151282620e-07
136,134,-1.1957629579e-07
136,135,5.2425165947e-07
136,136,7.2068557076e-05
136,137,1.4998218269e-06
137,132,-1.0458143694e-04
137,133,1.4020346083e-07
137,134,-2.9341598156e-05
137,135,-1.3723599935e-07
137,136,1.4998218269e-06
137,137,1.5938664337e-04
138,138,2.3472913251e-04
138,139,-1.3387571689e-05
138,140,-6.1560724322e-05
138,141,4.1112114752e-06
138,142,1.1686389825e-05
138,143,-9.3816580519e-05
139,138,-1.3387571689e-05
139,139,1.7966754678e-04
139,140,-2.2572394269e-05
139,141,1.1686389825e-05
139,142,-6.2490949854e-07
139,143,9.3886445255e-06
140,138,-6.1560724322e-05
140,139,-2.2572394269e-05
140,140,1.9155916733e-04
140,141,-5.2951442234e-06
140,142,-2.9431301152e-06
140,143,-2.0276270045e-05
141,138,4.1112114752e-06
141,139,1.1686389825e-05
141,140,-5.2951442234e-06
141,141,1.5081703193e-04
141,142,-4.9901127388e-06
141,143,6.8199317980e-06
142,138,1.1686389825e-05
142,139,-6.2490949854e-07
142,140,-2.9431301152e-06
142,141,-4.9901127388e-06
142,142,7.9534430163e-05
142,143,1.1549066257e-05
143,138,-9.3816580519e-05
143,139,9.3886445255e-06
143,140,-2.0276270045e-05
143,141,6.8199317980e-06
143,142,1.1549066257e-05
143,143,1.6028114913e-04
144,144,2.2458031046e-04
144,145,3.9037773048e-06
144,146,-9.6404955761e-05
144,147,1.0133501183e-05
144,148,-1.9888048210e-05
144,149,-4.9697470307e-05
145,144,3.9037773048e-06
145,145,1.3835309668e-04
145,146,2.3995638289e-06
145,147,-1.9888048210e-05
145,148,1.9857541874e-05
145,149,-7.7475778589e-06
146,144,-9.6404955761e-05
146,145,2.3995638289e-06
146,146,1.5228864026e-04
146,147,1.0871808000e-05
146,148,-1.0300600795e-05
146,149,-1.8454948555e-05
147,144,1.0133501183e-05
147,145,-1.9888048210e-05
147,146,1.0871808000e-05
147,147,1.8012954169e-04
147,148,-3.0258669966e-06
147,149,-3.7461996231e-06
148,144,-1.9888048210e-05
148,145,1.9857541874e-05
148,146,-1.0300600795e-05
148,147,-3.0258669966e-06
148,148,7.9138369067e-05
148,149,-6.3358279414e-06
149,144,-4.9697470307e-05
149,145,-7.7475778589e-06
149,146,-1.8454948555e-05
149,147,-3.7461996231e-06
149,148,-6.3358279414e-06
149,149,1.8960555441e-04
150,150,2.3486924337e-04
150,151,1.3912692048e-06
150,152,-4.6922474935e-05
150,153,-9.0105259212e-07
150,154,-1.0538265972e-06
150,155,-1.0151764594e-04
151,150,1.3912692048e-06
151,151,1.9290050592e-04
151,152,9.0403766909e-07
151,153,-1.0538265972e-06
151,154,-1.2905332838e-06
151,155,4.0836352634e-07
152,150,-4.6922474935e-05
152,151,9.0403766909e-07
152,152,2.1349846543e-04
152,153,-4.3545265126e-07
152,154,7.8015909355e-08
152,155,-3.0893048820e-05
153,150,-9.0105259212e-07
153,151,-1.0538265972e-06
153,152,-4.3545265126e-07
153,153,1.4406910048e-04
153,154,1.7565206465e-06
153,155,-3.7966707638e-07
154,150,-1.0538265972e-06
154,151,-1.2905332838e-06
154,152,7.8015909355e-08
154,153,1.7565206465e-06
154,154,7.7385923972e-05
154,155,-8.0651051523e-07
155,150,-1.0151764594e-04
155,151,4.0836352634e-07
155,152,-3.0893048820e-05
155,153,-3.7966707638e-07
155,154,-8.0651051523e-07
155,155,1.5858545100e-04
156,156,2.3413497653e-04
156,157,-3.8654467677e-06
156,158,-9.6220365071e-05
156,159,4.4692065062e-08
156,160,-3.2690748671e-06
156,161,-5.8985188265e-05
157,156,-3.8654467677e-06
157,157,1.4807286568e-04
157,158,-2.7466437025e-06
157,159,-3.2690748671e-06
157,160,-9.3443669931e-07
157,161,-2.1524492223e-07
158,156,-9.6220365071e-05
158,157,-2.7466437025e-06
158,158,1.5786617522e-04
158,159,-1.0946992379e-06
158,160,-3.1108120042e-06
158,161,-2.1539151630e-05
159,156,4.4692065062e-08
159,157,-3.2690748671e-06
159,158,-1.0946992379e-06
159,159,1.8137702028e-04
159,160,-4.0579676788e-06
159,161,1.3052374023e-06
160,156,-3.2690748671e-06
160,157,-9.3443669931e-07
160,158,-3.1108120042e-06
160,159,-4.0579676788e-06
160,160,7.8083588130e-05
160,161,1.1913347237e-06
161,156,-5.8985188265e-05
161,157,-2.1524492223e-07
161,158,-2.1539151630e-05
161,159,1.3052374023e-06
161,160,1.1913347237e-06
161,161,1.9172812089e-04
162,162,2.3709877581e-04
162,163,-7.6154121188e-06
162,164,-3.2701789527e-05
162,165,6.6539627618e-05
162,166,5.2667144218e-06
162,167,-4.6112664579e-05
163,162,-7.6154121188e-06
163,163,2.0784940606e-04
163,164,-6.0858021534e-06
163,165,5.2667144218e-06
163,166,9.2352772225e-05
163,167,1.0314636491e-06
164,162,-3.2701789527e-05
164,163,-6.0858021534e-06
164,164,2.1576297753e-04
164,165,2.8859973028e-05
164,166,-2.7851742902e-07
164,167,-4.0938380246e-06
165,162,6.6539627618e-05
165,163,5.2667144218e-06
165,164,2.8859973028e-05
165,165,1.9585435476e-04
165,166,-6.6928429845e-06
165,167,7.4925928514e-05
166,162,5.2667144218e-06
166,163,9.2352772225e-05
166,164,-2.7851742902e-07
166,165,-6.6928429845e-06
166,166,1.6332991459e-04
166,167,1.3024235553e-06
167,162,-4.6112664579e-05
167,163,1.0314636491e-06
167,164,-4.0938380246e-06
167,165,7.4925928514e-05
167,166,1.3024235553e-06
167,167,2.1001862135e-04
168,168,2.2372925372e-04
168,169,-5.8036868012e-07
168,170,-2.8627316965e-05
168,171,4.6998861807e-05
168,172,6.7977396104e-06
168,173,-3.7465098270e-05
169,168,-5.8036868012e-07
169,169,1.9812420302e-04
169,170,8.0929294628e-06
169,171,6.7977396104e-06
169,172,6.7391878991e-05
169,173,-7.1256210754e-06
170,168,-2.8627316965e-05
170,169,8.0929294628e-06
170,170,1.9893383149e-04
170,171,2.2800086345e-05
170,172,2.5542255528e-06
170,173,-6.8778943621e-06
171,168,4.6998861807e-05
171,169,6.7977396104e-06
171,170,2.2800086345e-05
171,171,1.9021945111e-04
171,172,-6.9537179227e-06
171,173,6.1564192277e-05
172,168,6.7977396104e-06
172,169,6.7391878991e-05
172,170,2.5542255528e-06
172,171,-6.9537179227e-06
172,172,1.5911208492e-04
172,173,3.5755934401e-06
173,168,-3.7465098270e-05
173,169,-7.1256210754e-06
173,170,-6.8778943621e-06
173,171,6.1564192277e-05
173,172,3.5755934401e-06
173,173,1.9369763792e-04
174,174,2.4252983964e-04
174,175,6.9952610508e-06
174,176,-6.4738939607e-05
174,177,-7.0113542348e-07
174,178,-3.1395924826e-06
174,179,-1.0429103588e-04
175,174,6.9952610508e-06
175,175,1.8462557174e-04
175,176,1.1322942066e-05
175,177,-3.1395924826e-06
175,178,7.1496778586e-07
175,179,-4.0812040031e-06
176,174,-6.4738939607e-05
176,175,1.1322942066e-05
176,176,1.9895412120e-04
176,177,1.5832515196e-06
176,178,-1.7597313898e-07
176,179,-2.1344093475e-05
177,174,-7.0113542348e-07
177,175,-3.1395924826e-06
177,176,1.5832515196e-06
177,177,1.4924910137e-04
177,178,3.3449212184e-06
177,179,-1.6127403468e-06
178,174,-3.1395924826e-06
178,175,7.1496778586e-07
178,176,-1.7597313898e-07
178,177,3.3449212184e-06
178,178,7.4269558689e-05
178,179,-2.0277117768e-06
179,174,-1.0429103588e-04
179,175,-4.0812040031e-06
179,176,-2.1344093475e-05
179,177,-1.6127403468e-06
179,178,-2.0277117768e-06
179,179,1.6422723015e-04
180,180,2.3583060049e-04
180,181,-4.1612449726e-06
180,182,-9.0735323843e-05
180,183,-2.5813080230e-06
180,184,-3.2116341907e-06
180,185,-7.3577536892e-05
181,180,-4.1612449726e-06
181,181,1.5467445966e-04
181,182,-2.1158635713e-06
181,183,-3.2116341907e-06
181,184,-1.4317257676e-06
181,185,-1.4011043279e-06
182,180,-9.0735323843e-05
182,181,-2.1158635713e-06
182,182,1.6114834477e-04
182,183,1.2852720344e-06
182,184,-1.9866109005e-06
182,185,-1.4307686531e-05
183,180,-2.5813080230e-06
183,181,-3.2116341907e-06
183,182,1.2852720344e-06
183,183,1.7002085085e-04
183,184,-5.4144307809e-06
183,185,-3.5581828516e-06
184,180,-3.2116341907e-06
184,181,-1.4317257676e-06
184,182,-1.9866109005e-06
184,183,-5.4144307809e-06
184,184,7.7418560797e-05
184,185,-9.1873189860e-08
185,180,-7.3577536892e-05
185,181,-1.4011043279e-06
185,182,-1.4307686531e-05
185,183,-3.5581828516e-06
185,184,-9.1873189860e-08
185,185,1.7562084797e-04
186,186,2.3359283504e-04
186,187,-7.5586536607e-06
186,188,-8.5237343264e-05
186,189,1.2330614228e-06
186,190,3.6688784956e-06
186,191,-8.5651298548e-05
187,186,-7.5586536607e-06
187,187,1.5735423754e-04
187,188,-1.0845519654e-05
187,189,3.6688784956e-06
187,190,-2.7846628248e-06
187,191,5.6031520798e-06
188,186,-8.5237343264e-05
188,187,-1.0845519654e-05
188,188,1.6821057642e-04
188,189,-4.4919522663e-06
188,190,-5.2246831874e-06
188,191,-1.2224307196e-05
189,186,1.2330614228e-06
189,187,3.6688784956e-06
189,188,-4.4919522663e-06
189,189,1.5698398467e-04
189,190,-2.5470420852e-06
189,191,5.3114546455e-06
190,186,3.6688784956e-06
190,187,-2.7846628248e-06
190,188,-5.2246831874e-06
190,189,-2.5470420852e-06
190,190,7.0965941413e-05
190,191,8.0760453994e-06
191,186,-8.5651298548e-05
191,187,5.6031520798e-06
191,188,-1.2224307196e-05
191,189,5.3114546455e-06
191,190,8.0760453994e-06
191,191,1.6518087096e-04
192,192,2.4090127205e-04
192,193,2.9903991045e-06
192,194,-1.0399254568e-04
192,195,3.1511974695e-05
192,196,-1.5351175625e-05
192,197,-5.7041437737e-05
193,192,2.9903991045e-06
193,193,1.4788751153e-04
193,194,-3.6191691884e-06
193,195,-1.5351175625e-05
193,196,4.1834235744e-05
193,197,-4.0431816090e-06
194,192,-1.0399254568e-04
194,193,-3.6191691884e-06
194,194,1.6646986007e-04
194,195,1.1540638694e-05
194,196,-8.5896914950e-06
194,197,-1.4964516608e-05
195,192,3.1511974695e-05
195,193,-1.5351175625e-05
195,194,1.1540638694e-05
195,195,1.8988185912e-04
195,196,-6.2593246477e-07
195,197,1.4006150203e-05
196,192,-1.5351175625e-05
196,193,4.1834235744e-05
196,194,-8.5896914950e-06
196,195,-6.2593246477e-07
196,196,8.4896485320e-05
196,197,-4.3823228945e-06
197,192,-5.7041437737e-05
197,193,-4.0431816090e-06
197,194,-1.4964516608e-05
197,195,1.4006150203e-05
197,196,-4.3823228945e-06
197,197,2.0031526613e-04
198,198,2.3310375645e-04
198,199,-9.1606003249e-07
198,200,-4.8124196639e-05
198,201,-5.1697673482e-07
198,202,5.2249664392e-06
198,203,-9.9214317378e-05
199,198,-9.1606003249e-07
199,199,1.9006016643e-04
199,200,4.6002292940e-07
199,201,5.2249664392e-06
199,202,-2.4991299731e-07
199,203,-1.0643133355e-06
200,198,-4.8124196639e-05
200,199,4.6002292940e-07
200,200,2.0769423047e-04
200,201,2.9858633569e-07
200,202,3.6840747791e-07
200,203,-2.8695503233e-05
201,198,-5.1697673482e-07
201,199,5.2249664392e-06
201,200,2.9858633569e-07
201,201,1.4436377325e-04
201,202,-1.8680108195e-06
201,203,-6.8457484489e-07
202,198,5.2249664392e-06
202,199,-2.4991299731e-07
202,200,3.6840747791e-07
202,201,-1.8680108195e-06
202,202,7.8363780642e-05
202,203,3.5506208093e-06
203,198,-9.9214317378e-05
203,199,-1.0643133355e-06
203,200,-2.8695503233e-05
203,201,-6.8457484489e-07
203,202,3.5506208093e-06
203,203,1.5700942619e-04
204,204,2.3596667551e-04
204,205,8.2296432158e-07
204,206,-5.1592379933e-05
204,207,6.9492973140e-07
204,208,1.6209834793e-06
204,209,-1.0471616683e-04
205,204,8.2296432158e-07
205,205,1.8982104805e-04
205,206,4.7272955471e-07
205,207,1.6209834793e-06
205,208,9.8817722125e-07
205,209,2.1103079361e-07
206,204,-5.1592379933e-05
206,205,4.7272955471e-07
206,206,2.1076599406e-04
206,207,3.2786066077e-07
206,208,-2.7347969153e-07
206,209,-2.9051112296e-05
207,204,6.9492973140e-07
207,205,1.6209834793e-06
207,206,3.2786066077e-07
207,207,1.4230568855e-04
207,208,1.0117160015e-06
207,209,2.5738093743e-07
208,204,1.6209834793e-06
208,205,9.8817722125e-07
208,206,-2.7347969153e-07
208,207,1.0117160015e-06
208,208,7.2919171256e-05
208,209,1.1971257843e-06
209,204,-1.0471616683e-04
209,205,2.1103079361e-07
209,206,-2.9051112296e-05
209,207,2.5738093743e-07
209,208,1.1971257843e-06
209,209,1.6018414506e-04
210,210,2.5375828602e-04
210,211,-2.9281298293e-06
210,212,-6.4798431261e-05
210,213,-3.7772415209e-08
210,214,-5.5116872735e-06
210,215,-1.0493357960e-04
211,210,-2.9281298293e-06
211,211,1.9580080717e-04
211,212,-2.3100493485e-06
211,213,-5.5116872735e-06
211,214,1.2900735325e-06
211,215,-4.3148164307e-07
212,210,-6.4798431261e-05
212,211,-2.3100493485e-06
212,212,2.0333599777e-04
212,213,1.4845769013e-06
212,214,1.0964405435e-05
212,215,-2.0797005572e-05
213,210,-3.7772415209e-08
213,211,-5.5116872735e-06
213,212,1.4845769013e-06
213,213,1.5990283918e-04
213,214,-3.3140587433e-06
213,215,-1.1026280188e-06
214,210,-5.5116872735e-06
214,211,1.2900735325e-06
214,212,1.0964405435e-05
214,213,-3.3140587433e-06
214,214,8.5307755866e-05
214,215,-1.2470860195e-05
215,210,-1.0493357960e-04
215,211,-4.3148164307e-07
215,212,-2.0797005572e-05
215,213,-1.1026280188e-06
215,214,-1.2470860195e-05
215,215,1.7246976230e-04
216,216,2.3373567185e-04
216,217,-2.3214769342e-06
216,218,-6.1652458077e-05
216,219,1.4871050511e-06
216,220,1.0761130320e-05
216,221,-1.0400562856e-04
217,216,-2.3214769342e-06
217,217,1.7859203695e-04
217,218,6.4156096427e-06
217,219,1.0761130320e-05
217,220,3.4821146022e-06
217,221,-6.2517479885e-06
218,216,-6.1652458077e-05
218,217,6.4156096427e-06
218,218,1.9560913033e-04
218,219,2.2304884860e-06
218,220,1.1013761475e-07
218,221,-2.1126894800e-05
219,216,1.4871050511e-06
219,217,1.0761130320e-05
219,218,2.2304884860e-06
219,219,1.4071020965e-04
219,220,-7.9132103264e-06
219,221,-1.8857448587e-06
220,216,1.0761130320e-05
220,217,3.4821146022e-06
220,218,1.1013761475e-07
220,219,-7.9132103264e-06
220,220,6.8665058909e-05
220,221,6.2117730827e-06
221,216,-1.0400562856e-04
221,217,-6.2517479885e-06
221,218,-2.1126894800e-05
221,219,-1.8857448587e-06
221,220,6.2117730827e-06
221,221,1.5986036627e-04
222,222,2.3703907730e-04
222,223,-6.2354834483e-06
222,224,-7.0250483841e-05
222,225,2.9431611889e-07
222,226,-1.3447669241e-05
222,227,-9.4140350847e-05
223,222,-6.2354834483e-06
223,223,1.7420513437e-04
223,224,-1.0052896674e-05
223,225,-1.3447669241e-05
223,226,1.7581483185e-06
223,227,3.8149884210e-06
224,222,-7.0250483841e-05
224,223,-1.0052896674e-05
224,224,1.8270177738e-04
224,225,1.6366141530e-06
224,226,2.5140890474e-06
224,227,-1.5646707859e-05
225,222,2.9431611889e-07
225,223,-1.3447669241e-05
225,224,1.6366141530e-06
225,225,1.5283738773e-04
225,226,-2.8232540712e-06
225,227,-8.0660918246e-07
226,222,-1.3447669241e-05
226,223,1.7581483185e-06
226,224,2.5140890474e-06
226,225,-2.8232540712e-06
226,226,7.7486078513e-05
226,227,-1.2107838800e-05
227,222,-9.4140350847e-05
227,223,3.8149884210e-06
227,224,-1.5646707859e-05
227,225,-8.0660918246e-07
227,226,-1.2107838800e-05
227,227,1.6223450470e-04
228,228,2.3768655492e-04
228,229,7.0533115768e-07
228,230,-5.3659034257e-05
228,231,-2.3703652730e-06
228,232,2.7443565022e-06
228,233,-1.0159555117e-04
229,228,7.0533115768e-07
229,229,1.8969245564e-04
229,230,-9.2331227997e-07
229,231,2.7443565022e-06
229,232,-3.4681503522e-06
229,233,1.2543961326e-06
230,228,-5.3659034257e-05
230,229,-9.2331227997e-07
230,230,2.0637721089e-04
230,231,-1.2273610310e-06
230,232,-1.1119971682e-07
230,233,-2.6848105390e-05
231,228,-2.3703652730e-06
231,229,2.7443565022e-06
231,230,-1.2273610310e-06
231,231,1.4681673147e-04
231,232,1.8272971670e-06
231,233,-7.7067217205e-07
232,228,2.7443565022e-06
232,229,-3.4681503522e-06
232,230,-1.1119971682e-07
232,231,1.8272971670e-06
232,232,7.7344147876e-05
232,233,1.8740481230e-06
233,228,-1.0159555117e-04
233,229,1.2543961326e-06
233,230,-2.6848105390e-05
233,231,-7.7067217205e-07
233,232,1.8740481230e-06
233,233,1.6035059906e-04
234,234,2.4002511841e-04
234,235,4.4826778732e-06
234,236,-5.8022191316e-05
234,237,-3.0853382983e-06
234,238,-5.1531409302e-07
234,239,-1.1228188666e-04
235,234,4.4826778732e-06
235,235,1.8812849281e-04
235,236,2.5353561531e-06
235,237,-5.1531409302e-07
235,238,-4.2247691676e-06
235,239,6.7941609278e-07
236,234,-5.8022191316e-05
236,235,2.5353561531e-06
236,236,2.1291230547e-04
236,237,-1.2739224397e-06
236,238,1.0023124487e-06
236,239,-2.7511208065e-05
237,234,-3.0853382983e-06
237,235,-5.1531409302e-07
237,236,-1.2739224397e-06
237,237,1.3959714593e-04
237,238,5.0903661006e-06
237,239,-8.4336021627e-07
238,234,-5.1531409302e-07
238,235,-4.2247691676e-06
238,236,1.0023124487e-06
238,237,5.0903661006e-06
238,238,6.5691553878e-05
238,239,-1.1257533736e-06
239,234,-1.1228188666e-04
239,235,6.7941609278e-07
239,236,-2.7511208065e-05
239,237,-8.4336021627e-07
239,238,-1.1257533736e-06
239,239,1.6526419213e-04
240,240,2.3068338562e-04
240,241,-1.3613308726e-05
240,242,-9.3826030873e-05
240,243,2.4017388900e-05
240,244,1.1019167994e-05
240,245,-7.0428572037e-05
241,240,-1.3613308726e-05
241,241,1.4676283239e-04
241,242,-6.5167894569e-06
241,243,1.1019167994e-05
241,244,2.6044881675e-05
241,245,2.9639340382e-06
242,240,-9.3826030873e-05
242,241,-6.5167894569e-06
242,242,1.5938834580e-04
242,243,2.2668058334e-06
242,244,5.5983977697e-06
242,245,-1.0947043872e-05
243,240,2.4017388900e-05
243,241,1.1019167994e-05
243,242,2.2668058334e-06
243,243,1.6769015577e-04
243,244,-1.0962285530e-05
243,245,1.4364900748e-05
244,240,1.1019167994e-05
244,241,2.6044881675e-05
244,242,5.5983977697e-06
244,243,-1.0962285530e-05
244,244,7.5011967435e-05
244,245,-2.2724186331e-06
245,240,-7.0428572037e-05
245,241,2.9639340382e-06
245,242,-1.0947043872e-05
245,243,1.4364900748e-05
245,244,-2.2724186331e-06
245,245,1.7550924971e-04
246,246,2.3121727839e-04
246,247,4.2164626914e-05
246,248,-3.8972852921e-05
246,249,4.5629331058e-06
246,250,-6.9792501927e-06
246,251,-1.5310251634e-05
247,246,4.2164626914e-05
247,247,1.9635889903e-04
247,248,6.0363407094e-05
247,249,-6.9792501927e-06
247,250,8.5643545594e-06
247,251,1.8872871065e-05
248,246,-3.8972852921e-05
248,247,6.0363407094e-05
248,248,1.9743441126e-04
248,249,4.4737251885e-06
248,250,-6.8403381440e-06
248,251,-1.2497105371e-05
249,246,4.5629331058e-06
249,247,-6.9792501927e-06
249,248,4.4737251885e-06
249,249,2.1752337303e-04
249,250,5.9045035967e-05
249,251,-7.1478146947e-07
250,246,-6.9792501927e-06
250,247,8.5643545594e-06
250,248,-6.8403381440e-06
250,249,5.9045035967e-05
250,250,1.7266730937e-04
250,251,-3.4003509041e-07
251,246,-1.5310251634e-05
251,247,1.8872871065e-05
251,248,-1.2497105371e-05
251,249,-7.1478146947e-07
251,250,-3.4003509041e-07
251,251,2.2197961874e-04
252,252,2.3480451540e-04
252,253,-1.7320936760e-07
252,254,-5.0732727499e-05
252,255,-5.0783472853e-07
252,256,1.6896783349e-06
252,257,-1.0428115787e-04
253,252,-1.7320936760e-07
253,253,1.8942778445e-04
253,254,-2.6691439115e-07
253,255,1.6896783349e-06
253,256,-6.7293960356e-07
253,257,4.8371122202e-08
254,252,-5.0732727499e-05
254,253,-2.6691439115e-07
254,254,2.1068614417e-04
254,255,-1.8459286199e-07
254,256,-1.9577369325e-07
254,257,-2.9357253972e-05
255,252,-5.0783472853e-07
255,253,1.6896783349e-06
255,254,-1.8459286199e-07
255,255,1.4153261229e-04
255,256,-1.2994492064e-07
255,257,-2.0813170933e-07
256,252,1.6896783349e-06
256,253,-6.7293960356e-07
256,254,-1.9577369325e-07
256,255,-1.2994492064e-07
256,256,7.2670078159e-05
256,257,1.1962154371e-06
257,252,-1.0428115787e-04
257,253,4.8371122202e-08
257,254,-2.9357253972e-05
257,255,-2.0813170933e-07
257,256,1.1962154371e-06
257,257,1.5941888747e-04
258,258,2.4190424209e-04
258,259,5.4432529526e-05
258,260,-4.7946067612e-05
258,261,-3.4281868384e-06
258,262,1.1309923106e-05
258,263,-3.3589845592e-05
259,258,5.4432529526e-05
259,259,1.9901997552e-04
259,260,6.9269089830e-05
259,261,1.1309923106e-05
259,262,-4.4859562854e-06
259,263,1.7751269080e-05
260,258,-4.7946067612e-05
260,259,6.9269089830e-05
260,260,2.0926703729e-04
260,261,-1.1826221940e-06
260,262,5.4930927081e-06
260,263,-1.3373235930e-05
261,258,-3.4281868384e-06
261,259,1.1309923106e-05
261,260,-1.1826221940e-06
261,261,2.1186057085e-04
261,262,7.0309747266e-05
261,263,4.0916520551e-06
262,258,1.1309923106e-05
262,259,-4.4859562854e-06
262,260,5.4930927081e-06
262,261,7.0309747266e-05
262,262,1.5827771553e-04
262,263,9.3700233480e-06
263,258,-3.3589845592e-05
263,259,1.7751269080e-05
263,260,-1.3373235930e-05
263,261,4.0916520551e-06
263,262,9.3700233480e-06
263,263,2.1384153585e-04
264,264,2.3543418572e-04
264,265,-6.7674905573e-06
264,266,-7.0397816851e-05
264,267,8.9700314484e-06
264,268,-1.7659992584e-05
264,269,-8.5468169809e-05
265,264,-6.7674905573e-06
265,265,1.7246846414e-04
265,266,8.6267993305e-06
265,267,-1.7659992584e-05
265,268,2.2188703589e-05
265,269,-2.0332656481e-05
266,264,-7.0397816851e-05
266,265,8.6267993305e-06
266,266,1.7160583543e-04
266,267,1.4778924739e-05
266,268,-1.3426317129e-05
266,269,-4.5186309925e-06
267,264,8.9700314484e-06
267,265,-1.7659992584e-05
267,266,1.4778924739e-05
267,267,1.5898913068e-04
267,268,-2.4953571380e-05
267,269,1.4267660434e-06
268,264,-1.7659992584e-05
268,265,2.2188703589e-05
268,266,-1.3426317129e-05
268,267,-2.4953571380e-05
268,268,9.2408504305e-05
268,269,-8.6280235425e-06
269,264,-8.5468169809e-05
269,265,-2.0332656481e-05
269,266,-4.5186309925e-06
269,267,1.4267660434e-06
269,268,-8.6280235425e-06
