0,0,7.7884340165e-07
0,1,-9.7052002505e-08
0,2,2.3467169880e-07
0,3,6.7027160498e-11
0,4,5.3234139920e-08
0,5,1.4337355960e-07
0,1062,-1.2992517245e-07
0,1063,-2.1403236546e-07
0,1064,-2.4929022980e-07
0,1065,-1.3303328886e-08
0,1066,-1.8601832563e-08
0,1067,1.0423107380e-07
0,1260,-1.3376994489e-07
0,1261,-5.2457783868e-08
0,1262,8.7668212338e-08
0,1263,-1.8755790726e-07
0,1264,-6.0555635449e-08
0,1265,-1.4988173139e-07
0,3522,-1.6385830178e-07
0,3523,1.7970122850e-07
0,3524,-6.1790201614e-08
0,3525,-1.0228268862e-07
0,3526,7.4351582860e-08
0,3527,3.9286958049e-08
0,3642,-1.4835600428e-07
0,3643,-8.1779285506e-08
0,3644,5.9497663650e-08
0,3645,1.8917953588e-07
0,3646,8.1550734147e-08
0,3647,-1.1538454749e-07
0,3780,-1.3251944409e-07
0,3781,1.4146044361e-07
0,3782,-4.2479848501e-08
0,3783,1.3945278374e-07
0,3784,-1.2890693075e-07
0,3785,-3.8727532090e-08
1,0,-9.7052002505e-08
1,1,9.8874015002e-07
1,2,-3.2365175118e-07
1,3,5.3234139920e-08
1,4,3.1283626306e-08
1,5,1.6463071813e-09
1,1062,2.1470329525e-07
1,1063,3.5339993840e-07
1,1064,4.1088113950e-07
1,1065,2.5095357924e-08
1,1066,3.5835514141e-08
1,1067,-1.7153103662e-07
1,1260,8.0078412060e-08
1,1261,-6.9711654073e-09
1,1262,-8.6129605481e-08
1,1263,1.2661283078e-07
1,1264,-1.1931790614e-08
1,1265,1.3466751694e-07
1,3522,-1.7268816027e-07
1,3523,1.6585035156e-07
1,3524,-7.4071269783e-09
1,3525,-1.4816257409e-07
1,3526,1.0793885763e-07
1,3527,-1.4941275114e-08
1,3642,1.0306242634e-07
1,3643,5.1982091408e-09
1,3644,-1.0495189195e-07
1,3645,-1.5485989399e-07
1,3646,-3.7563901706e-09
1,3647,1.4698630427e-07
1,3780,-1.3746958989e-07
1,3781,1.2635060083e-07
1,3782,4.6124191367e-09
1,3783,1.6552079482e-07
1,3784,-1.3452737323e-07
1,3785,-8.9256305553e-08
2,0,2.3467169880e-07
2,1,-3.2365175118e-07
2,2,1.0902495775e-06
2,3,3.4901218858e-08
2,4,6.4162022412e-08
2,5,-6.7515072496e-07
2,1062,-2.5172446735e-07
2,1063,-4.1360048685e-07
2,1064,-4.7901864656e-07
2,1065,-3.7271704422e-08
2,1066,-5.4863335643e-08
2,1067,1.9923641467e-07
2,1260,4.8635383691e-08
2,1261,7.0438517092e-08
2,1262,2.1595384885e-09
2,1263,4.9002296385e-08
2,1264,9.0189893164e-08
2,1265,-7.2040260871e-09
2,3522,-4.8360934403e-08
2,3523,-2.4236629855e-09
2,3524,1.1438693869e-07
2,3525,-1.2531771487e-07
2,3526,8.6466928030e-08
2,3527,-1.3113126199e-07
2,3642,2.6322324532e-08
2,3643,9.4685819141e-08
2,3644,7.0312120628e-08
2,3645,2.8420366439e-09
2,3646,-1.0393148595e-07
2,3647,-8.7041881792e-08
2,3780,-3.5109974480e-08
2,3781,-9.8269192088e-09
2,3782,9.8522468715e-08
2,3783,8.5331039032e-08
2,3784,-3.3149530568e-08
2,3785,-1.2739444378e-07
3,0,6.7027160498e-11
3,1,5.3234139920e-08
3,2,3.4901218858e-08
3,3,9.0708061183e-07
3,4,-9.5579500597e-08
3,5,-4.5005592446e-08
3,1062,1.7893562927e-08
3,1063,3.2974104148e-08
3,1064,4.7214735697e-08
3,1065,-3.5462866641e-08
3,1066,-5.8518042134e-08
3,1067,-2.2893839164e-08
3,1260,1.8882514441e-07
3,1261,8.6669602049e-08
3,1262,-1.1268164230e-07
3,1263,2.6003519048e-07
3,1264,1.0132638638e-07
3,1265,1.9678493176e-07
3,3522,1.1711915514e-07
3,3523,-1.6374634093e-07
3,3524,1.3073821143e-07
3,3525,1.2552430972e-08
3,3526,-8.7703938273e-09
3,3527,-1.1260251120e-07
3,3642,-1.8898243898e-07
3,3643,-1.2697215526e-07
3,3644,4.7689769528e-08
3,3645,2.3063275295e-07
3,3646,1.2724774645e-07
3,3647,-1.1746308356e-07
3,3780,-1.3481097780e-07
3,3781,1.6488951202e-07
3,3782,-9.3299273165e-08
3,3783,1.2040295189e-07
3,3784,-1.3030750338e-07
3,3785,1.1102366809e-08
4,0,5.3234139920e-08
4,1,3.1283626306e-08
4,2,6.4162022412e-08
4,3,-9.5579500597e-08
4,4,5.7685678023e-07
4,5,4.1594839337e-08
4,1062,-2.6285468472e-08
4,1063,-4.9040263809e-08
4,1064,-7.1567110634e-08
4,1065,5.8510656449e-08
4,1066,9.6403321194e-08
4,1067,3.5898658581e-08
4,1260,-9.9112117420e-08
4,1261,7.7446387733e-09
4,1262,1.0906543609e-07
4,1263,-1.5637717639e-07
4,1264,1.2576423972e-08
4,1265,-1.6518969509e-07
4,3522,8.5748945637e-08
4,3523,-1.1442397785e-07
4,3524,7.7787922515e-08
4,3525,1.8561058009e-08
4,3526,-2.0245769781e-08
4,3527,-8.2705854655e-08
4,3642,1.0777982825e-07
4,3643,9.5022852691e-09
4,3644,-1.1183802189e-07
4,3645,-1.6010176736e-07
4,3646,-1.0976889244e-08
4,3647,1.4698654069e-07
4,3780,-1.1791296283e-07
4,3781,1.2688857228e-07
4,3782,-3.7344329845e-08
4,3783,1.2303874595e-07
4,3784,-1.1730055819e-07
4,3785,-2.8982433834e-08
5,0,1.4337355960e-07
5,1,1.6463071813e-09
5,2,-6.7515072496e-07
5,3,-4.5005592446e-08
5,4,4.1594839337e-08
5,5,8.3078887934e-07
5,1062,9.8496632357e-08
5,1063,1.6118156759e-07
5,1064,1.8492640322e-07
5,1065,2.1570514384e-08
5,1066,3.3809894448e-08
5,1067,-8.7093794397e-08
5,1260,-1.5356097860e-07
5,1261,-1.0005825854e-07
5,1262,6.4513518215e-08
5,1263,-2.0042382839e-07
5,1264,-1.1913905668e-07
5,1265,-1.2556202702e-07
5,3522,2.6409785299e-08
5,3523,2.7460232183e-08
5,3524,-1.3601252432e-07
5,3525,1.1326736744e-07
5,3526,-9.4572001265e-08
5,3527,1.0637631858e-07
5,3642,-1.1489005980e-07
5,3643,-1.2826974296e-07
5,3644,-3.7470064349e-08
5,3645,1.1701657358e-07
5,3646,1.2828409237e-07
5,3647,-5.9970969816e-09
5,3780,-3.0399203062e-08
5,3781,8.0180797439e-08
5,3782,-1.2699678414e-07
5,3783,-1.6828984113e-08
5,3784,-2.4646519911e-08
5,3785,1.0251363380e-07
6,6,8.0776998024e-07
6,7,5.1731830823e-08
6,8,4.5482009712e-07
6,9,5.1193335604e-09
6,10,-1.0552139036e-07
6,11,1.7885595954e-07
6,738,-1.5931216220e-07
6,739,2.5612557504e-07
6,740,-2.8317697080e-07
6,741,-2.5375865189e-10
6,742,-6.8625620901e-09
6,743,1.0614847329e-07
6,1074,-6.5915173161e-08
6,1075,3.1328164141e-08
6,1076,5.1960512226e-08
6,1077,-1.0353926909e-07
6,1078,4.7597713303e-08
6,1079,-1.0877933910e-07
6,1086,-1.0027154493e-07
6,1087,-1.7344722104e-07
6,1088,-2.2333099132e-07
6,1089,-8.0323942253e-09
6,1090,-1.3840613021e-08
6,1091,9.2815685665e-08
6,1188,-1.2302435014e-07
6,1189,-1.0578577485e-07
6,1190,2.9781114571e-09
6,1191,1.5950602970e-07
6,1192,1.2203412733e-07
6,1193,-1.0236678092e-07
6,2178,-1.2376776960e-07
6,2179,1.0237026764e-07
6,2180,5.9377964233e-09
6,2181,1.6094620468e-07
6,2182,-1.1700549035e-07
6,2183,-1.0421436057e-07
6,2214,-1.5856085801e-07
6,2215,-1.1446272780e-07
6,2216,2.4594790949e-08
6,2217,-1.7446804062e-07
6,2218,-9.2217323309e-08
6,2219,-6.0936299372e-08
7,6,5.1731830823e-08
7,7,1.2145734421e-06
7,8,1.5969177632e-08
7,9,-1.0552139036e-07
7,10,1.3206611011e-08
7,11,1.5156053453e-07
7,738,-2.5586037970e-07
7,739,4.1051359185e-07
7,740,-4.5179950979e-07
7,741,-7.7753977114e-09
7,742,8.2245282824e-10
7,743,1.7045156896e-07
7,1074,-6.4834921781e-08
7,1075,2.5851100350e-08
7,1076,5.6384109105e-08
7,1077,-1.0360119031e-07
7,1078,3.9856701317e-08
7,1079,-1.1317414113e-07
7,1086,1.7343332889e-07
7,1087,3.0000046912e-07
7,1088,3.8628073473e-07
7,1089,1.3950009610e-08
7,1090,2.4037617116e-08
7,1091,-1.6052721242e-07
7,1188,1.0762513980e-07
7,1189,6.2780649098e-08
7,1190,-5.9833281286e-08
7,1191,-1.5484987441e-07
7,1192,-8.1333342580e-08
7,1193,1.3393801377e-07
7,2178,-1.0609656137e-07
7,2179,5.5093365947e-08
7,2180,6.5495678983e-08
7,2181,1.5354624447e-07
7,2182,-7.0714120720e-08
7,2183,-1.3463627737e-07
7,2214,9.8308672355e-08
7,2215,1.1852279509e-08
7,2216,-1.1067188745e-07
7,2217,1.4514022250e-07
7,2218,1.8816791373e-08
7,2219,1.2873922930e-07
8,6,4.5482009712e-07
8,7,1.5969177632e-08
8,8,1.5049987468e-06
8,9,9.0418510658e-09
8,10,-8.3835858094e-08
8,11,-6.9531418490e-07
8,738,-2.8224885384e-07
8,739,4.5078186124e-07
8,740,-4.9095728306e-07
8,741,-2.6908982344e-08
8,742,3.0341296570e-08
8,743,1.8762526106e-07
8,1074,-3.6574713094e-09
8,1075,-9.1788209911e-09
8,1076,1.4111668479e-08
8,1077,-9.6134297348e-09
8,1078,-1.2787461130e-08
8,1079,-1.9669830424e-08
8,1086,-2.2327728437e-07
8,1087,-3.8621877531e-07
8,1088,-4.9729424074e-07
8,1089,-1.8105958572e-08
8,1090,-3.1199776672e-08
8,1091,2.0663568445e-07
8,1188,-1.4122633555e-09
8,1189,5.7008632683e-08
8,1190,1.0478121634e-07
8,1191,3.1779195534e-08
8,1192,-5.1648729485e-08
8,1193,-8.9904507931e-08
8,2178,1.3922052603e-09
8,2179,-6.3755954618e-08
8,2180,1.0710053581e-07
8,2181,2.8052470538e-08
8,2182,6.1703382885e-08
8,2183,-8.7622842644e-08
8,2214,3.6687349337e-08
8,2215,1.0844003753e-07
8,2216,1.0456179145e-07
8,2217,-1.0885009131e-08
8,2218,8.6844079166e-08
8,2219,-1.2062262171e-07
9,6,5.1193335604e-09
9,7,-1.0552139036e-07
9,8,9.0418510658e-09
9,9,9.6774361373e-07
9,10,1.8729169399e-07
9,11,-2.1536460534e-08
9,738,4.1055573580e-08
9,739,-7.3474492511e-08
9,740,9.9828775186e-08
9,741,-6.6066745388e-08
9,742,1.0807701795e-07
9,743,-2.7590556801e-08
9,1074,1.0285648930e-07
9,1075,-5.0601641675e-08
9,1076,-7.9257414640e-08
9,1077,1.6095849272e-07
9,1078,-7.6679754474e-08
9,1079,1.6760765949e-07
9,1086,-1.2552677026e-08
9,1087,-2.1658895961e-08
9,1088,-2.7747638889e-08
9,1089,-1.7861399007e-08
9,1090,-3.0885131559e-08
9,1091,8.6000247306e-09
9,1188,-1.5824576392e-07
9,1189,-1.5154892714e-07
9,1190,-2.5927707570e-08
9,1191,1.9721107518e-07
9,1192,1.7019327544e-07
9,1193,-1.0859403957e-07
9,2178,-1.6123623527e-07
9,2179,1.4938918356e-07
9,2180,-2.1908513827e-08
9,2181,2.0202419731e-07
9,2182,-1.6694585835e-07
9,2183,-1.1353190454e-07
9,2214,1.8410651033e-07
9,2215,1.6338683427e-07
9,2216,2.0648062903e-08
9,2217,1.8351324907e-07
9,2218,1.2685414551e-07
9,2219,2.3850602615e-08
10,6,-1.0552139036e-07
10,7,1.3206611011e-08
10,8,-8.3835858094e-08
10,9,1.8729169399e-07
10,10,8.1829572769e-07
10,11,-2.0414772664e-07
10,738,5.8366964318e-08
10,739,-1.0561830353e-07
10,740,1.4606738253e-07
10,741,-1.0421860916e-07
10,742,1.6992043691e-07
10,743,-4.1996568605e-08
10,1074,9.9299071896e-08
10,1075,-4.1137297922e-08
10,1076,-8.4830135783e-08
10,1077,1.5812494024e-07
10,1078,-6.3245978718e-08
10,1079,1.7139702099e-07
10,1086,2.1769293692e-08
10,1087,3.7561845860e-08
10,1088,4.8121809612e-08
10,1089,3.0905474154e-08
10,1090,5.3440312231e-08
10,1091,-1.4918520728e-08
10,1188,1.2276816565e-07
10,1189,8.0820327824e-08
10,1190,-5.3899601497e-08
10,1191,-1.7190203221e-07
10,1192,-1.0218236601e-07
10,1193,1.3816838104e-07
10,2178,-1.2272048360e-07
10,2179,7.2695517812e-08
10,2180,6.2951637563e-08
10,2181,1.7332624938e-07
10,2182,-9.1533366233e-08
10,2183,-1.4242991372e-07
10,2214,-8.0735416159e-08
10,2215,-8.5420652175e-09
10,2216,1.0297702040e-07
10,2217,-1.1994071059e-07
10,2218,-2.0365797749e-08
10,2219,-1.0358429674e-07
11,6,1.7885595954e-07
11,7,1.5156053453e-07
11,8,-6.9531418490e-07
11,9,-2.1536460534e-08
11,10,-2.0414772664e-07
11,11,8.8438169599e-07
11,738,9.0324922733e-08
11,739,-1.4091071593e-07
11,740,1.4472839061e-07
11,741,3.8252278129e-08
11,742,-6.0142389595e-08
11,743,-8.7499214787e-08
11,1074,-1.0647374745e-07
11,1075,5.6592415344e-08
11,1076,7.7524562708e-08
11,1077,-1.6512691617e-07
11,1078,8.5268031414e-08
11,1079,-1.6826660157e-07
11,1086,9.1227146280e-08
11,1087,1.5781767690e-07
11,1088,2.0324563068e-07
11,1089,2.5894849802e-09
11,1090,4.4398421317e-09
11,1091,-8.8122475618e-08
11,1188,-9.9141419226e-08
11,1189,-1.2976528240e-07
11,1190,-8.5139723654e-08
11,1191,1.0564323311e-07
11,1192,1.3547515126e-07
11,1193,-1.6625624826e-08
11,2178,-1.0496539732e-07
11,2179,1.3350851446e-07
11,2180,-8.3392447826e-08
11,2181,1.1422427212e-07
11,2182,-1.4063881830e-07
11,2183,-2.4094530435e-08
11,2214,-8.0985751468e-08
11,2215,-1.3760622949e-07
11,2216,-1.2105111818e-07
11,2217,-3.9616156539e-08
11,2218,-9.5177020212e-08
11,2219,8.8360037755e-08
12,12,8.0514297353e-07
12,13,2.8324565761e-09
12,14,4.7809666044e-07
12,15,-2.4478553977e-09
12,16,-2.4279336462e-08
12,17,1.5248882380e-07
12,888,-1.3134005709e-07
12,889,1.0718468659e-07
12,890,7.9795085651e-09
12,891,1.6607513464e-07
12,892,-1.1678088884e-07
12,893,-9.8642200287e-08
12,894,-1.1506529063e-07
12,895,1.0350366127e-07
12,896,-2.0948013352e-09
12,897,-1.4899558439e-07
12,898,1.2080644087e-07
12,899,-9.5252374205e-08
12,1872,-1.1135602959e-07
12,1873,-1.9255465977e-07
12,1874,-2.4776305456e-07
12,1875,3.1387863695e-10
12,1876,4.5804566487e-10
12,1877,9.8268478237e-08
12,2778,-1.2034576980e-07
12,2779,-1.1040080686e-07
12,2780,-8.0447408038e-09
12,2781,1.5261914065e-07
12,2782,1.2495030383e-07
12,2783,-9.1492857064e-08
12,2928,-1.3332607147e-07
12,2929,-1.0676968460e-07
12,2930,1.0378874638e-08
12,2931,-1.6810310779e-07
12,2932,-1.1511827616e-07
12,2933,-9.8938395368e-08
12,3258,-1.1569044858e-07
12,3259,1.9863294287e-07
12,3260,-2.5195807193e-07
12,3261,-1.8059082212e-09
12,3262,2.6183063107e-09
12,3263,9.9797607359e-08
13,12,2.8324565761e-09
13,13,1.2327656266e-06
13,14,-2.8370665618e-09
13,15,-2.4279336462e-08
13,16,-6.4110053030e-09
13,17,1.1504850206e-08
13,888,-1.0728139018e-07
13,889,5.0849165253e-08
13,890,7.3491722745e-08
13,891,1.5438926107e-07
13,892,-6.4270972452e-08
13,893,-1.3354648826e-07
13,894,-1.0557534923e-07
13,895,7.1247362929e-08
13,896,4.5787936469e-08
13,897,-1.4986155121e-07
13,898,9.1961177147e-08
13,899,-1.2548390128e-07
13,1872,1.9255262497e-07
13,1873,3.3295791035e-07
13,1874,4.2842129143e-07
13,1875,-6.2799338741e-10
13,1876,-9.3944064180e-10
13,1877,-1.6992159002e-07
13,2778,1.0979632366e-07
13,2779,7.4303909320e-08
13,2780,-4.6853861706e-08
13,2781,-1.5438679147e-07
13,2782,-9.4387644842e-08
13,2783,1.2642290383e-07
13,2928,1.0659573276e-07
13,2929,4.6769573010e-08
13,2930,-7.7407556844e-08
13,2931,1.5392912145e-07
13,2932,5.9016365028e-08
13,2933,1.3416033886e-07
13,3258,-1.9864479640e-07
13,3259,3.4105138725e-07
13,3260,-4.3258776576e-07
13,3261,-3.5798623903e-09
13,3262,5.3180916725e-09
13,3263,1.7133947674e-07
14,12,4.7809666044e-07
14,13,-2.8370665618e-09
14,14,1.6601519670e-06
14,15,-4.4309362966e-09
14,16,-7.6027540520e-09
14,17,-8.0063842218e-07
14,888,7.8689570755e-09
14,889,-7.3456052942e-08
14,890,1.1159174856e-07
14,891,2.4269786150e-08
14,892,6.8515764763e-08
14,893,-9.3516934946e-08
14,894,-6.0462569106e-09
14,895,-4.3226178128e-08
14,896,9.2884378872e-08
14,897,-3.4817160587e-08
14,898,-3.4816339916e-08
14,899,-8.4650981851e-08
14,1872,-2.4775519127e-07
14,1873,-4.2841222177e-07
14,1874,-5.5124155201e-07
14,1875,1.0279532602e-09
14,1876,1.5890488149e-09
14,1877,2.1863465417e-07
14,2778,-7.1573063221e-09
14,2779,4.7330825884e-08
14,2780,1.0427935799e-07
14,2781,3.9975709098e-08
14,2782,-3.5547454806e-08
14,2783,-9.4968483410e-08
14,2928,1.0569288125e-08
14,2929,7.7460989510e-08
14,2930,1.1155677427e-07
14,2931,-2.1586552282e-08
14,2932,7.3217611671e-08
14,2933,-9.3447724393e-08
14,3258,-2.5200344804e-07
14,3259,4.3263985620e-07
14,3260,-5.4870025202e-07
14,3261,-5.7730046547e-09
14,3262,8.8606980640e-09
14,3263,2.1731858374e-07
15,12,-2.4478553977e-09
15,13,-2.4279336462e-08
15,14,-4.4309362966e-09
15,15,9.4153312386e-07
15,16,1.3122707428e-08
15,17,-5.7261339984e-09
15,888,-1.6597278047e-07
15,889,1.5422977617e-07
15,890,-2.4189901973e-08
15,891,2.0027927053e-07
15,892,-1.6349909178e-07
15,893,-9.7544066676e-08
15,894,1.4912455616e-07
15,895,-1.4732503749e-07
15,896,2.9233730394e-08
15,897,1.8578658547e-07
15,898,-1.6706026178e-07
15,899,1.0227671327e-07
15,1872,-5.2772281881e-10
15,1873,-9.9741695428e-10
15,1874,-1.5023926819e-09
15,1875,-2.3510040961e-08
15,1876,-4.0653263342e-08
15,1877,6.1388842747e-10
15,2778,-1.5244907138e-07
15,2779,-1.5495398398e-07
15,2780,-4.1170887895e-08
15,2781,1.8467321131e-07
15,2782,1.6949189730e-07
15,2783,-9.1346489586e-08
15,2928,1.6826014350e-07
15,2929,1.5419813573e-07
15,2930,2.1735168740e-08
15,2931,2.0230631041e-07
15,2932,1.6192575087e-07
15,2933,9.7111165794e-08
15,3258,3.7381937916e-09
15,3259,-6.9006890196e-09
15,3260,9.9935088083e-09
15,3261,-2.6349565567e-08
15,3262,4.5248536538e-08
15,3263,-4.1464226493e-09
16,12,-2.4279336462e-08
16,13,-6.4110053030e-09
16,14,-7.6027540520e-09
16,15,1.3122707428e-08
16,16,7.2864503914e-07
16,17,-5.3303994380e-08
16,888,-1.1680340874e-07
16,889,6.4283601038e-08
16,890,6.8429361887e-08
16,891,1.6353834122e-07
16,892,-7.9682875544e-08
16,893,-1.3129998522e-07
16,894,1.2370503412e-07
16,895,-9.2631296880e-08
16,896,-3.7679192445e-08
16,897,1.7052236255e-07
16,898,-1.1624181174e-07
16,899,1.3159379158e-07
16,1872,8.2708888010e-10
16,1873,1.5769712646e-09
16,1874,2.4077973324e-09
16,1875,4.0652508400e-08
16,1876,7.0295682697e-08
16,1877,-1.0022196547e-09
16,2778,1.2389316177e-07
16,2779,9.3967151967e-08
16,2780,-3.5069118608e-08
16,2781,-1.6840493619e-07
16,2782,-1.1554075332e-07
16,2783,1.2522211473e-07
16,2928,-1.1504599368e-07
16,2929,-5.8976921937e-08
16,2930,7.3360148821e-08
16,2931,-1.6183077816e-07
16,2932,-7.3246860964e-08
16,2933,-1.3138053480e-07
16,3258,5.9394332215e-09
16,3259,-1.1025728307e-08
16,3260,1.6114509044e-08
16,3261,-4.5235183452e-08
16,3262,7.7676092046e-08
16,3263,-6.8034699403e-09
17,12,1.5248882380e-07
17,13,1.1504850206e-08
17,14,-8.0063842218e-07
17,15,-5.7261339984e-09
17,16,-5.3303994380e-08
17,17,8.2067280007e-07
17,888,-9.8388591693e-08
17,889,1.3336514055e-07
17,890,-9.3554615287e-08
17,891,9.7316967078e-08
17,892,-1.3125365878e-07
17,893,2.0071171012e-09
17,894,-9.5583993983e-08
17,895,1.2418730792e-07
17,896,-8.0100988074e-08
17,897,-1.0258103112e-07
17,898,1.3001822804e-07
17,899,-1.8239774805e-08
17,1872,9.8153891532e-08
17,1873,1.6972488233e-07
17,1874,2.1838524190e-07
17,1875,-5.2581418366e-10
17,1876,-8.5059172439e-10
17,1877,-9.1580587921e-08
17,2778,-9.1069748963e-08
17,2779,-1.2632357828e-07
17,2780,-9.5736128096e-08
17,2781,9.0966571087e-08
17,2782,1.2533524318e-07
17,2783,-3.1117610800e-10
17,2928,-9.9326252504e-08
17,2929,-1.3443679846e-07
17,2930,-9.3404929561e-08
17,2931,-9.7457735544e-08
17,2932,-1.3144646428e-07
17,2933,3.8778486177e-09
17,3258,9.9677634521e-08
17,3259,-1.7110512889e-07
17,3260,2.1694850028e-07
17,3261,3.4639733402e-09
17,3262,-5.6298104196e-09
17,3263,-9.1945902657e-08
18,18,7.9868296341e-07
18,19,-1.8539678287e-08
18,20,1.4607940954e-07
18,21,-8.3298599497e-08
18,22,-2.0364025789e-10
18,23,3.6900825811e-07
18,606,-1.5530976285e-07
18,607,1.8130400957e-07
18,608,-8.1445114791e-08
18,609,9.6687350137e-08
18,610,-8.0435252932e-08
18,611,3.5093527614e-08
18,978,-1.1192568003e-07
18,979,-1.4906249684e-07
18,980,-1.0349917813e-07
18,981,-9.8037686020e-08
18,982,-1.1859292062e-07
18,983,2.3098437815e-09
18,1476,-1.1564838251e-07
18,1477,1.4834346179e-07
18,1478,-9.2144777513e-08
18,1479,-9.8069224110e-08
18,1480,1.1234365616e-07
18,1481,1.0331949129e-08
18,2286,-1.3302833168e-07
18,2287,-1.7219977858e-07
18,2288,-1.0997913217e-07
18,2289,1.0606870922e-07
18,2290,1.1916448201e-07
18,2291,1.0860511306e-08
18,3618,-1.1268797558e-07
18,3619,3.2012123412e-09
18,3620,9.8328221206e-08
18,3621,-1.9452298822e-07
18,3622,5.3482002533e-09
18,3623,-2.4943407952e-07
18,3708,-9.3810574698e-08
18,3709,-3.8077409882e-08
18,3710,7.2609158537e-08
18,3711,1.5214558406e-07
18,3712,5.9498387810e-08
18,3713,-1.7142233217e-07
19,18,-1.8539678287e-08
19,19,9.2934035935e-07
19,20,-4.3123455353e-08
19,21,-2.0364025789e-10
19,22,-1.7014419924e-07
19,23,-2.1216509817e-08
19,606,-1.7531659602e-07
19,607,1.8702483518e-07
19,608,-4.5904956137e-08
19,609,1.4379155591e-07
19,610,-1.2026679431e-07
19,611,-8.6190879096e-09
19,978,1.4616243883e-07
19,979,1.8829516561e-07
19,980,1.1620699143e-07
19,981,1.4077494705e-07
19,982,1.6627361220e-07
19,983,2.1953308963e-08
19,1476,-1.4650352256e-07
19,1477,1.7986273117e-07
19,1478,-9.3614178827e-08
19,1479,-1.3816129930e-07
19,1480,1.5334755118e-07
19,1481,-1.3319635286e-08
19,2286,1.7212779955e-07
19,2287,2.1431092393e-07
19,2288,1.1769634601e-07
19,2289,-1.5540383487e-07
19,2290,-1.7091735367e-07
19,2291,1.8324196428e-08
19,3618,4.4046365041e-09
19,3619,-2.5704655770e-08
19,3620,-2.2185021195e-09
19,3621,7.4188555793e-09
19,3622,-4.4359417538e-08
19,3623,9.0376045826e-09
19,3708,1.5488074150e-08
19,3709,-7.8578368141e-09
19,3710,-2.4825366840e-08
19,3711,-2.7499510217e-08
19,3712,1.2150592896e-08
19,3713,3.6934198399e-08
20,18,1.4607940954e-07
20,19,-4.3123455353e-08
20,20,8.1184603590e-07
20,21,-9.7096332286e-08
20,22,-8.2634205574e-09
20,23,-7.3974700971e-07
20,606,-6.8680174437e-08
20,607,3.5663531881e-08
20,608,7.8171178941e-08
20,609,1.3021472231e-07
20,610,-1.0643633846e-07
20,611,-1.1395772130e-07
20,978,-9.5840016158e-08
20,979,-1.0905695558e-07
20,980,-3.3647314600e-08
20,981,-1.2117480826e-07
20,982,-1.3420249947e-07
20,983,-7.2387153647e-08
20,1476,-8.7527276656e-08
20,1477,8.9443961743e-08
20,1478,-4.8237653245e-09
20,1479,-1.1367326331e-07
20,1480,1.1540355513e-07
20,1481,-6.8662736168e-08
20,2286,-1.0979432374e-07
20,2287,-1.1752691249e-07
20,2288,-2.0116971108e-08
20,2289,1.4008425915e-07
20,2290,1.4571349323e-07
20,2291,-8.7190761146e-08
20,3618,9.6118802883e-08
20,3619,-4.9483720664e-10
20,3620,-8.9818869422e-08
20,3621,1.6593725724e-07
20,3622,-7.4047897923e-10
20,3623,2.1282025692e-07
20,3708,8.5346384735e-08
20,3709,3.9863559978e-08
20,3710,-6.3451217630e-08
20,3711,-1.3753927113e-07
20,3712,-6.2563199705e-08
20,3713,1.5270823528e-07
21,18,-8.3298599497e-08
21,19,-2.0364025789e-10
21,20,-9.7096332286e-08
21,21,1.1287339832e-06
21,22,-3.7516301565e-08
21,23,-2.1095179275e-07
21,606,-1.1440719015e-07
21,607,1.6265490164e-07
21,608,-1.3595420530e-07
21,609,1.4048159553e-08
21,610,-1.0622410380e-08
21,611,1.0544258857e-07
21,978,1.1299030168e-07
21,979,1.6126990464e-07
21,980,1.3661483856e-07
21,981,7.7355409014e-08
21,982,1.0038515048e-07
21,983,-4.4666807791e-08
21,1476,1.1447850250e-07
21,1477,-1.5950700296e-07
21,1478,1.2753636706e-07
21,1479,7.5191629170e-08
21,1480,-9.3873518802e-08
21,1481,-5.1726229236e-08
21,2286,-8.1023400791e-08
21,2287,-1.2226831314e-07
21,2288,-1.1731095623e-07
21,2289,2.7464264466e-08
21,2290,3.8367783422e-08
21,2291,7.2829870316e-08
21,3618,1.9455837245e-07
21,3619,-5.6951728467e-09
21,3620,-1.6975524268e-07
21,3621,3.3584718428e-07
21,3622,-9.5241151910e-09
21,3623,4.3064897274e-07
21,3708,-1.5183997821e-07
21,3709,-6.3955085495e-08
21,3710,1.1541473184e-07
21,3711,2.4586883409e-07
21,3712,9.9912918298e-08
21,3713,-2.7604267058e-07
22,18,-2.0364025789e-10
22,19,-1.7014419924e-07
22,20,-8.2634205574e-09
22,21,-3.7516301565e-08
22,22,6.6759377134e-07
22,23,2.6671852242e-08
22,606,-9.8059008962e-08
22,607,1.3432876645e-07
22,608,-1.0030197115e-07
22,609,2.2029224870e-08
22,610,-2.2793559498e-08
22,611,8.7879909582e-08
22,978,-1.3606470168e-07
22,979,-1.8887642074e-07
22,980,-1.4810026133e-07
22,981,-1.0382491153e-07
22,982,-1.3141560816e-07
22,983,3.5087638080e-08
22,1476,1.3190895796e-07
22,1477,-1.7726661806e-07
22,1478,1.2744513368e-07
22,1479,9.7919666430e-08
22,1480,-1.1832019101e-07
22,1481,-4.0571709227e-08
22,2286,8.7429358576e-08
22,2287,1.3049285141e-07
22,2288,1.2141714188e-07
22,2289,-3.2716626048e-08
22,2290,-4.6138136065e-08
22,2291,-7.7629540636e-08
22,3618,-7.7792579805e-09
22,3619,4.4391210613e-08
22,3620,3.9480352468e-09
22,3621,-1.3110090179e-08
22,3622,7.6606962964e-08
22,3623,-1.5989820128e-08
22,3708,2.2617979205e-08
22,3709,-1.3329634531e-08
22,3710,-3.8250180013e-08
22,3711,-4.0470943085e-08
22,3712,2.0577880590e-08
22,3713,5.5059704175e-08
23,18,3.6900825811e-07
23,19,-2.1216509817e-08
23,20,-7.3974700971e-07
23,21,-2.1095179275e-07
23,22,2.6671852242e-08
23,23,1.4040009709e-06
23,606,2.2066656322e-08
23,607,2.2171729127e-08
23,608,-1.1899731557e-07
23,609,-1.0791548997e-07
23,610,1.0111095333e-07
23,611,1.0506616784e-07
23,978,-2.4168284683e-08
23,979,-5.6542937470e-08
23,980,-9.5919770634e-08
23,981,2.7622457701e-08
23,982,1.9903161741e-08
23,983,9.1888926801e-08
23,1476,-2.0435035571e-08
23,1477,5.4243708057e-08
23,1478,-9.8069408855e-08
23,1479,3.1113713730e-08
23,1480,-2.0659706392e-08
23,1481,8.9539425918e-08
23,2286,5.3751839521e-08
23,2287,4.5900149157e-08
23,2288,-2.6374030725e-08
23,2289,-9.3438592611e-08
23,2290,-9.9084970977e-08
23,2291,7.5422805934e-08
23,3618,-2.4957052232e-07
23,3619,7.7391194470e-09
23,3620,2.1772641448e-07
23,3621,-4.3080617790e-07
23,3622,1.2965514250e-08
23,3623,-5.5240460426e-07
23,3708,-1.7034062898e-07
23,3709,-7.7550878620e-08
23,3710,1.2415250170e-07
23,3711,2.7484961251e-07
23,3712,1.2109356587e-07
23,3713,-3.0613637328e-07
24,24,4.7161755946e-07
24,25,2.8180081516e-07
24,26,3.3934961924e-07
24,27,2.7347285484e-07
24,28,-8.8921192426e-08
24,29,2.6223349524e-07
24,636,-1.5869199762e-07
24,637,2.5911749453e-08
24,638,2.7144788820e-08
24,639,2.4708253531e-07
24,640,-5.4871268661e-08
24,641,-2.5450381017e-07
24,924,-1.5386095228e-07
24,925,2.6357117438e-07
24,926,-3.3280249769e-07
24,927,6.8608381759e-08
24,928,-1.1878291780e-07
24,929,4.2967281941e-08
24,3012,-7.6450865165e-08
24,3013,9.1008181427e-08
24,3014,-4.4008825566e-08
24,3015,1.0700550790e-07
24,3016,-1.2279296260e-07
24,3017,-8.5123003763e-08
25,24,2.8180081516e-07
25,25,7.7514108616e-07
25,26,5.8370195462e-07
25,27,-8.8921192426e-08
25,28,1.3273493766e-07
25,29,-7.6633982081e-08
25,636,7.6006585213e-08
25,637,-1.1639689209e-07
25,638,2.4965517569e-08
25,639,-1.2994549988e-07
25,640,1.9008170218e-07
25,641,1.6229502422e-07
25,924,-2.6356207524e-07
25,925,4.5147586983e-07
25,926,-5.7001576067e-07
25,927,1.1626800638e-07
25,928,-2.0131156604e-07
25,929,7.4856185932e-08
25,3012,-9.5800133608e-08
25,3013,1.0743084699e-07
25,3014,-3.7549801685e-08
25,3015,1.3814494459e-07
25,3016,-1.4944747326e-07
25,3017,-1.1936440318e-07
26,24,3.3934961924e-07
26,25,5.8370195462e-07
26,26,1.0354747430e-06
26,27,-1.5734977492e-07
26,28,-2.2679600732e-07
26,29,-2.0628388725e-07
26,636,4.3856411709e-08
26,637,1.0420617368e-07
26,638,-1.1630255287e-07
26,639,-5.5856878264e-08
26,640,-1.6706375784e-07
26,641,2.6220448578e-08
26,924,-3.3276777318e-07
26,925,5.6997595990e-07
26,926,-7.1950683697e-07
26,927,1.4356879923e-07
26,928,-2.4861962534e-07
26,929,9.7720795019e-08
26,3012,-5.5277448501e-08
26,3013,4.7279073311e-08
26,3014,1.6915929764e-08
26,3015,8.8737477831e-08
26,3016,-7.6075959951e-08
26,3017,-9.7340866157e-08
27,24,2.7347285484e-07
27,25,-8.8921192426e-08
27,26,-1.5734977492e-07
27,27,7.0616632800e-07
27,28,2.1325729784e-07
27,29,4.0959955602e-07
27,636,-2.4452957383e-07
27,637,2.4065766660e-08
27,638,4.7618939099e-08
27,639,3.7896115392e-07
27,640,-5.9565729583e-08
27,641,-3.8600431663e-07
27,924,6.2672251957e-08
27,925,-1.0865164470e-07
27,926,1.4050605613e-07
27,927,-1.1532775436e-07
27,928,1.9864824807e-07
27,929,6.9625188135e-08
27,3012,-1.0127601693e-07
27,3013,1.2618271820e-07
27,3014,-7.3265162292e-08
27,3015,1.3830211192e-07
27,3016,-1.6642846535e-07
27,3017,-1.0196574054e-07
28,24,-8.8921192426e-08
28,25,1.3273493766e-07
28,26,-2.2679600732e-07
28,27,2.1325729784e-07
28,28,8.4466274490e-07
28,29,-1.0006845622e-07
28,636,1.0444901469e-07
28,637,-1.6969082683e-07
28,638,2.8566489617e-08
28,639,-1.7965895725e-07
28,640,2.7562226507e-07
28,641,2.2669454455e-07
28,924,1.0606176465e-07
28,925,-1.8389291296e-07
28,926,2.3785485975e-07
28,927,-1.9646547561e-07
28,928,3.3839319094e-07
28,929,1.1847944684e-07
28,3012,-1.2193669447e-07
28,3013,1.4344276398e-07
28,3014,-6.5199710545e-08
28,3015,1.7172121872e-07
28,3016,-1.9494372124e-07
28,3017,-1.3889358336e-07
29,24,2.6223349524e-07
29,25,-7.6633982081e-08
29,26,-2.0628388725e-07
29,27,4.0959955602e-07
29,28,-1.0006845622e-07
29,29,7.1511743240e-07
29,636,-2.4600989339e-07
29,637,-1.4483758060e-08
29,638,6.0449873063e-08
29,639,3.7693734483e-07
29,640,8.6870829450e-10
29,641,-3.7332771657e-07
29,924,4.2854161244e-08
29,925,-7.2235291297e-08
29,926,8.8178648016e-08
29,927,6.0479500998e-08
29,928,-1.0443534449e-07
29,929,-1.4095054490e-07
29,3012,-6.9250722989e-08
29,3013,9.9091293591e-08
29,3014,-8.4608642806e-08
29,3015,8.6707484916e-08
29,3016,-1.2214541699e-07
29,3017,-4.5275088299e-08
30,30,8.0698944519e-07
30,31,-2.1591051292e-09
30,32,1.3018248179e-07
30,33,5.9189420367e-09
30,34,6.5399315050e-09
30,35,4.4194883912e-07
30,2010,-1.0439823779e-07
30,2011,-2.0549460132e-09
30,2012,9.4985739234e-08
30,2013,1.8056368811e-07
30,2014,3.4896146708e-09
30,2015,-2.3243800466e-07
30,2352,-1.3411737049e-07
30,2353,1.6015640910e-07
30,2354,-7.8339057755e-08
30,2355,-1.1417938748e-07
30,2356,1.1516877165e-07
30,2357,2.4997019485e-09
30,2430,-1.2730087157e-07
30,2431,1.5606304938e-07
30,2432,-8.3732021166e-08
30,2433,1.1135038338e-07
30,2434,-1.1835733248e-07
30,2435,-4.5806450688e-10
30,2946,-1.2784368374e-07
30,2947,-1.5769927105e-07
30,2948,-8.6394984672e-08
30,2949,1.1356345610e-07
30,2950,1.2215936061e-07
30,2951,-3.7707586641e-09
30,3480,-1.3106950424e-07
30,3481,-1.6352765465e-07
30,3482,-9.3027378516e-08
30,3483,-1.0917862261e-07
30,3484,-1.1759578409e-07
30,3485,7.0520533163e-09
30,3738,-1.0402971770e-07
30,3739,5.5832438625e-10
30,3740,9.5459573926e-08
30,3741,-1.7953821214e-07
30,3742,1.1216068162e-09
30,3743,-2.3011945481e-07
31,30,-2.1591051292e-09
31,31,9.2342819669e-07
31,32,-4.5063434551e-09
31,33,6.5399315050e-09
31,34,1.7238944736e-08
31,35,-3.2743351073e-09
31,2010,-7.1600228470e-11
31,2011,-1.9320554438e-08
31,2012,-7.8517083191e-10
31,2013,5.9555274289e-11
31,2014,3.3414872907e-08
31,2015,8.9191610585e-11
31,2352,-1.6436976833e-07
31,2353,1.8410280145e-07
31,2354,-6.3487879441e-08
31,2355,-1.5987619706e-07
31,2356,1.5459154416e-07
31,2357,-3.4898620396e-08
31,2430,-1.5761578063e-07
31,2431,1.8261986261e-07
31,2432,-7.4593738787e-08
31,2433,1.5558085674e-07
31,2434,-1.5898035480e-07
31,2435,-3.5213753590e-08
31,2946,1.5820017586e-07
31,2947,1.8463759670e-07
31,2948,7.7927385969e-08
31,2949,-1.5831302049e-07
31,2950,-1.6376943896e-07
31,2951,3.9990270795e-08
31,3480,1.6349299538e-07
31,3481,1.9372297173e-07
31,3482,8.7423533129e-08
31,3483,1.5481690706e-07
31,3484,1.6138547908e-07
31,3485,2.5903929306e-08
31,3738,2.2688597296e-09
31,3739,-1.8851062192e-08
31,3740,-1.8558634674e-09
31,3741,4.0753525846e-09
31,3742,-3.2538141759e-08
31,3743,5.6350351551e-09
32,30,1.3018248179e-07
32,31,-4.5063434551e-09
32,32,8.0652938843e-07
32,33,1.2656147771e-08
32,34,7.7563299078e-09
32,35,-8.1881064582e-07
32,2010,9.5211240888e-08
32,2011,1.8444842680e-09
32,2012,-9.0203396180e-08
32,2013,-1.6467426520e-07
32,2014,-3.1419292036e-09
32,2015,2.1198390884e-07
32,2352,-8.8097651743e-08
32,2353,7.1824480040e-08
32,2354,3.6559899494e-08
32,2355,-1.2965037800e-07
32,2356,1.1087522304e-07
32,2357,-1.0535657826e-07
32,2430,-8.7430985551e-08
32,2431,7.7817827461e-08
32,2432,2.2112240601e-08
32,2433,1.2551815577e-07
32,2434,-1.1440331429e-07
32,2435,-9.8700576949e-08
32,2946,-8.7593413518e-08
32,2947,-7.8975125077e-08
32,2948,2.0136101132e-08
32,2949,1.2701765697e-07
32,2950,1.1726509975e-07
32,2951,-1.0280013961e-07
32,3480,-9.2943213414e-08
32,3481,-8.7349190168e-08
32,3482,1.3048214492e-08
32,3483,-1.2938343999e-07
32,3484,-1.2308424655e-07
32,3485,-9.4434599675e-08
32,3738,9.4971992075e-08
32,3739,4.0902351442e-10
32,3740,-9.0570624452e-08
32,3741,1.6389827795e-07
32,3742,5.8754089113e-10
32,3743,2.1005297218e-07
33,30,5.9189420367e-09
33,31,6.5399315050e-09
33,32,1.2656147771e-08
33,33,1.2022805039e-06
33,34,-5.0877594816e-09
33,35,9.1059832481e-09
33,2010,-1.8056766046e-07
33,2011,-3.6178061805e-09
33,2012,1.6428496308e-07
33,2013,3.1230355354e-07
33,2014,6.1455843118e-09
33,2015,-4.0202499772e-07
33,2352,1.1248313095e-07
33,2353,-1.5580466875e-07
33,2354,1.2306578963e-07
33,2355,6.0587168385e-08
33,2356,-7.2877018929e-08
33,2357,-6.9055821761e-08
33,2430,-1.1372538781e-07
33,2431,1.5743223157e-07
33,2432,-1.2417843399e-07
33,2433,6.9396720654e-08
33,2434,-8.4615446381e-08
33,2435,5.8422424262e-08
33,2946,-1.1299778227e-07
33,2947,-1.5730122968e-07
33,2948,-1.2577617638e-07
33,2949,7.0054663269e-08
33,2950,8.6485149114e-08
33,2951,5.6894028087e-08
33,3480,1.1002885665e-07
33,3481,1.5590190638e-07
33,3482,1.3005502804e-07
33,3483,5.7824069249e-08
33,3484,7.2027466568e-08
33,3485,-6.8928323702e-08
33,3738,1.7953349258e-07
33,3739,-8.0436672165e-10
33,3740,-1.6474513072e-07
33,3741,3.0984398145e-07
33,3742,-1.6609253451e-09
33,3743,3.9713274915e-07
34,30,6.5399315050e-09
34,31,1.7238944736e-08
34,32,7.7563299078e-09
34,33,-5.0877594816e-09
34,34,6.6367073877e-07
34,35,9.0090546801e-09
34,2010,-1.8713762705e-10
34,2011,-3.3418207161e-08
34,2012,-1.3109668181e-09
34,2013,2.1248424368e-10
34,2014,5.7796673962e-08
34,2015,1.3337490313e-11
34,2352,1.1762743688e-07
34,2353,-1.5657867012e-07
34,2354,1.0998914776e-07
34,2355,7.3757592021e-08
34,2356,-8.5776646871e-08
34,2357,-5.7094788693e-08
34,2430,-1.2322968284e-07
34,2431,1.6389697182e-07
34,2432,-1.1486860449e-07
34,2433,8.6372140379e-08
34,2434,-1.0153914003e-07
34,2435,4.5189935037e-08
34,2946,1.2205506290e-07
34,2947,1.6344035377e-07
34,2948,1.1669678349e-07
34,2949,-8.6619219854e-08
34,2950,-1.0317071514e-07
34,2951,-4.3478239265e-08
34,3480,-1.1861180140e-07
34,3481,-1.6260692380e-07
34,3482,-1.2367431573e-07
34,3483,-7.2244636514e-08
34,3484,-8.7582992332e-08
34,3485,6.0147543342e-08
34,3738,-3.7547376606e-09
34,3739,3.2528647988e-08
34,3740,3.0810680389e-09
34,3741,-6.7555937953e-09
34,3742,5.6146092662e-08
34,3743,-9.3689901905e-09
35,30,4.4194883912e-07
35,31,-3.2743351073e-09
35,32,-8.1881064582e-07
35,33,9.1059832481e-09
35,34,9.0090546801e-09
35,35,1.6116621784e-06
35,2010,-2.3245336030e-07
35,2011,-4.8213757734e-09
35,2012,2.1148461040e-07
35,2013,4.0204271205e-07
35,2014,8.1951441314e-09
35,2015,-5.1754384109e-07
35,2352,4.5833072533e-09
35,2353,3.4815095564e-08
35,2354,-1.0834178054e-07
35,2355,6.9866539526e-08
35,2356,-5.3447824321e-08
35,2357,1.1626332794e-07
35,2430,-4.6339250198e-09
35,2431,4.1661670762e-08
35,2432,-1.0422989361e-07
35,2433,-5.6033161259e-08
35,2434,4.1688099497e-08
35,2435,1.1039887153e-07
35,2946,-2.6123506453e-09
35,2947,-3.8629398218e-08
35,2948,-1.0193751951e-07
35,2949,-5.7606358767e-08
35,2950,-4.3773927249e-08
35,2951,1.1176422920e-07
35,3480,5.4398696001e-09
35,3481,-2.8174979060e-08
35,3482,-9.6323025646e-08
35,3483,6.8030337351e-08
35,3484,5.9281486194e-08
35,3485,1.0925018969e-07
35,3738,-2.3010126380e-07
35,3739,6.2065733020e-10
35,3740,2.1115226166e-07
35,3741,-3.9711179451e-07
35,3742,1.4206712836e-09
35,3743,-5.0897655334e-07
36,36,8.0417084515e-07
36,37,1.3773388724e-09
36,38,3.8303741819e-07
36,39,1.2911647857e-09
36,40,1.9935437349e-08
36,41,1.5118153323e-07
36,726,-1.1851149352e-07
36,727,-8.5774555207e-08
36,728,3.3947212234e-08
36,729,-1.5989883195e-07
36,730,-1.0344446665e-07
36,731,-1.1517728222e-07
36,774,-1.2477350630e-07
36,775,9.6750357647e-08
36,776,2.1221863958e-08
36,777,1.6236477684e-07
36,778,-1.1048822482e-07
36,779,-1.0534768560e-07
36,3672,-1.0512728464e-07
36,3673,1.7754061567e-07
36,3674,-2.1776127981e-07
36,3675,4.9684397745e-09
36,3676,-7.2509699121e-09
36,3677,9.5098859515e-08
36,3696,-1.3050125800e-07
36,3697,-1.1365072834e-07
36,3698,-8.2219911148e-10
36,3699,1.5903206572e-07
36,3700,1.1926395514e-07
36,3701,-8.3591086967e-08
36,3756,-1.3046446246e-07
36,3757,1.1906619686e-07
36,3758,-8.2725724453e-09
36,3759,-1.5369258292e-07
36,3760,1.2052285929e-07
36,3761,-7.1486492894e-08
36,3822,-1.1695980308e-07
36,3823,-1.9218448019e-07
36,3824,-2.2264460228e-07
36,3825,-1.9267603335e-08
36,3826,-2.8793597990e-08
36,3827,9.7394485175e-08
37,36,1.3773388724e-09
37,37,1.1467699272e-06
37,38,2.3496957279e-08
37,39,1.9935437349e-08
37,40,1.1785826845e-08
37,41,-1.2480480933e-08
37,726,8.6870242122e-08
37,727,3.6501497539e-08
37,728,-6.7564178848e-08
37,729,1.2963604343e-07
37,730,4.9239135510e-08
37,731,1.2192230406e-07
37,774,-9.9857236139e-08
37,775,4.7157955001e-08
37,776,6.9471806429e-08
37,777,1.4510263502e-07
37,778,-6.0788018392e-08
37,779,-1.2842462059e-07
37,3672,-1.7758913733e-07
37,3673,2.9985053043e-07
37,3674,-3.6761446902e-07
37,3675,9.5207141923e-09
37,3676,-1.4150215143e-08
37,3677,1.6052917796e-07
37,3696,1.1601161327e-07
37,3697,6.9449029796e-08
37,3698,-6.0771995188e-08
37,3699,-1.6020421686e-07
37,3700,-8.3932478836e-08
37,3701,1.2561918778e-07
37,3756,-1.1877879216e-07
37,3757,7.9123050272e-08
37,3758,5.2217151336e-08
37,3759,-1.5972154137e-07
37,3760,9.3302184638e-08
37,3761,-1.1722752321e-07
37,3822,1.9221657762e-07
37,3823,3.1553686656e-07
37,3824,3.6477515014e-07
37,3825,3.4522617018e-08
37,3826,5.1965258475e-08
37,3827,-1.5900954935e-07
38,36,3.8303741819e-07
38,37,2.3496957279e-08
38,38,1.3943367747e-06
38,39,1.1733388883e-08
38,40,2.3345177289e-08
38,41,-7.6942610801e-07
38,726,3.1477320046e-08
38,727,6.6007901813e-08
38,728,5.5070864163e-08
38,729,2.2099067188e-08
38,730,7.3526578046e-08
38,731,-3.2170065424e-08
38,774,1.6855160525e-08
38,775,-6.7242907129e-08
38,776,8.3717841665e-08
38,777,5.1976955195e-09
38,778,6.7672230966e-08
38,779,-6.6555082691e-08
38,3672,-2.1794298224e-07
38,3673,3.6782075601e-07
38,3674,-4.5052402780e-07
38,3675,1.4559727460e-08
38,3676,-2.2213528338e-08
38,3677,1.9669047533e-07
38,3696,-3.9679168973e-09
38,3697,5.9324941574e-08
38,3698,1.1458673093e-07
38,3699,4.2264784129e-08
38,3700,-4.4359112152e-08
38,3701,-1.0725082808e-07
38,3756,-7.8625413374e-09
38,3757,-5.2428912490e-08
38,3758,1.1456642571e-07
38,3759,-4.9561082111e-08
38,3760,-3.0148681698e-08
38,3761,-1.1346571232e-07
38,3822,-2.2276042238e-07
38,3823,-3.6490417283e-07
38,3824,-4.1990144350e-07
38,3825,-4.7197533250e-08
38,3826,-7.1901721932e-08
38,3827,1.8155865770e-07
39,36,1.2911647857e-09
39,37,1.9935437349e-08
39,38,1.1733388883e-08
39,39,9.3939171925e-07
39,40,-9.7855426313e-09
39,41,-7.0389089613e-09
39,726,1.6025585538e-07
39,727,1.2817584474e-07
39,728,-2.6179567138e-08
39,729,2.1047751851e-07
39,730,1.5216896786e-07
39,731,1.3841805611e-07
39,774,-1.6203856551e-07
39,775,1.4115020656e-07
39,776,6.7778524813e-10
39,777,2.0309212160e-07
39,778,-1.5764122554e-07
39,779,-1.1421747938e-07
39,3672,-1.1795718679e-08
39,3673,2.1061739977e-08
39,3674,-2.8742277317e-08
39,3675,-1.9295731199e-08
39,3676,3.2660904045e-08
39,3677,1.2768559425e-08
39,3696,-1.5853040653e-07
39,3697,-1.5743835146e-07
39,3698,-3.8733714938e-08
39,3699,1.8163624114e-07
39,3700,1.5843250527e-07
39,3701,-7.0064183885e-08
39,3756,1.5479053650e-07
39,3757,-1.6070917586e-07
39,3758,4.9490937314e-08
39,3759,1.6920482531e-07
39,3760,-1.5390250534e-07
39,3761,5.0189663219e-08
39,3822,1.6077090394e-08
39,3823,2.9310744231e-08
39,3824,4.1235367772e-08
39,3825,-2.4277236947e-08
39,3826,-3.9808898017e-08
39,3827,-2.3306119498e-08
40,36,1.9935437349e-08
40,37,1.1785826845e-08
40,38,2.3345177289e-08
40,39,-9.7855426313e-09
40,40,6.6644991484e-07
40,41,2.7566023814e-08
40,726,-1.0513870431e-07
40,727,-4.9368317551e-08
40,728,7.5797954130e-08
40,729,-1.5445176066e-07
40,730,-6.5849416001e-08
40,731,-1.3964314324e-07
40,774,-1.1442794444e-07
40,775,6.1823231348e-08
40,776,6.9476518397e-08
40,777,1.6237688006e-07
40,778,-7.8271518907e-08
40,779,-1.3497636036e-07
40,3672,-1.8797475735e-08
40,3673,3.3665573381e-08
40,3674,-4.6187460288e-08
40,3675,-3.2522661685e-08
40,3676,5.5028052687e-08
40,3677,2.0725650872e-08
40,3696,1.2195809511e-07
40,3697,8.5070408386e-08
40,3698,-4.4593517289e-08
40,3699,-1.6122485968e-07
40,3700,-9.8907426279e-08
40,3701,1.1097210606e-07
40,3756,1.2143152017e-07
40,3757,-9.3785602272e-08
40,3758,-3.0969948812e-08
40,3759,1.5457001848e-07
40,3760,-1.0498036328e-07
40,3761,9.5095234894e-08
40,3822,-2.3537287709e-08
40,3823,-4.3388620143e-08
40,3824,-6.2115164102e-08
40,3825,3.9980614874e-08
40,3826,6.5438699431e-08
40,3827,3.6343982044e-08
41,36,1.5118153323e-07
41,37,-1.2480480933e-08
41,38,-7.6942610801e-07
41,39,-7.0389089613e-09
41,40,2.7566023814e-08
41,41,8.2596969741e-07
41,726,-1.1615413839e-07
41,727,-1.2092167488e-07
41,728,-2.7624493022e-08
41,729,-1.3935038465e-07
41,730,-1.3801164114e-07
41,731,-6.0766523571e-08
41,774,-1.0450450636e-07
41,775,1.2605627971e-07
41,776,-6.2215297184e-08
41,777,1.1344108756e-07
41,778,-1.3277975524e-07
41,779,-2.3108329961e-08
41,3672,9.3837463814e-08
41,3673,-1.5818792976e-07
41,3674,1.9328209548e-07
41,3675,-9.4159632417e-09
41,3676,1.5063614169e-08
41,3677,-8.8108876762e-08
41,3696,-8.2418954153e-08
41,3697,-1.2441300232e-07
41,3698,-1.0589716524e-07
41,3699,6.9056430093e-08
41,3700,1.1060195855e-07
41,3701,3.1696659605e-08
41,3756,-7.3939093778e-08
41,3757,1.1905940959e-07
41,3758,-1.1284580697e-07
41,3759,-5.2229956099e-08
41,3760,9.5489682180e-08
41,3761,5.0024338941e-08
41,3822,9.7905646797e-08
41,3823,1.5998598767e-07
41,3824,1.8303392808e-07
41,3825,2.4404732776e-08
