0,0,2.2532650933e-04
0,1,-2.9969980864e-05
0,2,-8.1811101459e-05
0,3,3.5671316612e-07
0,4,1.1047568287e-05
0,5,-9.7824845435e-05
1,0,-2.9969980864e-05
1,1,1.5215243565e-04
1,2,-3.4454274201e-05
1,3,1.1047568287e-05
1,4,3.5525032107e-06
1,5,1.6387786637e-05
2,0,-8.1811101459e-05
2,1,-3.4454274201e-05
2,2,1.7487340857e-04
2,3,3.5730018908e-06
2,4,2.6584629837e-06
2,5,-5.4035613027e-06
3,0,3.5671316612e-07
3,1,1.1047568287e-05
3,2,3.5730018908e-06
3,3,1.3782930761e-04
3,4,-1.5312298895e-05
3,5,-6.2487010590e-06
4,0,1.1047568287e-05
4,1,3.5525032107e-06
4,2,2.6584629837e-06
4,3,-1.5312298895e-05
4,4,6.0332384900e-05
4,5,1.0172449589e-06
5,0,-9.7824845435e-05
5,1,1.6387786637e-05
5,2,-5.4035613027e-06
5,3,-6.2487010590e-06
5,4,1.0172449589e-06
5,5,1.5592599250e-04
6,6,2.4613799102e-04
6,7,1.3782748830e-05
6,8,-5.6627907709e-05
6,9,3.5303377884e-06
6,10,-2.1676142628e-05
6,11,-9.9706518107e-05
7,6,1.3782748830e-05
7,7,1.9548845060e-04
7,8,-5.5615868108e-06
7,9,-2.1676142628e-05
7,10,1.9333706666e-06
7,11,1.6958945207e-05
8,6,-5.6627907709e-05
8,7,-5.5615868108e-06
8,8,2.0401624669e-04
8,9,-1.7854635211e-06
8,10,-2.4011333350e-06
8,11,-1.8408343555e-05
9,6,3.5303377884e-06
9,7,-2.1676142628e-05
9,8,-1.7854635211e-06
9,9,1.5695777011e-04
9,10,2.8951290554e-05
9,11,-5.4867428642e-06
10,6,-2.1676142628e-05
10,7,1.9333706666e-06
10,8,-2.4011333350e-06
10,9,2.8951290554e-05
10,10,9.1581554838e-05
10,11,-1.7118704620e-05
11,6,-9.9706518107e-05
11,7,1.6958945207e-05
11,8,-1.8408343555e-05
11,9,-5.4867428642e-06
11,10,-1.7118704620e-05
11,11,1.7048171967e-04
12,12,2.4966178041e-04
12,13,8.8192691199e-07
12,14,-5.2567350083e-05
12,15,-8.7851714696e-07
12,16,-5.6448668399e-06
12,17,-1.0895435935e-04
13,12,8.8192691199e-07
13,13,2.0264411313e-04
13,14,-9.6071232127e-07
13,15,-5.6448668399e-06
13,16,-1.0830473202e-06
13,17,1.4211616991e-06
14,12,-5.2567350083e-05
14,13,-9.6071232127e-07
14,14,2.2345960864e-04
14,15,-2.2867168545e-07
14,16,7.4197389789e-07
14,17,-3.0974012551e-05
15,12,-8.7851714696e-07
15,13,-5.6448668399e-06
15,14,-2.2867168545e-07
15,15,1.5221003883e-04
15,16,2.1530525785e-06
15,17,-5.9493099158e-07
16,12,-5.6448668399e-06
16,13,-1.0830473202e-06
16,14,7.4197389789e-07
16,15,2.1530525785e-06
16,16,8.0413161518e-05
16,17,-4.3154079690e-06
17,12,-1.0895435935e-04
17,13,1.4211616991e-06
17,14,-3.0974012551e-05
17,15,-5.9493099158e-07
17,16,-4.3154079690e-06
17,17,1.6891662099e-04
18,18,2.4407121943e-04
18,19,-6.9659131015e-06
18,20,-1.0975102025e-04
18,21,-2.7334374437e-05
18,22,-4.8100205619e-07
18,23,-6.3000696343e-05
19,18,-6.9659131015e-06
19,19,1.4590692268e-04
19,20,-3.5311726666e-06
19,21,-4.8100205619e-07
19,22,-2.7093917902e-05
19,23,2.7332081557e-07
20,18,-1.0975102025e-04
20,19,-3.5311726666e-06
20,20,1.6705313908e-04
20,21,2.6883857898e-07
20,22,-2.8946545136e-08
20,23,-1.9759054648e-05
21,18,-2.7334374437e-05
21,19,-4.8100205619e-07
21,20,2.6883857898e-07
21,21,1.8772168357e-04
21,22,-6.7214475322e-06
21,23,-2.2431089276e-05
22,18,-4.8100205619e-07
22,19,-2.7093917902e-05
22,20,-2.8946545136e-08
22,21,-6.7214475322e-06
22,22,7.3750143096e-05
22,23,2.9495109930e-06
23,18,-6.3000696343e-05
23,19,2.7332081557e-07
23,20,-1.9759054648e-05
23,21,-2.2431089276e-05
23,22,2.9495109930e-06
23,23,2.0496221820e-04
24,24,2.6436398207e-04
24,25,-4.9753870991e-06
24,26,-1.5485410341e-05
24,27,-3.0913548688e-05
24,28,-1.1107441605e-06
24,29,-3.2553471662e-05
25,24,-4.9753870991e-06
25,25,2.5051341000e-04
25,26,-1.3097241452e-05
25,27,-1.1107441605e-06
25,28,-4.4973844559e-05
25,29,2.4355517019e-07
26,24,-1.5485410341e-05
26,25,-1.3097241452e-05
26,26,2.5061292212e-04
26,27,-1.5719888676e-05
26,28,-6.9311936950e-06
26,29,-1.4373126380e-05
27,24,-3.0913548688e-05
27,25,-1.1107441605e-06
27,26,-1.5719888676e-05
27,27,2.3524727186e-04
27,28,-4.7575447324e-06
27,29,-5.0815957023e-05
28,24,-1.1107441605e-06
28,25,-4.4973844559e-05
28,26,-6.9311936950e-06
28,27,-4.7575447324e-06
28,28,2.0989819868e-04
28,29,3.0956973402e-06
29,24,-3.2553471662e-05
29,25,2.4355517019e-07
29,26,-1.4373126380e-05
29,27,-5.0815957023e-05
29,28,3.0956973402e-06
29,29,2.2868583555e-04
30,30,2.5033619088e-04
30,31,-8.1351471086e-07
30,32,-1.1423855832e-04
30,33,2.1554934015e-06
30,34,1.4050296477e-06
30,35,-5.7052428130e-05
31,30,-8.1351471086e-07
31,31,1.4815811806e-04
31,32,-3.9233054707e-07
31,33,1.4050296477e-06
31,34,2.8383543245e-06
31,35,-4.7561081065e-08
32,30,-1.1423855832e-04
32,31,-3.9233054707e-07
32,32,1.7110734928e-04
32,33,7.6346172148e-07
32,34,3.8728086721e-07
32,35,-3.0318357917e-05
33,30,2.1554934015e-06
33,31,1.4050296477e-06
33,32,7.6346172148e-07
33,33,1.9930694785e-04
33,34,-8.5605463500e-07
33,35,6.9318544490e-07
34,30,1.4050296477e-06
34,31,2.8383543245e-06
34,32,3.8728086721e-07
34,33,-8.5605463500e-07
34,34,7.2874188693e-05
34,35,6.0777358980e-07
35,30,-5.7052428130e-05
35,31,-4.7561081065e-08
35,32,-3.0318357917e-05
35,33,6.9318544490e-07
35,34,6.0777358980e-07
35,35,2.2365327947e-04
36,36,2.4906571890e-04
36,37,8.0194004755e-07
36,38,-6.7724685100e-05
36,39,1.5986028179e-07
36,40,4.5556494133e-06
36,41,-1.0909455631e-04
37,36,8.0194004755e-07
37,37,1.8849091905e-04
37,38,3.9213672073e-06
37,39,4.5556494133e-06
37,40,1.6024521791e-06
37,41,-2.6034731464e-06
38,36,-6.7724685100e-05
38,37,3.9213672073e-06
38,38,2.0487695743e-04
38,39,1.6128667731e-06
38,40,1.3734920059e-06
38,41,-2.2051212023e-05
39,36,1.5986028179e-07
39,37,4.5556494133e-06
39,38,1.6128667731e-06
39,39,1.5148858135e-04
39,40,-1.5266771256e-06
39,41,-1.1817522767e-06
40,36,4.5556494133e-06
40,37,1.6024521791e-06
40,38,1.3734920059e-06
40,39,-1.5266771256e-06
40,40,7.3272811878e-05
40,41,1.6061518326e-06
41,36,-1.0909455631e-04
41,37,-2.6034731464e-06
41,38,-2.2051212023e-05
41,39,-1.1817522767e-06
41,40,1.6061518326e-06
41,41,1.6952784571e-04
42,42,2.3425632074e-04
42,43,-5.4476969481e-05
42,44,-4.2354417744e-05
42,45,4.7557635336e-06
42,46,5.1468843727e-06
42,47,-2.7795054983e-05
43,42,-5.4476969481e-05
43,43,1.9637337785e-04
43,44,-6.8263819460e-05
43,45,5.1468843727e-06
43,46,4.7729741043e-06
43,47,-2.6173731633e-05
44,42,-4.2354417744e-05
44,43,-6.8263819460e-05
44,44,2.0365657045e-04
44,45,1.9242002990e-08
44,46,-8.4151076572e-08
44,47,-8.0128986860e-06
45,42,4.7557635336e-06
45,43,5.1468843727e-06
45,44,1.9242002990e-08
45,45,2.0939566778e-04
45,46,-7.7887466744e-05
45,47,4.1568522052e-06
46,42,5.1468843727e-06
46,43,4.7729741043e-06
46,44,-8.4151076572e-08
46,45,-7.7887466744e-05
46,46,1.6510240595e-04
46,47,4.7867200808e-06
47,42,-2.7795054983e-05
47,43,-2.6173731633e-05
47,44,-8.0128986860e-06
47,45,4.1568522052e-06
47,46,4.7867200808e-06
47,47,2.1460059588e-04
48,48,2.4611247073e-04
48,49,2.4989132538e-06
48,50,-9.0003566772e-05
48,51,-1.3395939625e-06
48,52,-6.2339043130e-06
48,53,-6.9365010340e-05
49,48,2.4989132538e-06
49,49,1.6561083332e-04
49,50,9.7142485788e-07
49,51,-6.2339043130e-06
49,52,-4.1331438137e-06
49,53,1.9427700955e-06
50,48,-9.0003566772e-05
50,49,9.7142485788e-07
50,50,1.6634787075e-04
50,51,-3.1232836830e-06
50,52,-1.0721399595e-06
50,53,-1.6866479625e-05
51,48,-1.3395939625e-06
51,49,-6.2339043130e-06
51,50,-3.1232836830e-06
51,51,1.8407051938e-04
51,52,4.2365796530e-06
51,53,1.6621095647e-06
52,48,-6.2339043130e-06
52,49,-4.1331438137e-06
52,50,-1.0721399595e-06
52,51,4.2365796530e-06
52,52,9.0075698272e-05
52,53,-4.9175752524e-06
53,48,-6.9365010340e-05
53,49,1.9427700955e-06
53,50,-1.6866479625e-05
53,51,1.6621095647e-06
53,52,-4.9175752524e-06
53,53,1.8726276554e-04
54,54,2.5982020871e-04
54,55,8.5807582141e-06
54,56,-6.3659066441e-05
54,57,1.8084284211e-05
54,58,1.9790298929e-05
54,59,-9.9259455511e-05
55,54,8.5807582141e-06
55,55,2.0288180874e-04
55,56,1.8462333713e-05
55,57,1.9790298929e-05
55,58,1.9453014932e-05
55,59,-4.5404177769e-06
56,54,-6.3659066441e-05
56,55,1.8462333713e-05
56,56,2.0651466420e-04
56,57,1.5302874677e-06
56,58,5.3428598427e-06
56,59,-1.8347464646e-05
57,54,1.8084284211e-05
57,55,1.9790298929e-05
57,56,1.5302874677e-06
57,57,1.7103985274e-04
57,58,4.5196850959e-06
57,59,1.4259531434e-05
58,54,1.9790298929e-05
58,55,1.9453014932e-05
58,56,5.3428598427e-06
58,57,4.5196850959e-06
58,58,9.9423481046e-05
58,59,1.3651309117e-05
59,54,-9.9259455511e-05
59,55,-4.5404177769e-06
59,56,-1.8347464646e-05
59,57,1.4259531434e-05
59,58,1.3651309117e-05
59,59,1.7707361583e-04
60,60,2.6105854527e-04
60,61,-8.9483116364e-06
60,62,-6.7016368048e-05
60,63,1.1151602019e-05
60,64,5.5696868542e-06
60,65,-9.6277266626e-05
61,60,-8.9483116364e-06
61,61,2.0111728345e-04
61,62,-1.2922208130e-05
61,63,5.5696868542e-06
61,64,1.5047226377e-05
61,65,3.5556261534e-06
62,60,-6.7016368048e-05
62,61,-1.2922208130e-05
62,62,2.0602675706e-04
62,63,4.3554404405e-06
62,64,5.1789008347e-08
62,65,-2.0462536657e-05
63,60,1.1151602019e-05
63,61,5.5696868542e-06
63,62,4.3554404405e-06
63,63,1.7494554013e-04
63,64,-5.7680629238e-06
63,65,6.6687036561e-06
64,60,5.5696868542e-06
64,61,1.5047226377e-05
64,62,5.1789008347e-08
64,63,-5.7680629238e-06
64,64,9.8634248979e-05
64,65,3.1412161833e-06
65,60,-9.6277266626e-05
65,61,3.5556261534e-06
65,62,-2.0462536657e-05
65,63,6.6687036561e-06
65,64,3.1412161833e-06
65,65,1.7641534378e-04
66,66,2.5094908092e-04
66,67,1.4177615078e-06
66,68,-5.3368242660e-05
66,69,-3.6788170534e-07
66,70,-7.5348899320e-07
66,71,-1.1112333792e-04
67,66,1.4177615078e-06
67,67,2.0321507355e-04
67,68,9.1899543950e-07
67,69,-7.5348899320e-07
67,70,-4.7828697037e-07
67,71,3.2116560065e-07
68,66,-5.3368242660e-05
68,67,9.1899543950e-07
68,68,2.2608062418e-04
68,69,-1.2343683884e-07
68,70,1.9142078696e-07
68,71,-3.1850047915e-05
69,66,-3.6788170534e-07
69,67,-7.5348899320e-07
69,68,-1.2343683884e-07
69,69,1.5155734593e-04
69,70,1.7050207539e-06
69,71,-1.7292667956e-07
70,66,-7.5348899320e-07
70,67,-4.7828697037e-07
70,68,1.9142078696e-07
70,69,1.7050207539e-06
70,70,7.8343300229e-05
70,71,-6.3759599046e-07
71,66,-1.1112333792e-04
71,67,3.2116560065e-07
71,68,-3.1850047915e-05
71,69,-1.7292667956e-07
71,70,-6.3759599046e-07
71,71,1.7026614165e-04
72,72,2.5533356764e-04
72,73,5.8941879847e-07
72,74,-4.9708688554e-05
72,75,-3.3703606142e-06
72,76,-3.5004185722e-06
72,77,-1.0665580360e-04
73,72,5.8941879847e-07
73,73,2.1087276496e-04
73,74,-2.8157632387e-06
73,75,-3.5004185722e-06
73,76,-5.1198813968e-06
73,77,2.5963993915e-06
74,72,-4.9708688554e-05
74,73,-2.8157632387e-06
74,74,2.3010711642e-04
74,75,-1.9560236989e-06
74,76,4.6187066363e-07
74,77,-3.2655422948e-05
75,72,-3.3703606142e-06
75,73,-3.5004185722e-06
75,74,-1.9560236989e-06
75,75,1.5993771682e-04
75,76,2.9117090129e-06
75,77,-1.4930551242e-06
76,72,-3.5004185722e-06
76,73,-5.1198813968e-06
76,74,4.6187066363e-07
76,75,2.9117090129e-06
76,76,8.9352575790e-05
76,77,-3.0198916693e-06
77,72,-1.0665580360e-04
77,73,2.5963993915e-06
77,74,-3.2655422948e-05
77,75,-1.4930551242e-06
77,76,-3.0198916693e-06
77,77,1.7151197297e-04
78,78,2.4837816285e-04
78,79,-2.6727141482e-05
78,80,-7.9796409333e-05
78,81,-1.5029281367e-05
78,82,-1.1229328525e-06
78,83,-1.1124173770e-04
79,78,-2.6727141482e-05
79,79,1.7700608460e-04
79,80,-1.5593977463e-05
79,81,-1.1229328525e-06
79,82,-1.9558392416e-05
79,83,-2.5311595530e-07
80,78,-7.9796409333e-05
80,79,-1.5593977463e-05
80,80,1.9325687055e-04
80,81,-5.0637000916e-06
80,82,-1.4466511521e-06
80,83,-9.8642608478e-06
81,78,-1.5029281367e-05
81,79,-1.1229328525e-06
81,80,-5.0637000916e-06
81,81,1.4888052788e-04
81,82,-2.6953535275e-05
81,83,-2.9366238405e-06
82,78,-1.1229328525e-06
82,79,-1.9558392416e-05
82,80,-1.4466511521e-06
82,81,-2.6953535275e-05
82,82,6.9617040951e-05
82,83,6.6207945884e-06
83,78,-1.1124173770e-04
83,79,-2.5311595530e-07
83,80,-9.8642608478e-06
83,81,-2.9366238405e-06
83,82,6.6207945884e-06
83,83,1.7133884149e-04
84,84,2.5516190300e-04
84,85,-5.7729708178e-07
84,86,-5.4622152343e-05
84,87,-3.3931312214e-06
84,88,-5.3525009210e-06
84,89,-1.1047206364e-04
85,84,-5.7729708178e-07
85,85,2.0630636471e-04
85,86,9.0278716589e-07
85,87,-5.3525009210e-06
85,88,-3.9804453342e-06
85,89,-1.0145376676e-06
86,84,-5.4622152343e-05
86,85,9.0278716589e-07
86,86,2.2608716469e-04
86,87,-6.5663714012e-07
86,88,1.0972703926e-06
86,89,-3.0694361997e-05
87,84,-3.3931312214e-06
87,85,-5.3525009210e-06
87,86,-6.5663714012e-07
87,87,1.5635268543e-04
87,88,-1.4847271580e-06
87,89,-1.8197570488e-06
88,84,-5.3525009210e-06
88,85,-3.9804453342e-06
88,86,1.0972703926e-06
88,87,-1.4847271580e-06
88,88,8.2941657541e-05
88,89,-4.3632443180e-06
89,84,-1.1047206364e-04
89,85,-1.0145376676e-06
89,86,-3.0694361997e-05
89,87,-1.8197570488e-06
89,88,-4.3632443180e-06
89,89,1.7245921415e-04
90,90,2.5166837620e-04
90,91,-2.6061452368e-06
90,92,-5.1885691120e-05
90,93,4.6586630811e-06
90,94,8.3461065013e-06
90,95,-1.0688730992e-04
91,90,-2.6061452368e-06
91,91,2.0526040324e-04
91,92,-6.1469550097e-07
91,93,8.3461065013e-06
91,94,5.7221999385e-06
91,95,-1.2457735275e-06
92,90,-5.1885691120e-05
92,91,-6.1469550097e-07
92,92,2.2294573069e-04
92,93,1.1890703549e-06
92,94,-2.2959331039e-06
92,95,-2.9929473742e-05
93,90,4.6586630811e-06
93,91,8.3461065013e-06
93,92,1.1890703549e-06
93,93,1.5606545984e-04
93,94,-3.7203989536e-06
93,95,2.1840957463e-06
94,90,8.3461065013e-06
94,91,5.7221999385e-06
94,92,-2.2959331039e-06
94,93,-3.7203989536e-06
94,94,8.5713907885e-05
94,95,7.3444677755e-06
95,90,-1.0688730992e-04
95,91,-1.2457735275e-06
95,92,-2.9929473742e-05
95,93,2.1840957463e-06
95,94,7.3444677755e-06
95,95,1.6955332627e-04
96,96,2.5292464992e-04
96,97,-9.8986594824e-06
96,98,-5.8275025080e-05
96,99,1.6604329974e-06
96,100,4.9414245578e-06
96,101,-1.0086739914e-04
97,96,-9.8986594824e-06
97,97,2.0080188293e-04
97,98,-9.1329320209e-06
97,99,4.9414245578e-06
97,100,1.0510049213e-06
97,101,-1.1602088439e-06
98,96,-5.8275025080e-05
98,97,-9.1329320209e-06
98,98,2.1230363174e-04
98,99,-6.8136130279e-07
98,100,-1.0749053352e-06
98,101,-2.5300504490e-05
99,96,1.6604329974e-06
99,97,4.9414245578e-06
99,98,-6.8136130279e-07
99,99,1.6270610544e-04
99,100,-1.0936381820e-05
99,101,1.0599206562e-06
100,96,4.9414245578e-06
100,97,1.0510049213e-06
100,98,-1.0749053352e-06
100,99,-1.0936381820e-05
100,100,9.0342934858e-05
100,101,4.6624970920e-06
101,96,-1.0086739914e-04
101,97,-1.1602088439e-06
101,98,-2.5300504490e-05
101,99,1.0599206562e-06
101,100,4.6624970920e-06
101,101,1.6986249697e-04
102,102,2.5698132364e-04
102,103,-2.2129630500e-05
102,104,-6.3103311344e-05
102,105,-8.8104221569e-06
102,106,-1.1687967112e-05
102,107,-1.0962085581e-04
103,102,-2.2129630500e-05
103,103,2.0054000613e-04
103,104,-2.2833174739e-05
103,105,-1.1687967112e-05
103,106,-7.2710307752e-06
103,107,2.6968998227e-06
104,102,-6.3103311344e-05
104,103,-2.2833174739e-05
104,104,2.1804022499e-04
104,105,1.7210918867e-06
104,106,-2.9191604365e-06
104,107,-2.4044371123e-05
105,102,-8.8104221569e-06
105,103,-1.1687967112e-05
105,104,1.7210918867e-06
105,105,1.5893344950e-04
105,106,-1.9717449967e-05
105,107,-4.2720441496e-06
106,102,-1.1687967112e-05
106,103,-7.2710307752e-06
106,104,-2.9191604365e-06
106,105,-1.9717449967e-05
106,106,8.3256635097e-05
106,107,-3.8952769590e-06
107,102,-1.0962085581e-04
107,103,2.6968998227e-06
107,104,-2.4044371123e-05
107,105,-4.2720441496e-06
107,106,-3.8952769590e-06
107,107,1.7489100639e-04
108,108,2.6187222259e-04
108,109,-6.7586676515e-06
108,110,-8.4628471953e-05
108,111,-8.0650757363e-07
108,112,5.1494085558e-06
108,113,-1.0057261271e-04
109,108,-6.7586676515e-06
109,109,1.8617821615e-04
109,110,-6.6783803155e-06
109,111,5.1494085558e-06
109,112,-1.2151711363e-08
109,113,1.0653865501e-06
110,108,-8.4628471953e-05
110,109,-6.6783803155e-06
110,110,1.9419573828e-04
110,111,8.8811685318e-07
110,112,1.0308076934e-05
110,113,-1.3441672643e-05
111,108,-8.0650757363e-07
111,109,5.1494085558e-06
111,110,8.8811685318e-07
111,111,1.7191734312e-04
111,112,-5.8057569521e-06
111,113,-1.5215753973e-06
112,108,5.1494085558e-06
112,109,-1.2151711363e-08
112,110,1.0308076934e-05
112,111,-5.8057569521e-06
112,112,8.5469998555e-05
112,113,-4.4359023222e-06
113,108,-1.0057261271e-04
113,109,1.0653865501e-06
113,110,-1.3441672643e-05
113,111,-1.5215753973e-06
113,112,-4.4359023222e-06
113,113,1.7709059495e-04
114,114,2.5180285184e-04
114,115,1.2275669624e-06
114,116,-4.4223626012e-05
114,117,2.8383433300e-07
114,118,-1.1014608217e-06
114,119,-1.0043021481e-04
115,114,1.2275669624e-06
115,115,2.1224803825e-04
115,116,1.9707741033e-06
115,117,-1.1014608217e-06
115,118,6.7569069580e-07
115,119,-3.7951948280e-07
116,114,-4.4223626012e-05
116,115,1.9707741033e-06
116,116,2.3024045713e-04
116,117,4.3810873232e-07
116,118,1.5135801401e-07
116,119,-3.3698870325e-05
117,114,2.8383433300e-07
117,115,-1.1014608217e-06
117,116,4.3810873232e-07
117,117,1.6197533692e-04
117,118,8.8811441745e-07
117,119,-4.2275791962e-08
118,114,-1.1014608217e-06
118,115,6.7569069580e-07
118,116,1.5135801401e-07
118,117,8.8811441745e-07
118,118,9.5461427069e-05
118,119,-9.8952969469e-07
119,114,-1.0043021481e-04
119,115,-3.7951948280e-07
119,116,-3.3698870325e-05
119,117,-4.2275791962e-08
119,118,-9.8952969469e-07
119,119,1.6828526680e-04
120,120,2.3670348321e-04
120,121,-2.9762556884e-06
120,122,-4.9148132397e-05
120,123,-3.5389446388e-06
120,124,-1.0338915223e-07
120,125,-7.5330527917e-05
121,120,-2.9762556884e-06
121,121,1.9274405721e-04
121,122,1.3714434762e-05
121,123,-1.0338915223e-07
121,124,-4.7285222377e-06
121,125,-1.6698887598e-05
122,120,-4.9148132397e-05
122,121,1.3714434762e-05
122,122,1.8828243672e-04
122,123,-1.3299881878e-06
122,124,8.7810475254e-06
122,125,-1.5395114889e-05
123,120,-3.5389446388e-06
123,121,-1.0338915223e-07
123,122,-1.3299881878e-06
123,123,1.6932581073e-04
123,124,-1.7912194815e-05
123,125,-5.2917686736e-07
124,120,-1.0338915223e-07
124,121,-4.7285222377e-06
124,122,8.7810475254e-06
124,123,-1.7912194815e-05
124,124,1.1305029282e-04
124,125,-7.9665957757e-06
125,120,-7.5330527917e-05
125,121,-1.6698887598e-05
125,122,-1.5395114889e-05
125,123,-5.2917686736e-07
125,124,-7.9665957757e-06
125,125,1.6077721605e-04
126,126,2.5754094404e-04
126,127,3.2763939310e-05
126,128,-6.8564832816e-05
126,129,1.2448762570e-05
126,130,-1.4762590857e-05
126,131,-1.0956037746e-04
127,126,3.2763939310e-05
127,127,1.9621469322e-04
127,128,3.0059309653e-05
127,129,-1.4762590857e-05
127,130,1.1281703232e-05
127,131,-3.9182324679e-06
128,126,-6.8564832816e-05
128,127,3.0059309653e-05
128,128,2.1434401002e-04
128,129,-1.3048120068e-06
128,130,-2.8475188331e-06
128,131,-1.9121180614e-05
129,126,1.2448762570e-05
129,127,-1.4762590857e-05
129,128,-1.3048120068e-06
129,129,1.5954716338e-04
129,130,2.9259365650e-05
129,131,3.1522743056e-06
130,126,-1.4762590857e-05
130,127,1.1281703232e-05
130,128,-2.8475188331e-06
130,129,2.9259365650e-05
130,130,8.2923968075e-05
130,131,-3.0794044928e-06
131,126,-1.0956037746e-04
131,127,-3.9182324679e-06
131,128,-1.9121180614e-05
131,129,3.1522743056e-06
131,130,-3.0794044928e-06
131,131,1.7664772236e-04
132,132,2.5018083038e-04
132,133,4.2543986329e-07
132,134,-5.4216851445e-05
132,135,-2.7811864139e-07
132,136,2.4115063357e-06
132,137,-1.1155353274e-04
133,132,4.2543986329e-07
133,133,2.0168780424e-04
133,134,1.3313437548e-07
133,135,2.4115063357e-06
133,136,-2.8961368128e-07
133,137,1.4955035822e-07
134,132,-5.4216851445e-05
134,133,1.3313437548e-07
134,134,2.2467149768e-04
134,135,-1.2851845302e-08
134,136,-1.2754804885e-07
134,137,-3.1297704700e-05
135,132,-2.7811864139e-07
135,133,2.4115063357e-06
135,134,-1.2851845302e-08
135,135,1.5040431745e-04
135,136,5.5920177010e-07
135,137,-1.4638506598e-07
136,132,2.4115063357e-06
136,133,-2.8961368128e-07
136,134,-1.2754804885e-07
136,135,5.5920177010e-07
136,136,7.6873127548e-05
136,137,1.5998099487e-06
137,132,-1.1155353274e-04
137,133,1.4955035822e-07
137,134,-3.1297704700e-05
137,135,-1.4638506598e-07
137,136,1.5998099487e-06
137,137,1.7001241959e-04
138,138,2.5037774135e-04
138,139,-1.4280076468e-05
138,140,-6.5664772610e-05
138,141,4.3852922402e-06
138,142,1.2465482480e-05
138,143,-1.0007101922e-04
139,138,-1.4280076468e-05
139,139,1.9164538323e-04
139,140,-2.4077220553e-05
139,141,1.2465482480e-05
139,142,-6.6657013178e-07
139,143,1.0014554160e-05
140,138,-6.5664772610e-05
140,139,-2.4077220553e-05
140,140,2.0432977849e-04
140,141,-5.6481538383e-06
140,142,-3.1393387895e-06
140,143,-2.1628021381e-05
141,138,4.3852922402e-06
141,139,1.2465482480e-05
141,140,-5.6481538383e-06
141,141,1.6087150073e-04
141,142,-5.3227869214e-06
141,143,7.2745939179e-06
142,138,1.2465482480e-05
142,139,-6.6657013178e-07
142,140,-3.1393387895e-06
142,141,-5.3227869214e-06
142,142,8.4836725507e-05
142,143,1.2319004008e-05
143,138,-1.0007101922e-04
143,139,1.0014554160e-05
143,140,-2.1628021381e-05
143,141,7.2745939179e-06
143,142,1.2319004008e-05
143,143,1.7096655907e-04
144,144,2.3955233115e-04
144,145,4.1640291252e-06
144,146,-1.0283195281e-04
144,147,1.0809067929e-05
144,148,-2.1213918090e-05
144,149,-5.3010634994e-05
145,144,4.1640291252e-06
145,145,1.4757663646e-04
145,146,2.5595347508e-06
145,147,-2.1213918090e-05
145,148,2.1181377999e-05
145,149,-8.2640830495e-06
146,144,-1.0283195281e-04
146,145,2.5595347508e-06
146,146,1.6244121628e-04
146,147,1.1596595200e-05
146,148,-1.0987307514e-05
146,149,-1.9685278458e-05
147,144,1.0809067929e-05
147,145,-2.1213918090e-05
147,146,1.1596595200e-05
147,147,1.9213817780e-04
147,148,-3.2275914630e-06
147,149,-3.9959462647e-06
148,144,-2.1213918090e-05
148,145,2.1181377999e-05
148,146,-1.0987307514e-05
148,147,-3.2275914630e-06
148,148,8.4414260338e-05
148,149,-6.7582164708e-06
149,144,-5.3010634994e-05
149,145,-8.2640830495e-06
149,146,-1.9685278458e-05
149,147,-3.9959462647e-06
149,148,-6.7582164708e-06
149,149,2.0224592470e-04
150,150,2.5052719293e-04
150,151,1.4840204851e-06
150,152,-5.0050639930e-05
150,153,-9.6112276493e-07
150,154,-1.1240817037e-06
150,155,-1.0828548900e-04
151,150,1.4840204851e-06
151,151,2.0576053965e-04
151,152,9.6430684703e-07
151,153,-1.1240817037e-06
151,154,-1.3765688361e-06
151,155,4.3558776143e-07
152,150,-5.0050639930e-05
152,151,9.6430684703e-07
152,152,2.2773169646e-04
152,153,-4.6448282801e-07
152,154,8.3216969978e-08
152,155,-3.2952585408e-05
153,150,-9.6112276493e-07
153,151,-1.1240817037e-06
153,152,-4.6448282801e-07
153,153,1.5367370718e-04
153,154,1.8736220230e-06
153,155,-4.0497821480e-07
154,150,-1.1240817037e-06
154,151,-1.3765688361e-06
154,152,8.3216969978e-08
154,153,1.8736220230e-06
154,154,8.2544985570e-05
154,155,-8.6027788291e-07
155,150,-1.0828548900e-04
155,151,4.3558776143e-07
155,152,-3.2952585408e-05
155,153,-4.0497821480e-07
155,154,-8.6027788291e-07
155,155,1.6915781441e-04
156,156,2.4974397497e-04
156,157,-4.1231432188e-06
156,158,-1.0263505608e-04
156,159,4.7671536066e-08
156,160,-3.4870131915e-06
156,161,-6.2917534149e-05
157,156,-4.1231432188e-06
157,157,1.5794439006e-04
157,158,-2.9297532826e-06
157,159,-3.4870131915e-06
157,160,-9.9673247926e-07
157,161,-2.2959458371e-07
158,156,-1.0263505608e-04
158,157,-2.9297532826e-06
158,158,1.6839058690e-04
158,159,-1.1676791871e-06
158,160,-3.3181994712e-06
158,161,-2.2975095072e-05
159,156,4.7671536066e-08
159,157,-3.4870131915e-06
159,158,-1.1676791871e-06
159,159,1.9346882163e-04
159,160,-4.3284988574e-06
159,161,1.3922532291e-06
160,156,-3.4870131915e-06
160,157,-9.9673247926e-07
160,158,-3.3181994712e-06
160,159,-4.3284988574e-06
160,160,8.3289160672e-05
160,161,1.2707570386e-06
161,156,-6.2917534149e-05
161,157,-2.2959458371e-07
161,158,-2.2975095072e-05
161,159,1.3922532291e-06
161,160,1.2707570386e-06
161,161,2.0450999562e-04
162,162,2.5290536086e-04
162,163,-8.1231062600e-06
162,164,-3.4881908828e-05
162,165,7.0975602792e-05
162,166,5.6178287166e-06
162,167,-4.9186842218e-05
163,162,-8.1231062600e-06
163,163,2.2170603313e-04
163,164,-6.4915222970e-06
163,165,5.6178287166e-06
163,166,9.8509623707e-05
163,167,1.1002278924e-06
164,162,-3.4881908828e-05
164,163,-6.4915222970e-06
164,164,2.3014717603e-04
164,165,3.0783971230e-05
164,166,-2.9708525762e-07
164,167,-4.3667605596e-06
165,162,7.0975602792e-05
165,163,5.6178287166e-06
165,164,3.0783971230e-05
165,165,2.0891131174e-04
165,166,-7.1390325168e-06
165,167,7.9920990415e-05
166,162,5.6178287166e-06
166,163,9.8509623707e-05
166,164,-2.9708525762e-07
166,165,-7.1390325168e-06
166,166,1.7421857557e-04
166,167,1.3892517923e-06
167,162,-4.9186842218e-05
167,163,1.1002278924e-06
167,164,-4.3667605596e-06
167,165,7.9920990415e-05
167,166,1.3892517923e-06
167,167,2.2401986277e-04
168,168,2.3864453730e-04
168,169,-6.1905992546e-07
168,170,-3.0535804763e-05
168,171,5.0132119261e-05
168,172,7.2509222511e-06
168,173,-3.9962771488e-05
169,168,-6.1905992546e-07
169,169,2.1133248322e-04
169,170,8.6324580937e-06
169,171,7.2509222511e-06
169,172,7.1884670924e-05
169,173,-7.6006624805e-06
170,168,-3.0535804763e-05
170,169,8.6324580937e-06
170,170,2.1219608692e-04
170,171,2.4320092102e-05
170,172,2.7245072563e-06
170,173,-7.3364206529e-06
171,168,5.0132119261e-05
171,169,7.2509222511e-06
171,170,2.4320092102e-05
171,171,2.0290074785e-04
171,172,-7.4172991176e-06
171,173,6.5668471762e-05
172,168,7.2509222511e-06
172,169,7.1884670924e-05
172,170,2.7245072563e-06
172,171,-7.4172991176e-06
172,172,1.6971955725e-04
172,173,3.8139663361e-06
173,168,-3.9962771488e-05
173,169,-7.6006624805e-06
173,170,-7.3364206529e-06
173,171,6.5668471762e-05
173,172,3.8139663361e-06
173,173,2.0661081378e-04
174,174,2.5869849561e-04
174,175,7.4616117875e-06
174,176,-6.9054868914e-05
174,177,-7.4787778504e-07
174,178,-3.3488986481e-06
174,179,-1.1124377160e-04
175,174,7.4616117875e-06
175,175,1.9693394318e-04
175,176,1.2077804870e-05
175,177,-3.3488986481e-06
175,178,7.6263230491e-07
175,179,-4.3532842700e-06
176,174,-6.9054868914e-05
176,175,1.2077804870e-05
176,176,2.1221772928e-04
176,177,1.6888016209e-06
176,178,-1.8770468158e-07
176,179,-2.2767033040e-05
177,174,-7.4787778504e-07
177,175,-3.3488986481e-06
177,176,1.6888016209e-06
177,177,1.5919904146e-04
177,178,3.5679159663e-06
177,179,-1.7202563699e-06
178,174,-3.3488986481e-06
178,175,7.6263230491e-07
178,176,-1.8770468158e-07
178,177,3.5679159663e-06
178,178,7.9220862601e-05
178,179,-2.1628925620e-06
179,174,-1.1124377160e-04
179,175,-4.3532842700e-06
179,176,-2.2767033040e-05
179,177,-1.7202563699e-06
179,178,-2.1628925620e-06
179,179,1.7517571216e-04
180,180,2.5155264053e-04
180,181,-4.4386613041e-06
180,182,-9.6784345433e-05
180,183,-2.7533952245e-06
180,184,-3.4257431367e-06
180,185,-7.8482706018e-05
181,180,-4.4386613041e-06
181,181,1.6498609031e-04
181,182,-2.2569211427e-06
181,183,-3.4257431367e-06
181,184,-1.5271741521e-06
181,185,-1.4945112831e-06
182,180,-9.6784345433e-05
182,181,-2.2569211427e-06
182,182,1.7189156776e-04
182,183,1.3709568367e-06
182,184,-2.1190516272e-06
182,185,-1.5261532299e-05
183,180,-2.7533952245e-06
183,181,-3.4257431367e-06
183,182,1.3709568367e-06
183,183,1.8135557424e-04
183,184,-5.7753928330e-06
183,185,-3.7953950417e-06
184,180,-3.4257431367e-06
184,181,-1.5271741521e-06
184,182,-2.1190516272e-06
184,183,-5.7753928330e-06
184,184,8.2579798184e-05
184,185,-9.7998069184e-08
185,180,-7.8482706018e-05
185,181,-1.4945112831e-06
185,182,-1.5261532299e-05
185,183,-3.7953950417e-06
185,184,-9.7998069184e-08
185,185,1.8732890450e-04
186,186,2.4916569071e-04
186,187,-8.0625639047e-06
186,188,-9.0919832815e-05
186,189,1.3152655177e-06
186,190,3.9134703953e-06
186,191,-9.1361385118e-05
187,186,-8.0625639047e-06
187,187,1.6784452004e-04
187,188,-1.1568554298e-05
187,189,3.9134703953e-06
187,190,-2.9703070131e-06
187,191,5.9766955518e-06
188,186,-9.0919832815e-05
188,187,-1.1568554298e-05
188,188,1.7942461485e-04
188,189,-4.7914157507e-06
188,190,-5.5729953999e-06
188,191,-1.3039261009e-05
189,186,1.3152655177e-06
189,187,3.9134703953e-06
189,188,-4.7914157507e-06
189,189,1.6744958365e-04
189,190,-2.7168448909e-06
189,191,5.6655516219e-06
190,186,3.9134703953e-06
190,187,-2.9703070131e-06
190,188,-5.5729953999e-06
190,189,-2.7168448909e-06
190,190,7.5697004173e-05
190,191,8.6144484260e-06
191,186,-9.1361385118e-05
191,187,5.9766955518e-06
191,188,-1.3039261009e-05
191,189,5.6655516219e-06
191,190,8.6144484260e-06
191,191,1.7619292902e-04
192,192,2.5696135685e-04
192,193,3.1897590448e-06
192,194,-1.1092538206e-04
192,195,3.3612773008e-05
192,196,-1.6374587333e-05
192,197,-6.0844200253e-05
193,192,3.1897590448e-06
193,193,1.5774667897e-04
193,194,-3.8604471343e-06
193,195,-1.6374587333e-05
193,196,4.4623184793e-05
193,197,-4.3127270496e-06
194,192,-1.1092538206e-04
194,193,-3.8604471343e-06
194,194,1.7756785074e-04
194,195,1.2310014606e-05
194,196,-9.1623375946e-06
194,197,-1.5962151049e-05
195,192,3.3612773008e-05
195,193,-1.6374587333e-05
195,194,1.2310014606e-05
195,195,2.0254064973e-04
195,196,-6.6766129576e-07
195,197,1.4939893550e-05
196,192,-1.6374587333e-05
196,193,4.4623184793e-05
196,194,-9.1623375946e-06
196,195,-6.6766129576e-07
196,196,9.0556251008e-05
196,197,-4.6744777541e-06
197,192,-6.0844200253e-05
197,193,-4.3127270496e-06
197,194,-1.5962151049e-05
197,195,1.4939893550e-05
197,196,-4.6744777541e-06
197,197,2.1366961720e-04
198,198,2.4864400688e-04
198,199,-9.7713070132e-07
198,200,-5.1332476415e-05
198,201,-5.5144185047e-07
198,202,5.5732975351e-06
198,203,-1.0582860520e-04
199,198,-9.7713070132e-07
199,199,2.0273084419e-04
199,200,4.9069112469e-07
199,201,5.5732975351e-06
199,202,-2.6657386380e-07
199,203,-1.1352675579e-06
200,198,-5.1332476415e-05
200,199,4.9069112469e-07
200,200,2.2154051250e-04
200,201,3.1849209140e-07
200,202,3.9296797644e-07
200,203,-3.0608536781e-05
201,198,-5.5144185047e-07
201,199,5.5732975351e-06
201,200,3.1849209140e-07
201,201,1.5398802480e-04
201,202,-1.9925448741e-06
201,203,-7.3021316789e-07
202,198,5.5732975351e-06
202,199,-2.6657386380e-07
202,200,3.9296797644e-07
202,201,-1.9925448741e-06
202,202,8.3588032684e-05
202,203,3.7873288632e-06
203,198,-1.0582860520e-04
203,199,-1.1352675579e-06
203,200,-3.0608536781e-05
203,201,-7.3021316789e-07
203,202,3.7873288632e-06
203,203,1.6747672127e-04
204,204,2.5169778721e-04
204,205,8.7782860968e-07
204,206,-5.5031871929e-05
204,207,7.4125838016e-07
204,208,1.7290490446e-06
204,209,-1.1169724462e-04
205,204,8.7782860968e-07
205,205,2.0247578458e-04
205,206,5.0424485836e-07
205,207,1.7290490446e-06
205,208,1.0540557027e-06
205,209,2.2509951319e-07
206,204,-5.5031871929e-05
206,205,5.0424485836e-07
206,206,2.2481706033e-04
206,207,3.4971803815e-07
206,208,-2.9171167097e-07
206,209,-3.0987853116e-05
207,204,7.4125838016e-07
207,205,1.7290490446e-06
207,206,3.4971803815e-07
207,207,1.5179273446e-04
207,208,1.0791637350e-06
207,209,2.7453966659e-07
208,204,1.7290490446e-06
208,205,1.0540557027e-06
208,206,-2.9171167097e-07
208,207,1.0791637350e-06
208,208,7.7780449339e-05
208,209,1.2769341699e-06
209,204,-1.1169724462e-04
209,205,2.2509951319e-07
209,206,-3.0987853116e-05
209,207,2.7453966659e-07
209,208,1.2769341699e-06
209,209,1.7086308806e-04
210,210,2.7067550509e-04
210,211,-3.1233384846e-06
210,212,-6.9118326678e-05
210,213,-4.0290576223e-08
210,214,-5.8791330917e-06
210,215,-1.1192915158e-04
211,210,-3.1233384846e-06
211,211,2.0885419431e-04
211,212,-2.4640526384e-06
211,213,-5.8791330917e-06
211,214,1.3760784346e-06
211,215,-4.6024708594e-07
212,210,-6.9118326678e-05
212,211,-2.4640526384e-06
212,212,2.1689173096e-04
212,213,1.5835486947e-06
212,214,1.1695365797e-05
212,215,-2.2183472610e-05
213,210,-4.0290576223e-08
213,211,-5.8791330917e-06
213,212,1.5835486947e-06
213,213,1.7056302846e-04
213,214,-3.5349959928e-06
213,215,-1.1761365533e-06
214,210,-5.8791330917e-06
214,211,1.3760784346e-06
214,212,1.1695365797e-05
214,213,-3.5349959928e-06
214,214,9.0994939590e-05
214,215,-1.3302250875e-05
215,210,-1.1192915158e-04
215,211,-4.6024708594e-07
215,212,-2.2183472610e-05
215,213,-1.1761365533e-06
215,214,-1.3302250875e-05
215,215,1.8396774645e-04
216,216,2.4931804997e-04
216,217,-2.4762420632e-06
216,218,-6.5762621949e-05
216,219,1.5862453878e-06
216,220,1.1478539008e-05
216,221,-1.1093933713e-04
217,216,-2.4762420632e-06
217,217,1.9049817275e-04
217,218,6.8433169522e-06
217,219,1.1478539008e-05
217,220,3.7142555757e-06
217,221,-6.6685311877e-06
218,216,-6.5762621949e-05
218,217,6.8433169522e-06
218,218,2.0864973902e-04
218,219,2.3791877184e-06
218,220,1.1748012240e-07
218,221,-2.2535354453e-05
219,216,1.5862453878e-06
219,217,1.1478539008e-05
219,218,2.3791877184e-06
219,219,1.5009089029e-04
219,220,-8.4407576815e-06
219,221,-2.0114611826e-06
220,216,1.1478539008e-05
220,217,3.7142555757e-06
220,218,1.1748012240e-07
220,219,-8.4407576815e-06
220,220,7.3242729503e-05
220,221,6.6258912882e-06
221,216,-1.1093933713e-04
221,217,-6.6685311877e-06
221,218,-2.2535354453e-05
221,219,-2.0114611826e-06
221,220,6.6258912882e-06
221,221,1.7051772402e-04
222,222,2.5284168245e-04
222,223,-6.6511823449e-06
222,224,-7.4933849431e-05
222,225,3.1393719349e-07
222,226,-1.4344180524e-05
222,227,-1.0041637424e-04
223,222,-6.6511823449e-06
223,223,1.8581880999e-04
223,224,-1.0723089786e-05
223,225,-1.4344180524e-05
223,226,1.8753582064e-06
223,227,4.0693209824e-06
224,222,-7.4933849431e-05
224,223,-1.0723089786e-05
224,224,1.9488189587e-04
224,225,1.7457217632e-06
224,226,2.6816949839e-06
224,227,-1.6689821717e-05
225,222,3.1393719349e-07
225,223,-1.4344180524e-05
225,224,1.7457217632e-06
225,225,1.6302654691e-04
225,226,-3.0114710093e-06
225,227,-8.6038312796e-07
226,222,-1.4344180524e-05
226,223,1.8753582064e-06
226,224,2.6816949839e-06
226,225,-3.0114710093e-06
226,226,8.2651817081e-05
226,227,-1.2915028054e-05
227,222,-1.0041637424e-04
227,223,4.0693209824e-06
227,224,-1.6689821717e-05
227,225,-8.6038312796e-07
227,226,-1.2915028054e-05
227,227,1.7305013835e-04
228,228,2.5353232525e-04
228,229,7.5235323486e-07
228,230,-5.7236303208e-05
228,231,-2.5283896245e-06
228,232,2.9273136024e-06
228,233,-1.0836858792e-04
229,228,7.5235323486e-07
229,229,2.0233861935e-04
229,230,-9.8486643196e-07
229,231,2.9273136024e-06
229,232,-3.6993603757e-06
229,233,1.3380225414e-06
230,228,-5.7236303208e-05
230,229,-9.8486643196e-07
230,230,2.2013569161e-04
230,231,-1.3091850997e-06
230,232,-1.1861303127e-07
230,233,-2.8637979082e-05
231,228,-2.5283896245e-06
231,229,2.9273136024e-06
231,230,-1.3091850997e-06
231,231,1.5660451357e-04
231,232,1.9491169781e-06
231,233,-8.2205031686e-07
232,228,2.9273136024e-06
232,229,-3.6993603757e-06
232,230,-1.1861303127e-07
232,231,1.9491169781e-06
232,232,8.2500424401e-05
232,233,1.9989846645e-06
233,228,-1.0836858792e-04
233,229,1.3380225414e-06
233,230,-2.8637979082e-05
233,231,-8.2205031686e-07
233,232,1.9989846645e-06
233,233,1.7104063899e-04
234,234,2.5602679297e-04
234,235,4.7815230647e-06
234,236,-6.1890337404e-05
234,237,-3.2910275182e-06
234,238,-5.4966836589e-07
234,239,-1.1976734577e-04
235,234,4.7815230647e-06
235,235,2.0067039233e-04
235,236,2.7043798967e-06
235,237,-5.4966836589e-07
235,238,-4.5064204455e-06
235,239,7.2471049896e-07
236,234,-6.1890337404e-05
236,235,2.7043798967e-06
236,236,2.2710645917e-04
236,237,-1.3588506024e-06
236,238,1.0691332786e-06
236,239,-2.9345288603e-05
237,234,-3.2910275182e-06
237,235,-5.4966836589e-07
237,236,-1.3588506024e-06
237,237,1.4890362232e-04
237,238,5.4297238406e-06
237,239,-8.9958423069e-07
238,234,-5.4966836589e-07
238,235,-4.5064204455e-06
238,236,1.0691332786e-06
238,237,5.4297238406e-06
238,238,7.0070990804e-05
238,239,-1.2008035985e-06
239,234,-1.1976734577e-04
239,235,7.2471049896e-07
239,236,-2.9345288603e-05
239,237,-8.9958423069e-07
239,238,-1.2008035985e-06
239,239,1.7628180494e-04
240,240,2.4606227800e-04
240,241,-1.4520862642e-05
240,242,-1.0008109960e-04
240,243,2.5618548161e-05
240,244,1.1753779194e-05
240,245,-7.5123810173e-05
241,240,-1.4520862642e-05
241,241,1.5654702121e-04
241,242,-6.9512420874e-06
241,243,1.1753779194e-05
241,244,2.7781207120e-05
241,245,3.1615296408e-06
242,240,-1.0008109960e-04
242,241,-6.9512420874e-06
242,242,1.7001423552e-04
242,243,2.4179262223e-06
242,244,5.9716242876e-06
242,245,-1.1676846797e-05
243,240,2.5618548161e-05
243,241,1.1753779194e-05
243,242,2.4179262223e-06
243,243,1.7886949949e-04
243,244,-1.1693104566e-05
243,245,1.5322560798e-05
244,240,1.1753779194e-05
244,241,2.7781207120e-05
244,242,5.9716242876e-06
244,243,-1.1693104566e-05
244,244,8.0012765264e-05
244,245,-2.4239132087e-06
245,240,-7.5123810173e-05
245,241,3.1615296408e-06
245,242,-1.1676846797e-05
245,243,1.5322560798e-05
245,244,-2.4239132087e-06
245,245,1.8720986635e-04
246,246,2.4663176361e-04
246,247,4.4975602042e-05
246,248,-4.1571043116e-05
246,249,4.8671286462e-06
246,250,-7.4445335389e-06
246,251,-1.6330935076e-05
247,246,4.4975602042e-05
247,247,2.0944949229e-04
247,248,6.4387634234e-05
247,249,-7.4445335389e-06
247,250,9.1353115300e-06
247,251,2.0131062469e-05
248,246,-4.1571043116e-05
248,247,6.4387634234e-05
248,248,2.1059670535e-04
248,249,4.7719735344e-06
248,250,-7.2963606869e-06
248,251,-1.3330245729e-05
249,246,4.8671286462e-06
249,247,-7.4445335389e-06
249,248,4.7719735344e-06
249,249,2.3202493123e-04
249,250,6.2981371698e-05
249,251,-7.6243356743e-07
250,246,-7.4445335389e-06
250,247,9.1353115300e-06
250,248,-7.2963606869e-06
250,249,6.2981371698e-05
250,250,1.8417846332e-04
250,251,-3.6270409643e-07
251,246,-1.6330935076e-05
251,247,2.0131062469e-05
251,248,-1.3330245729e-05
251,249,-7.6243356743e-07
251,250,-3.6270409643e-07
251,251,2.3677825999e-04
252,252,2.5045814976e-04
252,253,-1.8475665877e-07
252,254,-5.4114909333e-05
252,255,-5.4169037710e-07
252,256,1.8023235573e-06
252,257,-1.1123323506e-04
253,252,-1.8475665877e-07
253,253,2.0205630341e-04
253,254,-2.8470868389e-07
253,255,1.8023235573e-06
253,256,-7.1780224379e-07
253,257,5.1595863682e-08
254,252,-5.4114909333e-05
254,253,-2.8470868389e-07
254,254,2.2473188712e-04
254,255,-1.9689905279e-07
254,256,-2.0882527280e-07
254,257,-3.1314404237e-05
255,252,-5.4169037710e-07
255,253,1.8023235573e-06
255,254,-1.9689905279e-07
255,255,1.5096811977e-04
255,256,-1.3860791535e-07
255,257,-2.2200715662e-07
256,252,1.8023235573e-06
256,253,-7.1780224379e-07
256,254,-2.0882527280e-07
256,255,-1.3860791535e-07
256,256,7.7514750037e-05
256,257,1.2759631329e-06
257,252,-1.1123323506e-04
257,253,5.1595863682e-08
257,254,-3.1314404237e-05
257,255,-2.2200715662e-07
257,256,1.2759631329e-06
257,257,1.7004681330e-04
258,258,2.5803119156e-04
258,259,5.8061364828e-05
258,260,-5.1142472120e-05
258,261,-3.6567326276e-06
258,262,1.2063917980e-05
258,263,-3.5829168631e-05
259,258,5.8061364828e-05
259,259,2.1228797388e-04
259,260,7.3887029152e-05
259,261,1.2063917980e-05
259,262,-4.7850200377e-06
259,263,1.8934687019e-05
260,258,-5.1142472120e-05
260,259,7.3887029152e-05
260,260,2.2321817311e-04
260,261,-1.2614636736e-06
260,262,5.8592988886e-06
260,263,-1.4264784992e-05
261,258,-3.6567326276e-06
261,259,1.2063917980e-05
261,260,-1.2614636736e-06
261,261,2.2598460891e-04
261,262,7.4997063750e-05
261,263,4.3644288588e-06
262,258,1.2063917980e-05
262,259,-4.7850200377e-06
262,260,5.8592988886e-06
262,261,7.4997063750e-05
262,262,1.6882956324e-04
262,263,9.9946915711e-06
263,258,-3.5829168631e-05
263,259,1.8934687019e-05
263,260,-1.4264784992e-05
263,261,4.3644288588e-06
263,262,9.9946915711e-06
263,263,2.2809763824e-04
264,264,2.5112979810e-04
264,265,-7.2186565945e-06
264,266,-7.5091004641e-05
264,267,9.5680335450e-06
264,268,-1.8837325423e-05
264,269,-9.1166047796e-05
265,264,-7.2186565945e-06
265,265,1.8396636175e-04
265,266,9.2019192859e-06
265,267,-1.8837325423e-05
265,268,2.3667950495e-05
265,269,-2.1688166913e-05
266,264,-7.5091004641e-05
266,265,9.2019192859e-06
266,266,1.8304622446e-04
266,267,1.5764186388e-05
266,268,-1.4321404937e-05
266,269,-4.8198730587e-06
267,264,9.5680335450e-06
267,265,-1.8837325423e-05
267,266,1.5764186388e-05
267,267,1.6958840606e-04
267,268,-2.6617142805e-05
267,269,1.5218837797e-06
268,264,-1.8837325423e-05
268,265,2.3667950495e-05
268,266,-1.4321404937e-05
268,267,-2.6617142805e-05
268,268,9.8569071259e-05
268,269,-9.2032251120e-06
269,264,-9.1166047796e-05
269,265,-2.1688166913e-05
269,266,-4.8198730587e-06
269,267,1.5218837797e-06
269,268,-9.2032251120e-06
