0,0,1.0552690581e-03
0,1,-1.3194426976e-04
0,2,2.0741606704e-04
0,3,7.5865201585e-06
0,4,4.4297387307e-05
0,5,8.5547466606e-05
0,1062,-1.5461833205e-04
0,1063,-2.5139051142e-04
0,1064,-2.8443943895e-04
0,1065,-1.5606683807e-05
0,1066,-2.1426570576e-05
0,1067,1.2409241844e-04
0,1260,-1.5154968211e-04
0,1261,-5.8480023440e-05
0,1262,1.0015353055e-04
0,1263,-2.0949114573e-04
0,1264,-6.6097441039e-05
0,1265,-1.6041117756e-04
0,3522,-2.0512232099e-04
0,3523,2.2183808182e-04
0,3524,-6.9707325662e-05
0,3525,-1.2587075571e-04
0,3526,8.8750484515e-05
0,3527,5.2208680301e-05
0,3642,-1.8605273231e-04
0,3643,-1.0110576057e-04
0,3644,7.6407207036e-05
0,3645,2.3416061823e-04
0,3646,9.8716576141e-05
0,3647,-1.3589614423e-04
0,3780,-1.4949896954e-04
0,3781,1.5734944927e-04
0,3782,-4.2585266143e-05
0,3783,1.5534783175e-04
0,3784,-1.4096453833e-04
0,3785,-3.9047437361e-05
1,0,-1.3194426976e-04
1,1,1.2662902536e-03
1,2,-4.0148988361e-04
1,3,4.4297387307e-05
1,4,4.1866161102e-05
1,5,1.2101993505e-05
1,1062,2.5239137900e-04
1,1063,4.0994338467e-04
1,1064,4.6279609034e-04
1,1065,2.9173798924e-05
1,1066,4.0946528486e-05
1,1067,-2.0172769727e-04
1,1260,8.9673790370e-05
1,1261,-8.8774602603e-06
1,1262,-9.6779754625e-05
1,1263,1.4017855439e-04
1,1264,-1.4735251406e-05
1,1265,1.4505225563e-04
1,3522,-2.1284897227e-04
1,3523,2.0068274934e-04
1,3524,-9.6370397253e-07
1,3525,-1.8111090561e-04
1,3526,1.2859707950e-04
1,3527,-1.5115029537e-05
1,3642,1.2775176485e-04
1,3643,4.6834165823e-06
1,3644,-1.3113270947e-04
1,3645,-1.9015269902e-04
1,3646,-2.2618925372e-06
1,3647,1.7596010636e-04
1,3780,-1.5274592449e-04
1,3781,1.3772492410e-04
1,3782,1.0720035616e-05
1,3783,1.8222246630e-04
1,3784,-1.4481646742e-04
1,3785,-9.4499524299e-05
2,0,2.0741606704e-04
2,1,-4.0148988361e-04
2,2,1.4203667071e-03
2,3,3.8280665236e-05
2,4,7.1705671862e-05
2,5,-7.8815197123e-04
2,1062,-2.8804596261e-04
2,1063,-4.6681283942e-04
2,1064,-5.2437885351e-04
2,1065,-4.2572898229e-05
2,1066,-6.1698820827e-05
2,1067,2.2804306607e-04
2,1260,5.6502562462e-05
2,1261,7.9333145715e-05
2,1262,-1.8100383114e-07
2,1263,5.6644363494e-05
2,1264,1.0004283934e-04
2,1265,-8.2559944539e-06
2,3522,-5.2699711692e-05
2,3523,-1.1483316543e-05
2,3524,1.4342589784e-04
2,3525,-1.4950944429e-04
2,3526,1.0098972515e-04
2,3527,-1.5976523424e-04
2,3642,3.5338414690e-05
2,3643,1.1860468546e-04
2,3644,8.3733699832e-05
2,3645,6.1467994526e-07
2,3646,-1.2848143354e-04
2,3647,-1.0570689112e-04
2,3780,-3.4186638740e-05
2,3781,-1.6661852801e-05
2,3782,1.1059331177e-04
2,3783,8.9213403495e-05
2,3784,-3.0797478762e-05
2,3785,-1.3735640335e-04
3,0,7.5865201585e-06
3,1,4.4297387307e-05
3,2,3.8280665236e-05
3,3,1.1550724254e-03
3,4,-1.2421730090e-04
3,5,-4.2086276128e-05
3,1062,2.1056846493e-05
3,1063,3.8392536168e-05
3,1064,5.3848318586e-05
3,1065,-4.2258135906e-05
3,1066,-6.8824678306e-05
3,1067,-2.6917084554e-05
3,1260,2.1101282034e-04
3,1261,9.5707014615e-05
3,1262,-1.2712803645e-04
3,1263,2.8628916399e-04
3,1264,1.0968912994e-04
3,1265,2.0665914823e-04
3,3522,1.4458784604e-04
3,3523,-2.0053343867e-04
3,3524,1.5593329031e-04
3,3525,1.2898679062e-05
3,3526,-7.6532998604e-06
3,3527,-1.4084499485e-04
3,3642,-2.3390445802e-04
3,3643,-1.5567639707e-04
3,3644,6.1346595263e-05
3,3645,2.8135095635e-04
3,3646,1.5297521737e-04
3,3647,-1.3416370415e-04
3,3780,-1.5000961533e-04
3,3781,1.8152731950e-04
3,3782,-9.8367112762e-05
3,3783,1.3164002261e-04
3,3784,-1.4049926948e-04
3,3785,1.7139203451e-05
4,0,4.4297387307e-05
4,1,4.1866161102e-05
4,2,7.1705671862e-05
4,3,-1.2421730090e-04
4,4,7.1810653867e-04
4,5,4.0981811616e-05
4,1062,-3.0459331575e-05
4,1063,-5.6251699173e-05
4,1064,-8.0482607969e-05
4,1065,6.8871425585e-05
4,1066,1.1197644992e-04
4,1067,4.1631899390e-05
4,1260,-1.0906420099e-04
4,1261,1.0005336830e-05
4,1262,1.2068240368e-04
4,1263,-1.7015094944e-04
4,1264,1.5719545240e-05
4,1265,-1.7484420118e-04
4,3522,1.0283076297e-04
4,3523,-1.3623371088e-04
4,3524,8.9764273130e-05
4,3525,2.0013910388e-05
4,3526,-2.1964065624e-05
4,3527,-1.0198147501e-04
4,3642,1.3110550881e-04
4,3643,9.4699229628e-06
4,3644,-1.3779068402e-04
4,3645,-1.9297605959e-04
4,3646,-1.0636139873e-05
4,3647,1.7262623459e-04
4,3780,-1.2849112585e-04
4,3781,1.3627063740e-04
4,3782,-3.5768098002e-05
4,3783,1.3233329499e-04
4,3784,-1.2396059795e-04
4,3785,-2.7398699648e-05
5,0,8.5547466606e-05
5,1,1.2101993505e-05
5,2,-7.8815197123e-04
5,3,-4.2086276128e-05
5,4,4.0981811616e-05
5,5,1.0984709639e-03
5,1062,1.1728972731e-04
5,1063,1.8943298390e-04
5,1064,2.1105579117e-04
5,1065,2.5354579424e-05
5,1066,3.9166103034e-05
5,1067,-1.0382368275e-04
5,1260,-1.6478745222e-04
5,1261,-1.0805136520e-04
5,1262,6.9196821161e-05
5,1263,-2.1097678331e-04
5,1264,-1.2638188479e-04
5,1265,-1.2264394728e-04
5,3522,3.6297153340e-05
5,3523,3.0352599781e-05
5,3524,-1.6548319904e-04
5,3525,1.4178842272e-04
5,3526,-1.1683925430e-04
5,3527,1.2669955676e-04
5,3642,-1.3525960131e-04
5,3643,-1.5380877711e-04
5,3644,-4.6407924987e-05
5,3645,1.3358979644e-04
5,3646,1.5112250883e-04
5,3647,3.4111012442e-06
5,3780,-2.9575275753e-05
5,3781,8.4169490366e-05
5,3782,-1.3697753140e-04
5,3783,-2.3652408762e-05
5,3784,-2.2333456603e-05
5,3785,1.1469971545e-04
6,6,1.0983992942e-03
6,7,6.7573423345e-05
6,8,4.6240681243e-04
6,9,9.6958654063e-06
6,10,-9.8118529777e-05
6,11,1.2832133310e-04
6,738,-1.8709291109e-04
6,739,2.9683382054e-04
6,740,-3.1834013686e-04
6,741,4.0069953550e-08
6,742,-8.6090785546e-06
6,743,1.2465977760e-04
6,1074,-6.9406424694e-05
6,1075,3.2430031215e-05
6,1076,5.5305083605e-05
6,1077,-1.0773770744e-04
6,1078,4.8632095471e-05
6,1079,-1.1002536181e-04
6,1086,-1.1706527783e-04
6,1087,-2.0010745664e-04
6,1088,-2.5149407022e-04
6,1089,-9.3711223599e-06
6,1090,-1.5955944909e-05
6,1091,1.0836186696e-04
6,1188,-1.3831931951e-04
6,1189,-1.1737760588e-04
6,1190,6.3477606047e-06
6,1191,1.7702818288e-04
6,1192,1.3319850839e-04
6,1193,-1.0840112585e-04
6,2178,-1.5708181870e-04
6,2179,1.2835135879e-04
6,2180,1.0446183445e-05
6,2181,2.0184304307e-04
6,2182,-1.4444798905e-04
6,2183,-1.2521581099e-04
6,2214,-2.0175590070e-04
6,2215,-1.4379898203e-04
6,2216,3.4274034548e-05
6,2217,-2.1861987085e-04
6,2218,-1.1287080036e-04
6,2219,-6.9228664507e-05
7,6,6.7573423345e-05
7,7,1.5427052327e-03
7,8,1.6567404594e-05
7,9,-9.8118529777e-05
7,10,2.4717702752e-05
7,11,1.8286392436e-04
7,738,-2.9646944160e-04
7,739,4.6930404000e-04
7,740,-5.0067349709e-04
7,741,-8.5819173932e-06
7,742,7.4334388301e-08
7,743,1.9754139554e-04
7,1074,-6.7660907441e-05
7,1075,2.6383012321e-05
7,1076,5.9380082870e-05
7,1077,-1.0686885603e-04
7,1078,4.0148299047e-05
7,1079,-1.1364677795e-04
7,1086,1.9994578678e-04
7,1087,3.4172867465e-04
7,1088,4.2934730632e-04
7,1089,1.6072012866e-05
7,1090,2.7361641484e-05
7,1091,-1.8506862533e-04
7,1188,1.1942623970e-04
7,1189,6.7863081710e-05
7,1190,-6.9013856137e-05
7,1191,-1.7003438572e-04
7,1192,-8.6736930411e-05
7,1193,1.4277863335e-04
7,2178,-1.3313299298e-04
7,2179,6.7315637117e-05
7,2180,8.4618067276e-05
7,2181,1.9081934798e-04
7,2182,-8.5278684523e-05
7,2183,-1.6286957018e-04
7,2214,1.2306693487e-04
7,2215,1.2476467282e-05
7,2216,-1.4081575036e-04
7,2217,1.8035982597e-04
7,2218,2.0824546735e-05
7,2219,1.5612153661e-04
8,6,4.6240681243e-04
8,7,1.6567404594e-05
8,8,1.9116529594e-03
8,9,1.6302355423e-05
8,10,-8.2689621798e-05
8,11,-8.2116623723e-04
8,738,-3.1707478161e-04
8,739,4.9929050239e-04
8,740,-5.2613379956e-04
8,741,-3.0565012977e-05
8,742,3.3961328382e-05
8,743,2.1088282154e-04
8,1074,-2.5138348232e-06
8,1075,-1.0229150282e-05
8,1076,1.3522484416e-05
8,1077,-7.9142841323e-06
8,1078,-1.4189167641e-05
8,1079,-1.7957941212e-05
8,1086,-2.5086956433e-04
8,1087,-4.2862713272e-04
8,1088,-5.3817199836e-04
8,1089,-2.0335308547e-05
8,1090,-3.4609880280e-05
8,1091,2.3217291187e-04
8,1188,1.5016747875e-06
8,1189,6.5916322157e-05
8,1190,1.1447412818e-04
8,1191,3.1258472362e-05
8,1192,-5.9737991477e-05
8,1193,-9.5903643295e-05
8,2178,4.6826597311e-06
8,2179,-8.2413239720e-05
8,2180,1.3231597389e-04
8,2181,3.1410785135e-05
8,2182,7.9362950381e-05
8,2183,-1.0627916565e-04
8,2214,4.9486219183e-05
8,2215,1.3789228813e-04
8,2216,1.2706682977e-04
8,2217,-1.0491046141e-05
8,2218,1.0885629721e-04
8,2219,-1.4929158801e-04
9,6,9.6958654063e-06
9,7,-9.8118529777e-05
9,8,1.6302355423e-05
9,9,1.2370680135e-03
9,10,2.3246989381e-04
9,11,-1.4344577645e-05
9,738,4.7867481613e-05
9,739,-8.4709352776e-05
9,740,1.1254103250e-04
9,741,-7.7675098441e-05
9,742,1.2542433638e-04
9,743,-3.1856853092e-05
9,1074,1.0693618095e-04
9,1075,-5.1761653855e-05
9,1076,-8.3333732189e-05
9,1077,1.6532854453e-04
9,1078,-7.7405003547e-05
9,1079,1.6720749041e-04
9,1086,-1.4661685454e-05
9,1087,-2.4998803600e-05
9,1088,-3.1255756732e-05
9,1089,-2.0852583572e-05
9,1090,-3.5631774685e-05
9,1091,1.0049150117e-05
9,1188,-1.7555693714e-04
9,1189,-1.6635201866e-04
9,1190,-2.4911416188e-05
9,1191,2.1569669271e-04
9,1192,1.8366456970e-04
9,1193,-1.1185464084e-04
9,2178,-2.0222430106e-04
9,2179,1.8555546305e-04
9,2180,-2.3674447122e-05
9,2181,2.5010837725e-04
9,2182,-2.0410788160e-04
9,2183,-1.3321181336e-04
9,2214,2.3120895814e-04
9,2215,2.0355062185e-04
9,2216,2.2493849501e-05
9,2217,2.2622728066e-04
9,2218,1.5402136350e-04
9,2219,2.0436586321e-05
10,6,-9.8118529777e-05
10,7,2.4717702752e-05
10,8,-8.2689621798e-05
10,9,2.3246989381e-04
10,10,1.0083947794e-03
10,11,-2.2291168977e-04
10,738,6.6954319391e-05
10,739,-1.1984369800e-04
10,740,1.6217950074e-04
10,741,-1.2087100107e-04
10,742,1.9447104098e-04
10,743,-4.7759667003e-05
10,1074,1.0226394153e-04
10,1075,-4.1473008886e-05
10,1076,-8.8199691340e-05
10,1077,1.6092821080e-04
10,1078,-6.2921581149e-05
10,1079,1.6968377889e-04
10,1086,2.5109481551e-05
10,1087,4.2806537261e-05
10,1088,5.3504391727e-05
10,1089,3.5629615119e-05
10,1090,6.0872699504e-05
10,1091,-1.7214899237e-05
10,1188,1.3393280500e-04
10,1189,8.6160318502e-05
10,1190,-6.2075948100e-05
10,1191,-1.8546445826e-04
10,1192,-1.0744301916e-04
10,1193,1.4416725333e-04
10,2178,-1.5170406438e-04
10,2179,8.7793155334e-05
10,2180,8.0955909883e-05
10,2181,2.1210161617e-04
10,2182,-1.0911408677e-04
10,2183,-1.6915715239e-04
10,2214,-9.8488385241e-05
10,2215,-7.6167469852e-06
10,2216,1.2938567114e-04
10,2217,-1.4576088723e-04
10,2218,-2.2355288551e-05
10,2219,-1.2330924441e-04
11,6,1.2832133310e-04
11,7,1.8286392436e-04
11,8,-8.2116623723e-04
11,9,-1.4344577645e-05
11,10,-2.2291168977e-04
11,11,1.1557552794e-03
11,738,1.0627587355e-04
11,739,-1.6359860577e-04
11,740,1.6263102134e-04
11,741,4.4408921655e-05
11,742,-6.8854488359e-05
11,743,-1.0307329148e-04
11,1074,-1.0733927888e-04
11,1075,5.6340810464e-05
11,1076,7.9022300985e-05
11,1077,-1.6432568298e-04
11,1078,8.3725062290e-05
11,1079,-1.6219817729e-04
11,1086,1.0650423765e-04
11,1087,1.8207252146e-04
11,1088,2.2887335952e-04
11,1089,3.0145619007e-06
11,1090,5.1068350150e-06
11,1091,-1.0288055407e-04
11,1188,-1.0467147507e-04
11,1189,-1.3813310956e-04
11,1190,-9.0931963639e-05
11,1191,1.0844804744e-04
11,1192,1.4123487770e-04
11,1193,-9.5966983949e-06
11,2178,-1.2619463593e-04
11,2179,1.6160222650e-04
11,2180,-1.0108913253e-04
11,2181,1.3411278604e-04
11,2182,-1.6715406560e-04
11,2183,-2.0631163029e-05
11,2214,-9.5124583662e-05
11,2215,-1.6711861914e-04
11,2216,-1.4955765944e-04
11,2217,-4.0786009167e-05
11,2218,-1.1225423683e-04
11,2219,1.1534391186e-04
12,12,1.1015830951e-03
12,13,3.9956234742e-06
12,14,4.9467285281e-04
12,15,-3.4584045856e-06
12,16,-1.9433944604e-05
12,17,1.0501531730e-04
12,888,-1.6129865267e-04
12,889,1.2998784606e-04
12,890,1.2802574311e-05
12,891,2.0141515351e-04
12,892,-1.3926354190e-04
12,893,-1.1395614527e-04
12,894,-1.3507735442e-04
12,895,1.1996664530e-04
12,896,6.3497501013e-07
12,897,-1.7272095497e-04
12,898,1.3785710868e-04
12,899,-1.0548388880e-04
12,1872,-1.2940783567e-04
12,1873,-2.2099010372e-04
12,1874,-2.7718098561e-04
12,1875,3.5674293003e-07
12,1876,5.1059974375e-07
12,1877,1.1419872599e-04
12,2778,-1.4305472656e-04
12,2779,-1.2960929515e-04
12,2780,-6.2317243808e-06
12,2781,1.7916078920e-04
12,2782,1.4439808153e-04
12,2783,-1.0235651003e-04
12,2928,-1.6548141431e-04
12,2929,-1.3087237338e-04
12,2930,1.5832772638e-05
12,2931,-2.0604539785e-04
12,2932,-1.3872210395e-04
12,2933,-1.1546847149e-04
12,3258,-1.3632596460e-04
12,3259,2.3113735939e-04
12,3260,-2.8566821271e-04
12,3261,-2.0862736737e-06
12,3262,2.9679795707e-06
12,3263,1.1759980061e-04
13,12,3.9956234742e-06
13,13,1.5747977502e-03
13,14,1.3009559378e-06
13,15,-1.9433944604e-05
13,16,-7.7942852373e-06
13,17,1.0681911437e-05
13,888,-1.3010793049e-04
13,889,5.9761785136e-05
13,890,9.1579864543e-05
13,891,1.8545016465e-04
13,892,-7.4550720779e-05
13,893,-1.5609281335e-04
13,894,-1.2240608161e-04
13,895,8.0850196345e-05
13,896,5.5909051485e-05
13,897,-1.7193570664e-04
13,898,1.0298960631e-04
13,899,-1.3966918761e-04
13,1872,2.2097004579e-04
13,1873,3.7729069994e-04
13,1874,4.7306609174e-04
13,1875,-7.0804778324e-07
13,1876,-1.0405778770e-06
13,1877,-1.9499915673e-04
13,2778,1.2888112181e-04
13,2779,8.5344831904e-05
13,2780,-5.8046182517e-05
13,2781,-1.7938829425e-04
13,2782,-1.0702550443e-04
13,2783,1.4256176651e-04
13,2928,1.3065415945e-04
13,2929,5.5410454106e-05
13,2930,-9.7240663025e-05
13,2931,1.8689376132e-04
13,2932,6.9010326806e-05
13,2933,1.5857883547e-04
13,3258,-2.3117115604e-04
13,3259,3.9187241218e-04
13,3260,-4.8413585593e-04
13,3261,-4.1013520817e-06
13,3262,5.9873074340e-06
13,3263,1.9939747178e-04
14,12,4.9467285281e-04
14,13,1.3009559378e-06
14,14,2.1020799579e-03
14,15,-4.7266240153e-06
14,16,-2.9484147336e-06
14,17,-9.4836956588e-04
14,888,1.2667099341e-05
14,889,-9.1536218097e-05
14,890,1.3293045238e-04
14,891,2.5636011264e-05
14,892,8.4825975818e-05
14,893,-1.1005940857e-04
14,894,-3.9570526735e-06
14,895,-5.2944412196e-05
14,896,1.0638442100e-04
14,897,-3.6299335362e-05
14,898,-4.3250899537e-05
14,899,-9.4160100819e-05
14,1872,-2.7710354975e-04
14,1873,-4.7297681933e-04
14,1874,-5.9262976604e-04
14,1875,1.1414818801e-06
14,1876,1.7373777672e-06
14,1877,2.4453358077e-04
14,2778,-5.1754349663e-06
14,2779,5.8613819770e-05
14,2780,1.2110647887e-04
14,2781,4.2698979031e-05
14,2782,-4.4771610186e-05
14,2783,-1.0737515828e-04
14,2928,1.6068429699e-05
14,2929,9.7306619738e-05
14,2930,1.3417881633e-04
14,2931,-2.2738890272e-05
14,2932,9.1265320226e-05
14,2933,-1.1133087947e-04
14,3258,-2.8579714329e-04
14,3259,4.8428361443e-04
14,3260,-5.9781465340e-04
14,3261,-6.5107382365e-06
14,3262,9.8403914515e-06
14,3263,2.4646370208e-04
15,12,-3.4584045856e-06
15,13,-1.9433944604e-05
15,14,-4.7266240153e-06
15,15,1.2198885919e-03
15,16,1.3635926736e-05
15,17,-6.9693007691e-06
15,888,-2.0128521636e-04
15,889,1.8525232552e-04
15,890,-2.5541293518e-05
15,891,2.3953187684e-04
15,892,-1.9303553771e-04
15,893,-1.0921541308e-04
15,894,1.7287796673e-04
15,895,-1.6899112001e-04
15,896,2.9874226072e-05
15,897,2.1243732154e-04
15,898,-1.8853920070e-04
15,899,1.1035922600e-04
15,1872,-6.0523594294e-07
15,1873,-1.1320407253e-06
15,1874,-1.6723985013e-06
15,1875,-2.7321289040e-05
15,1876,-4.6656827403e-05
15,1877,7.0252883651e-07
15,2778,-1.7895175183e-04
15,2779,-1.8005937045e-04
15,2780,-4.4113078942e-05
15,2781,2.1378999538e-04
15,2782,1.9372568554e-04
15,2783,-9.9116903802e-05
15,2928,2.0624680739e-04
15,2929,1.8723043861e-04
15,2930,2.2917655319e-05
15,2931,2.4454563682e-04
15,2932,1.9323093946e-04
15,2933,1.0978384029e-04
15,3258,4.3632062310e-06
15,3259,-7.9653230053e-06
15,3260,1.1294897946e-05
15,3261,-3.1051495453e-05
15,3262,5.2656588971e-05
15,3263,-4.8287239689e-06
16,12,-1.9433944604e-05
16,13,-7.7942852373e-06
16,14,-2.9484147336e-06
16,15,1.3635926736e-05
16,16,9.1780782410e-04
16,17,-6.0512573936e-05
16,888,-1.3928882116e-04
16,889,7.4566683179e-05
16,890,8.4717360640e-05
16,891,1.9308102201e-04
16,892,-9.1272768567e-05
16,893,-1.5036310546e-04
16,894,1.4123349974e-04
16,895,-1.0377662051e-04
16,896,-4.6521977662e-05
16,897,1.9251351794e-04
16,898,-1.2845089671e-04
16,899,1.4349003365e-04
16,1872,9.3401724782e-07
16,1873,1.7628889962e-06
16,1874,2.6414579068e-06
16,1875,4.6652214587e-05
16,1876,7.9655615210e-05
16,1877,-1.1304615853e-06
16,2778,1.4313662488e-04
16,2779,1.0652563123e-04
16,2780,-4.4199133732e-05
16,2781,-1.9244763094e-04
16,2782,-1.2923187747e-04
16,2783,1.3817003634e-04
16,2928,-1.3863612395e-04
16,2929,-6.8960542921e-05
16,2930,9.1445888382e-05
16,2931,-1.9311810739e-04
16,2932,-8.4609588399e-05
16,2933,-1.5219634527e-04
16,3258,6.8332460142e-06
16,3259,-1.2545753247e-05
16,3260,1.7958256485e-05
16,3261,-5.2645370519e-05
16,3262,8.9256679349e-05
16,3263,-7.8145001753e-06
17,12,1.0501531730e-04
17,13,1.0681911437e-05
17,14,-9.4836956588e-04
17,15,-6.9693007691e-06
17,16,-6.0512573936e-05
17,17,1.1013292317e-03
17,888,-1.1363714793e-04
17,889,1.5586806266e-04
17,890,-1.1010946910e-04
17,891,1.0893015745e-04
17,892,-1.5030579856e-04
17,893,1.0903864752e-05
17,894,-1.0588395573e-04
17,895,1.3826039964e-04
17,896,-8.9079960048e-05
17,897,-1.1072577364e-04
17,898,1.4181370737e-04
17,899,-1.2713430216e-05
17,1872,1.1406559837e-04
17,1873,1.9478909460e-04
17,1874,2.4431516283e-04
17,1875,-6.0019228910e-07
17,1876,-9.5657549997e-07
17,1877,-1.0642680216e-04
17,2778,-1.0184121722e-04
17,2779,-1.4241313958e-04
17,2780,-1.0825787703e-04
17,2781,9.8654864170e-05
17,2782,1.3825878863e-04
17,2783,7.2879649246e-06
17,2928,-1.1596136574e-04
17,2929,-1.5892396819e-04
17,2930,-1.1127120552e-04
17,2931,-1.1022366139e-04
17,2932,-1.5227715116e-04
17,2933,1.3288511477e-05
17,3258,1.1745998856e-04
17,3259,-1.9910993390e-04
17,3260,2.4597859991e-04
17,3261,4.0245946989e-06
17,3262,-6.4481239114e-06
17,3263,-1.0835228519e-04
18,18,1.0908706597e-03
18,19,-2.7375024422e-05
18,20,1.1008186482e-04
18,21,-1.2319821347e-04
18,22,1.5639447584e-05
18,23,3.4697165440e-04
18,606,-1.9361089492e-04
18,607,2.2312193868e-04
18,608,-9.3976975779e-05
18,609,1.1841715998e-04
18,610,-9.6001784830e-05
18,611,4.6691311135e-05
18,978,-1.4173548120e-04
18,979,-1.8665575193e-04
18,980,-1.2478886383e-04
18,981,-1.2266142760e-04
18,982,-1.4635189246e-04
18,983,5.8378678039e-06
18,1476,-1.3805764372e-04
18,1477,1.7489526094e-04
18,1478,-1.0371025273e-04
18,1479,-1.1551823599e-04
18,1480,1.3025983203e-04
18,1481,1.5280488786e-05
18,2286,-1.6027852037e-04
18,2287,-2.0469484039e-04
18,2288,-1.2446340952e-04
18,2289,1.2635912391e-04
18,2290,1.3949832755e-04
18,2291,1.5647677143e-05
18,3618,-1.2943894568e-04
18,3619,3.6605271306e-06
18,3620,1.1294567706e-04
18,3621,-2.2064499258e-04
18,3622,6.0352876345e-06
18,3623,-2.7572889723e-04
18,3708,-1.0198329585e-04
18,3709,-4.1060571153e-05
18,3710,7.9238076490e-05
18,3711,1.6329080974e-04
18,3712,6.3283680792e-05
18,3713,-1.7870596899e-04
19,18,-2.7375024422e-05
19,19,1.2152385774e-03
19,20,-5.9336660983e-05
19,21,1.5639447584e-05
19,22,-2.2542846959e-04
19,23,-2.5213243090e-05
19,606,-2.1546040685e-04
19,607,2.2627221255e-04
19,608,-4.7812820920e-05
19,609,1.7494098923e-04
19,610,-1.4309976495e-04
19,611,-7.0658844703e-06
19,978,1.8284688077e-04
19,979,2.3270451978e-04
19,980,1.3715454601e-04
19,981,1.7436082137e-04
19,982,2.0302818226e-04
19,983,2.3663953657e-05
19,1476,-1.7262115475e-04
19,1477,2.0902466470e-04
19,1478,-1.0231900616e-04
19,1479,-1.6103906005e-04
19,1480,1.7581980987e-04
19,1481,-1.1952343570e-05
19,2286,2.0460468033e-04
19,2287,2.5101337232e-04
19,2288,1.2949370936e-04
19,2289,-1.8315916829e-04
19,2290,-1.9787421069e-04
19,2291,1.8550693355e-05
19,3618,5.0765486536e-06
19,3619,-2.9525471683e-05
19,3620,-2.5716974444e-06
19,3621,8.4420992260e-06
19,3622,-5.0315883097e-05
19,3623,1.0007772400e-05
19,3708,1.6485006645e-05
19,3709,-8.7405994743e-06
19,3710,-2.6652816820e-05
19,3711,-2.8975454028e-05
19,3712,1.3353875095e-05
19,3713,3.8125171669e-05
20,18,1.1008186482e-04
20,19,-5.9336660983e-05
20,20,1.0947145231e-03
20,21,-1.1105293340e-04
20,22,-5.2723131576e-06
20,23,-8.5900497286e-04
20,606,-7.7814851833e-05
20,607,3.4855223933e-05
20,608,1.0097791230e-04
20,609,1.5499255377e-04
20,610,-1.2442051638e-04
20,611,-1.3771342009e-04
20,978,-1.1481352590e-04
20,979,-1.2785736605e-04
20,980,-3.2807997042e-05
20,981,-1.4586392882e-04
20,982,-1.5876114505e-04
20,983,-8.7082056641e-05
20,1476,-9.8056096245e-05
20,1477,9.7220129552e-05
20,1478,2.1433760886e-06
20,1479,-1.2845855332e-04
20,1480,1.2767634752e-04
20,1481,-7.7967498357e-05
20,2286,-1.2423416382e-04
20,2287,-1.2928389090e-04
20,2288,-1.3242462329e-05
20,2289,1.6032486412e-04
20,2290,1.6337144539e-04
20,2291,-1.0081006652e-04
20,3618,1.1040527940e-04
20,3619,-5.4552800912e-07
20,3620,-1.0316977340e-04
20,3621,1.8821825985e-04
20,3622,-7.9881267236e-07
20,3623,2.3525402720e-04
20,3708,9.2911799839e-05
20,3709,4.2966475614e-05
20,3710,-6.9505042210e-05
20,3711,-1.4783332263e-04
20,3712,-6.6525296339e-05
20,3713,1.5940620496e-04
21,18,-1.2319821347e-04
21,19,1.5639447584e-05
21,20,-1.1105293340e-04
21,21,1.4274459845e-03
21,22,-5.0675178560e-05
21,23,-2.7222236428e-04
21,606,-1.4072433881e-04
21,607,1.9842139080e-04
21,608,-1.6171080381e-04
21,609,1.4774124772e-05
21,610,-9.7834686442e-06
21,611,1.3144493344e-04
21,978,1.4174352033e-04
21,979,2.0030959988e-04
21,980,1.6497121346e-04
21,981,9.5282733536e-05
21,982,1.2210199986e-04
21,983,-5.8833847629e-05
21,1476,1.3519803132e-04
21,1477,-1.8636748799e-04
21,1478,1.4432067590e-04
21,1479,8.6982700392e-05
21,1480,-1.0707326935e-04
21,1481,-6.3877695376e-05
21,2286,-9.6242868817e-05
21,2287,-1.4383817264e-04
21,2288,-1.3449064358e-04
21,2289,3.1116259242e-05
21,2290,4.3098291394e-05
21,2291,8.8299714304e-05
21,3618,2.2083579647e-04
21,3619,-6.4380979127e-06
21,3620,-1.9268443309e-04
21,3621,3.7638399303e-04
21,3622,-1.0623912333e-05
21,3623,4.7019555819e-04
21,3708,-1.6289622336e-04
21,3709,-6.8104421542e-05
21,3710,1.2429784352e-04
21,3711,2.6035163881e-04
21,3712,1.0492581145e-04
21,3713,-2.8375905562e-04
22,18,1.5639447584e-05
22,19,-2.2542846959e-04
22,20,-5.2723131576e-06
22,21,-5.0675178560e-05
22,22,8.4807715641e-04
22,23,4.1566359385e-05
22,606,-1.1782302897e-04
22,607,1.6010700587e-04
22,608,-1.1617454278e-04
22,609,2.4091034272e-05
22,610,-2.4495163425e-05
22,611,1.0822927007e-04
22,978,-1.6828835388e-04
22,979,-2.3113145181e-04
22,980,-1.7546238230e-04
22,981,-1.2643292028e-04
22,982,-1.5794840502e-04
22,983,4.6884902010e-05
22,1476,1.5336817344e-04
22,1477,-2.0370765547e-04
22,1478,1.4093636322e-04
22,1479,1.1189717256e-04
22,1480,-1.3322572383e-04
22,1481,-5.0528329732e-05
22,2286,1.0186128485e-04
22,2287,1.5061992628e-04
22,2288,1.3651995242e-04
22,2289,-3.6289881261e-05
22,2290,-5.0923206825e-05
22,2291,-9.2988297792e-05
22,3618,-8.8619498218e-06
22,3619,5.0386654293e-05
22,3620,4.5232961464e-06
22,3621,-1.4743162708e-05
22,3622,8.5852924073e-05
22,3623,-1.7493532219e-05
22,3708,2.3659499901e-05
22,3709,-1.4629765342e-05
22,3710,-4.0468051020e-05
22,3711,-4.1927875850e-05
22,3712,2.2308983357e-05
22,3713,5.5929389635e-05
23,18,3.4697165440e-04
23,19,-2.5213243090e-05
23,20,-8.5900497286e-04
23,21,-2.7222236428e-04
23,22,4.1566359385e-05
23,23,1.7631536276e-03
23,606,3.0633148220e-05
23,607,2.3608351419e-05
23,608,-1.4370659695e-04
23,609,-1.3461192119e-04
23,610,1.2462736324e-04
23,611,1.2481176430e-04
23,978,-2.7580037467e-05
23,979,-6.6829555485e-05
23,980,-1.1542842289e-04
23,981,3.7371494839e-05
23,982,2.8122936821e-05
23,983,1.1434564787e-04
23,1476,-2.1156373291e-05
23,1477,5.9854937359e-05
23,1478,-1.1116479862e-04
23,1479,3.9544239655e-05
23,1480,-2.7457354240e-05
23,1481,1.0449148602e-04
23,2286,6.6639047231e-05
23,2287,5.7011190835e-05
23,2288,-3.1204075648e-05
23,2289,-1.1263433143e-04
23,2290,-1.1782258393e-04
23,2291,8.6928809951e-05
23,3618,-2.7646337101e-04
23,3619,8.5541544782e-06
23,3620,2.4118925702e-04
23,3621,-4.7104106908e-04
23,3622,1.4138132992e-05
23,3623,-5.8804765013e-04
23,3708,-1.7731971220e-04
23,3709,-8.0389360483e-05
23,3710,1.2961109155e-04
23,3711,2.8223488861e-04
23,3712,1.2374770832e-04
23,3713,-3.0469512415e-04
24,24,1.1709701431e-03
24,25,-4.4014482333e-05
24,26,7.7783210955e-04
24,27,-1.8870809269e-04
24,28,-3.6915070703e-05
24,29,7.8779255804e-04
24,636,-1.9143913069e-04
24,637,3.1951368143e-05
24,638,3.2493431652e-05
24,639,2.9419723821e-04
24,640,-6.6640327893e-05
24,641,-2.9354041512e-04
24,924,-1.7680743984e-04
24,925,2.9905755719e-04
24,926,-3.6779561379e-04
24,927,7.8902933683e-05
24,928,-1.3490062294e-04
24,929,4.9313063472e-05
24,3012,-8.5235886981e-05
24,3013,1.0013284061e-04
24,3014,-4.5517258863e-05
24,3015,1.1798280606e-04
24,3016,-1.3346732687e-04
24,3017,-9.0777107805e-05
25,24,-4.4014482333e-05
25,25,1.8987523138e-03
25,26,-1.1168326353e-04
25,27,-3.6915070703e-05
25,28,-4.3032189150e-04
25,29,-3.7051650280e-05
25,636,9.1137841851e-05
25,637,-1.4065753077e-04
25,638,3.1347811819e-05
25,639,-1.5404456556e-04
25,640,2.2684181712e-04
25,641,1.8780806058e-04
25,924,-2.9903520649e-04
25,925,5.0569314464e-04
25,926,-6.2165614248e-04
25,927,1.3200533550e-04
25,928,-2.2566990902e-04
25,929,8.4843887082e-05
25,3012,-1.0562971670e-04
25,3013,1.1670188138e-04
25,3014,-3.6997042108e-05
25,3015,1.5071669091e-04
25,3016,-1.6046494925e-04
25,3017,-1.2643949174e-04
26,24,7.7783210955e-04
26,25,-1.1168326353e-04
26,26,2.5503033668e-03
26,27,-2.6593993785e-04
26,28,-1.0933251329e-04
26,29,-3.4421750206e-04
26,636,5.3498935452e-05
26,637,1.2461109759e-04
26,638,-1.4112464723e-04
26,639,-6.7326044280e-05
26,640,-1.9727018055e-04
26,641,2.9848488126e-05
26,924,-3.6771065564e-04
26,925,6.2155895267e-04
26,926,-7.6339200711e-04
26,927,1.5863707613e-04
26,928,-2.7114631668e-04
26,929,1.0799346465e-04
26,3012,-5.8326201832e-05
26,3013,4.8043766584e-05
26,3014,2.1998016010e-05
26,3015,9.3217547882e-05
26,3016,-7.7301935388e-05
26,3017,-1.0098785216e-04
27,24,-1.8870809269e-04
27,25,-3.6915070703e-05
27,26,-2.6593993785e-04
27,27,1.9129809306e-03
27,28,-7.7858130435e-05
27,29,-5.7905928476e-04
27,636,-2.9076158690e-04
27,637,2.9408659682e-05
27,638,5.6487312291e-05
27,639,4.4461188185e-04
27,640,-7.1462091883e-05
27,641,-4.3819990560e-04
27,924,7.1954734754e-05
27,925,-1.2318869374e-04
27,926,1.5528653375e-04
27,927,-1.3252424005e-04
27,928,2.2540380912e-04
27,929,8.0131564765e-05
27,3012,-1.1129758969e-04
27,3013,1.3699254838e-04
27,3014,-7.5833593057e-05
27,3015,1.5018545935e-04
27,3016,-1.7836873439e-04
27,3017,-1.0654862774e-04
28,24,-3.6915070703e-05
28,25,-4.3032189150e-04
28,26,-1.0933251329e-04
28,27,-7.7858130435e-05
28,28,2.3598983546e-03
28,29,2.6569673722e-06
28,636,1.2312516721e-04
28,637,-2.0197824591e-04
28,638,3.5618121240e-05
28,639,-2.0940061012e-04
28,640,3.2386972352e-04
28,641,2.5800157877e-04
28,924,1.2020772342e-04
28,925,-2.0578748615e-04
28,926,2.5937404679e-04
28,927,-2.2288658726e-04
28,928,3.7902054672e-04
28,929,1.3462387193e-04
28,3012,-1.3236168656e-04
28,3013,1.5358276651e-04
28,3014,-6.5175106494e-05
28,3015,1.8429748699e-04
28,3016,-2.0615040183e-04
28,3017,-1.4413466611e-04
29,24,7.8779255804e-04
29,25,-3.7051650280e-05
29,26,-3.4421750206e-04
29,27,-5.7905928476e-04
29,28,2.6569673722e-06
29,29,2.3823510896e-03
29,636,-2.8220684977e-04
29,637,-1.7832757686e-05
29,638,7.0228358623e-05
29,639,4.2613963155e-04
29,640,2.5983786807e-06
29,641,-4.0680125421e-04
29,924,4.9303921851e-05
29,925,-8.2045332907e-05
29,926,9.7448379409e-05
29,927,6.9374083867e-05
29,928,-1.1829322887e-04
29,929,-1.6196140675e-04
29,3012,-7.2421144699e-05
29,3013,1.0330580093e-04
29,3014,-8.7004068403e-05
29,3015,8.8939108592e-05
29,3016,-1.2509297064e-04
29,3017,-4.2313351059e-05
30,30,1.0984527963e-03
30,31,-3.0474931262e-06
30,32,7.9803862126e-05
30,33,1.1499405298e-05
30,34,4.8781845347e-06
30,35,4.3991428376e-04
30,2010,-1.2040336759e-04
30,2011,-2.3630272789e-06
30,2012,1.0954815998e-04
30,2013,2.0564266789e-04
30,2014,3.9613296218e-06
30,2015,-2.5800596651e-04
30,2352,-1.6298882717e-04
30,2353,1.9194547749e-04
30,2354,-8.8026103134e-05
30,2355,-1.3703757545e-04
30,2356,1.3561752631e-04
30,2357,6.3144131651e-06
30,2430,-1.5272471434e-04
30,2431,1.8479647825e-04
30,2432,-9.3780491473e-05
30,2433,1.3187288688e-04
30,2434,-1.3776197578e-04
30,2435,2.8063644839e-06
30,2946,-1.5533179496e-04
30,2947,-1.8919883597e-04
30,2948,-9.8329453294e-05
30,2949,1.3627520935e-04
30,2950,1.4418202769e-04
30,2951,-1.1930635904e-06
30,3480,-1.5748022585e-04
30,3481,-1.9398694622e-04
30,3482,-1.0482089887e-04
30,3483,-1.2950803581e-04
30,3484,-1.3713201793e-04
30,3485,1.1584088958e-05
30,3738,-1.1796288985e-04
30,3739,6.5065611109e-07
30,3740,1.0824469718e-04
30,3741,-2.0104910946e-04
30,3742,1.2885141758e-06
30,3743,-2.5115579985e-04
31,30,-3.0474931262e-06
31,31,1.1940515490e-03
31,32,-5.7971999961e-06
31,33,4.8781845347e-06
31,34,2.2735449206e-05
31,35,-3.6916933966e-06
31,2010,-8.9507435057e-08
31,2011,-2.2282689923e-05
31,2012,-8.9635879373e-07
31,2013,7.8886788872e-08
31,2014,3.8056163929e-05
31,2015,9.0755771398e-08
31,2352,-1.9722282584e-04
31,2353,2.1741833081e-04
31,2354,-6.7426531110e-05
31,2355,-1.9002869213e-04
31,2356,1.8013045383e-04
31,2357,-3.7870459976e-05
31,2430,-1.8671798758e-04
31,2431,2.1316451133e-04
31,2432,-8.0118669340e-05
31,2433,1.8244997637e-04
31,2434,-1.8308511541e-04
31,2435,-3.7548962543e-05
31,2946,1.8982636692e-04
31,2947,2.1841063202e-04
31,2948,8.5292245035e-05
31,2949,-1.8811933762e-04
31,2950,-1.9125377530e-04
31,2951,4.3794576155e-05
31,3480,1.9394394280e-04
31,3481,2.2653968749e-04
31,3482,9.5034713585e-05
31,3483,1.8185256728e-04
31,3484,1.8625610907e-04
31,3485,2.6846261550e-05
31,3738,2.5550031531e-06
31,3739,-2.1376158129e-05
31,3740,-2.0810411895e-06
31,3741,4.5352769991e-06
31,3742,-3.6437170578e-05
31,3743,6.1284282374e-06
32,30,7.9803862126e-05
32,31,-5.7971999961e-06
32,32,1.0809835387e-03
32,33,1.2329119896e-05
32,34,8.3188048268e-06
32,35,-9.5736595756e-04
32,2010,1.0980791600e-04
32,2011,2.1180444962e-06
32,2012,-1.0403272860e-04
32,2013,-1.8754631257e-04
32,2014,-3.5616876617e-06
32,2015,2.3530196194e-04
32,2352,-1.0012681221e-04
32,2353,7.7752328830e-05
32,2354,5.0327675251e-05
32,2355,-1.4968358868e-04
32,2356,1.2470024429e-04
32,2357,-1.2284356962e-04
32,2430,-9.8314235476e-05
32,2431,8.4065534318e-05
32,2432,3.2969379884e-05
32,2433,1.4291447865e-04
32,2434,-1.2716698761e-04
32,2435,-1.1315999593e-04
32,2946,-9.9816830010e-05
32,2947,-8.6591017425e-05
32,2948,3.1047897888e-05
32,2949,1.4654427425e-04
32,2950,1.3218945070e-04
32,2951,-1.1944267127e-04
32,3480,-1.0471745372e-04
32,3481,-9.4943460380e-05
32,3482,2.3109164123e-05
32,3483,-1.4768506837e-04
32,3484,-1.3744873071e-04
32,3485,-1.0867476642e-04
32,3738,1.0769288684e-04
32,3739,4.4059515663e-07
32,3740,-1.0270202096e-04
32,3741,1.8353676141e-04
32,3742,6.1620571914e-07
32,3743,2.2925622623e-04
33,30,1.1499405298e-05
33,31,4.8781845347e-06
33,32,1.2329119896e-05
33,33,1.5213953534e-03
33,34,-6.4452165039e-06
33,35,1.8351703185e-05
33,2010,-2.0568711541e-04
33,2011,-4.1099584203e-06
33,2012,1.8713976954e-04
33,2013,3.5124720373e-04
33,2014,6.8910593879e-06
33,2015,-4.4054074186e-04
33,2352,1.3495144792e-04
33,2353,-1.8500559367e-04
33,2354,1.4155635925e-04
33,2355,7.0699818505e-05
33,2356,-8.3852239251e-05
33,2357,-8.5627599747e-05
33,2430,-1.3473540149e-04
33,2431,1.8461144717e-04
33,2432,-1.4112620252e-04
33,2433,8.0234164718e-05
33,2434,-9.6482265889e-05
33,2435,7.2187860995e-05
33,2946,-1.3558885409e-04
33,2947,-1.8689169246e-04
33,2948,-1.4504269892e-04
33,2949,8.2095016770e-05
33,2950,1.0003300527e-04
33,2951,7.1267559205e-05
33,3480,1.3052909948e-04
33,3481,1.8314010682e-04
33,3482,1.4844802817e-04
33,3483,6.6681873951e-05
33,3484,8.1956100048e-05
33,3485,-8.4375293463e-05
33,3738,2.0102524969e-04
33,3739,-9.2868454711e-07
33,3740,-1.8446631297e-04
33,3741,3.4255935466e-04
33,3742,-1.8885197621e-06
33,3743,4.2778690828e-04
34,30,4.8781845347e-06
34,31,2.2735449206e-05
34,32,8.3188048268e-06
34,33,-6.4452165039e-06
34,34,8.3413517454e-04
34,35,9.2327989832e-06
34,2010,-2.2605619709e-07
34,2011,-3.8067387226e-05
34,2012,-1.4767852702e-06
34,2013,2.5966353695e-07
34,2014,6.5004199532e-05
34,2015,-1.6488414959e-09
34,2352,1.3868675374e-04
34,2353,-1.8259130422e-04
34,2354,1.2350106634e-04
34,2355,8.4901242336e-05
34,2356,-9.7366476914e-05
34,2357,-7.0653411066e-05
34,2430,-1.4360980063e-04
34,2431,1.8889198863e-04
34,2432,-1.2748513292e-04
34,2433,9.8584921879e-05
34,2434,-1.1425148146e-04
34,2435,5.6198700141e-05
34,2946,1.4407717279e-04
34,2947,1.9088152198e-04
34,2948,1.3151514866e-04
34,2949,-1.0019443145e-04
34,2950,-1.1774123670e-04
34,2951,-5.4881317991e-05
34,3480,-1.3833528400e-04
34,3481,-1.8768260625e-04
34,3482,-1.3809412632e-04
34,3483,-8.2217168782e-05
34,3484,-9.8358218495e-05
34,3485,7.3345044706e-05
34,3738,-4.1713178115e-06
34,3739,3.6423051427e-05
34,3740,3.4078082690e-06
34,3741,-7.4160137572e-06
34,3742,6.2075217434e-05
34,3743,-1.0049603566e-05
35,30,4.3991428376e-04
35,31,-3.6916933966e-06
35,32,-9.5736595756e-04
35,33,1.8351703185e-05
35,34,9.2327989832e-06
35,35,2.0183358849e-03
35,2010,-2.5817763777e-04
35,2011,-5.3464278776e-06
35,2012,2.3488880601e-04
35,2013,4.4073869830e-04
35,2014,8.9671376245e-06
35,2015,-5.5240276478e-04
35,2352,8.8442338894e-06
35,2353,3.7866270043e-05
35,2354,-1.2652204347e-04
35,2355,8.6611529500e-05
35,2356,-6.6121549501e-05
35,2357,1.3727623714e-04
35,2430,-2.1582404932e-06
35,2431,4.5185217551e-05
35,2432,-1.1955070096e-04
35,2433,-6.9361683370e-05
35,2434,5.2034274813e-05
35,2435,1.2901117409e-04
35,2946,1.9566964330e-07
35,2947,-4.2195149984e-05
35,2948,-1.1847777722e-04
35,2949,-7.2116461753e-05
35,2950,-5.5195449587e-05
35,2951,1.3237956824e-04
35,3480,9.6722021033e-06
35,3481,-2.9511977968e-05
35,3482,-1.1082753811e-04
35,3483,8.3317419792e-05
35,3484,7.2345524640e-05
35,3485,1.2736107752e-04
35,3738,-2.5106400716e-04
35,3739,6.9845255626e-07
35,3740,2.3038867454e-04
35,3741,-4.2768126846e-04
35,3742,1.5716464013e-06
35,3743,-5.3370281541e-04
36,36,1.0975083960e-03
36,37,6.5639975802e-07
36,38,3.7489512417e-04
36,39,3.3652489882e-06
36,40,1.8204916252e-05
36,41,1.0252867466e-04
36,726,-1.3966329446e-04
36,727,-9.9815796103e-05
36,728,4.2057717314e-05
36,729,-1.8604181884e-04
36,730,-1.1846285792e-04
36,731,-1.2850662125e-04
36,774,-1.5044358631e-04
36,775,1.1516757548e-04
36,776,2.8167145273e-05
36,777,1.9333617798e-04
36,778,-1.2939746542e-04
36,779,-1.1994339631e-04
36,3672,-1.2041929036e-04
36,3673,2.0079564139e-04
36,3674,-2.3973078324e-04
36,3675,5.5675789304e-06
36,3676,-7.9755288052e-06
36,3677,1.0894517205e-04
36,3696,-1.5833740025e-04
36,3697,-1.3610845702e-04
36,3698,2.4768095129e-06
36,3699,1.9053378215e-04
36,3700,1.4042132227e-04
36,3701,-9.4826622149e-05
36,3756,-1.6030363177e-04
36,3757,1.4446102616e-04
36,3758,-6.4150603401e-06
36,3759,-1.8643156804e-04
36,3760,1.4372171440e-04
36,3761,-8.1480762460e-05
36,3822,-1.3795540291e-04
36,3823,-2.2385555165e-04
36,3824,-2.5222033237e-04
36,3825,-2.2472494847e-05
36,3826,-3.3079328620e-05
36,3827,1.1497140307e-04
37,36,6.5639975802e-07
37,37,1.4613661786e-03
37,38,1.9411911781e-05
37,39,1.8204916252e-05
37,40,1.5062059826e-05
37,41,-9.7363632827e-06
37,726,1.0109222179e-04
37,727,4.1158753079e-05
37,728,-8.0128664422e-05
37,729,1.4928693725e-04
37,730,5.4783267635e-05
37,731,1.3657691255e-04
37,774,-1.1893776461e-04
37,775,5.4534648416e-05
37,776,8.4772739701e-05
37,777,1.7110403723e-04
37,778,-6.9348977672e-05
37,779,-1.4728492105e-04
37,3672,-2.0087866067e-04
37,3673,3.3483077631e-04
37,3674,-3.9942758890e-04
37,3675,1.0576673999e-05
37,3676,-1.5447877266e-05
37,3677,1.8160473095e-04
37,3696,1.3901040326e-04
37,3697,8.1155406291e-05
37,3698,-7.5868877868e-05
37,3699,-1.9009610503e-04
37,3700,-9.6760978671e-05
37,3701,1.4465196351e-04
37,3756,-1.4410294805e-04
37,3757,9.3865492138e-05
37,3758,6.6768515746e-05
37,3759,-1.9188521610e-04
37,3760,1.0922712504e-04
37,3761,-1.3642464781e-04
37,3822,2.2390214308e-04
37,3823,3.6289843257e-04
37,3824,4.0782806236e-04
37,3825,3.9838139826e-05
37,3826,5.9079838429e-05
37,3827,-1.8537327856e-04
38,36,3.7489512417e-04
38,37,1.9411911781e-05
38,38,1.7739411610e-03
38,39,1.3056950814e-05
38,40,2.4113126850e-05
38,41,-9.0215515430e-04
38,726,3.9197497250e-05
38,727,7.8335495061e-05
38,728,6.1686046809e-05
38,729,2.8544017697e-05
38,730,8.6270370165e-05
38,731,-3.5960262791e-05
38,774,2.2941723033e-05
38,775,-8.2112853067e-05
38,776,9.7326800550e-05
38,777,2.7901113040e-06
38,778,8.1939986455e-05
38,779,-7.6652997215e-05
38,3672,-2.4003991225e-04
38,3673,3.9977760719e-04
38,3674,-4.7606513046e-04
38,3675,1.5906458787e-05
38,3676,-2.3891026250e-05
38,3677,2.1665698803e-04
38,3696,-1.3422249047e-06
38,3697,7.4111807780e-05
38,3698,1.3539585515e-04
38,3699,4.6411677059e-05
38,3700,-5.5810632110e-05
38,3701,-1.2461542282e-04
38,3756,-5.9102437277e-06
38,3757,-6.7029320709e-05
38,3758,1.3746959470e-04
38,3759,-5.5707638822e-05
38,3760,-3.9718632437e-05
38,3761,-1.3366588434e-04
38,3822,-2.5238729729e-04
38,3823,-4.0801349976e-04
38,3824,-4.5588536430e-04
38,3825,-5.3325635980e-05
38,3826,-8.0074482266e-05
38,3827,2.0580839069e-04
39,36,3.3652489882e-06
39,37,1.8204916252e-05
39,38,1.3056950814e-05
39,39,1.2136572761e-03
39,40,-7.9733622499e-06
39,41,-6.0100471423e-06
39,726,1.8648141498e-04
39,727,1.4761809023e-04
39,728,-3.3237103181e-05
39,729,2.4159717137e-04
39,730,1.7241096047e-04
39,731,1.5129938057e-04
39,774,-1.9292809117e-04
39,775,1.6636008333e-04
39,776,4.1638722504e-06
39,777,2.3853150442e-04
39,778,-1.8273324246e-04
39,779,-1.2679639320e-04
39,3672,-1.3387843186e-05
39,3673,2.3628104294e-05
39,3674,-3.1515462613e-05
39,3675,-2.2122235698e-05
39,3676,3.6973329814e-05
39,3677,1.4463275847e-05
39,3696,-1.8990699859e-04
39,3697,-1.8672946136e-04
39,3698,-4.2167316799e-05
39,3699,2.1446840710e-04
39,3700,1.8459526643e-04
39,3701,-7.5915308322e-05
39,3756,1.8781729189e-04
39,3757,-1.9311722802e-04
39,3758,5.5598612111e-05
39,3759,2.0224260284e-04
39,3760,-1.8155209175e-04
39,3761,5.3369557401e-05
39,3822,1.8706847855e-05
39,3823,3.3762512776e-05
39,3824,4.6564919795e-05
39,3825,-2.8712384783e-05
39,3826,-4.6494701171e-05
39,3827,-2.7158610753e-05
40,36,1.8204916252e-05
40,37,1.5062059826e-05
40,38,2.4113126850e-05
40,39,-7.9733622499e-06
40,40,8.3866411209e-04
40,41,3.1385640138e-05
40,726,-1.2042729472e-04
40,727,-5.4935716407e-05
40,728,8.8868828926e-05
40,729,-1.7501526910e-04
40,730,-7.2317815196e-05
40,731,-1.5364224233e-04
40,774,-1.3411054888e-04
40,775,7.0597668168e-05
40,776,8.4047762238e-05
40,777,1.8832448936e-04
40,778,-8.8192271159e-05
40,779,-1.5180868649e-04
40,3672,-2.1037497803e-05
40,3673,3.7240740306e-05
40,3674,-4.9937605372e-05
40,3675,-3.6820024003e-05
40,3676,6.1503549460e-05
40,3677,2.3157203979e-05
40,3696,1.4368262654e-04
40,3697,9.8143932261e-05
40,3698,-5.6089052686e-05
40,3699,-1.8792846340e-04
40,3700,-1.1253406312e-04
40,3701,1.2467235945e-04
40,3756,1.4485556019e-04
40,3757,-1.0981510798e-04
40,3758,-4.0754531794e-05
40,3759,1.8237834144e-04
40,3760,-1.2120698328e-04
40,3761,1.0760908255e-04
40,3822,-2.6953785867e-05
40,3823,-4.9210288964e-05
40,3824,-6.9126234856e-05
40,3825,4.6699076820e-05
40,3826,7.5467295871e-05
40,3827,4.1763877341e-05
41,36,1.0252867466e-04
41,37,-9.7363632827e-06
41,38,-9.0215515430e-04
41,39,-6.0100471423e-06
41,40,3.1385640138e-05
41,41,1.1046533088e-03
41,726,-1.2969868974e-04
41,727,-1.3551323557e-04
41,728,-3.0836549351e-05
41,729,-1.5243490760e-04
41,730,-1.5188502478e-04
41,731,-5.9106255992e-05
41,774,-1.1889809721e-04
41,775,1.4455397062e-04
41,776,-7.1684297154e-05
41,777,1.2583544256e-04
41,778,-1.4937343784e-04
41,779,-1.7908142447e-05
41,3672,1.0751826808e-04
41,3673,-1.7895933071e-04
41,3674,2.1282448206e-04
41,3675,-1.0624548532e-05
41,3676,1.6752686325e-05
41,3677,-1.0098370029e-04
41,3696,-9.3376054837e-05
41,3697,-1.4324632629e-04
41,3698,-1.2306361900e-04
41,3699,7.4669549449e-05
41,3700,1.2432332592e-04
41,3701,4.4248282659e-05
41,3756,-8.4546142801e-05
41,3757,1.3870379269e-04
41,3758,-1.3289042361e-04
41,3759,-5.5917346832e-05
41,3760,1.0812438357e-04
41,3761,6.5669554118e-05
41,3822,1.1555957725e-04
41,3823,1.8648141713e-04
41,3824,2.0744210309e-04
41,3825,2.8454212993e-05
