0,0,3.7112750052e-03
0,1,-4.5996999732e-04
0,2,1.0147618852e-03
0,3,2.9539017096e-05
0,4,1.5219442598e-04
0,5,5.6351857922e-04
0,1062,-6.1847332821e-04
0,1063,-1.0055620457e-03
0,1064,-1.1377577558e-03
0,1065,-6.2426735227e-05
0,1066,-8.5706282302e-05
0,1067,4.9636967376e-04
0,1260,-6.0619872845e-04
0,1261,-2.3392009376e-04
0,1262,4.0061412219e-04
0,1263,-8.3796458292e-04
0,1264,-2.6438976416e-04
0,1265,-6.4164471025e-04
0,3522,-8.2048928395e-04
0,3523,8.8735232727e-04
0,3524,-2.7882930265e-04
0,3525,-5.0348302285e-04
0,3526,3.5500193806e-04
0,3527,2.0883472120e-04
0,3642,-7.4421092925e-04
0,3643,-4.0442304228e-04
0,3644,3.0562882815e-04
0,3645,9.3664247294e-04
0,3646,3.9486630457e-04
0,3647,-5.4358457691e-04
0,3780,-5.9799587815e-04
0,3781,6.2939779706e-04
0,3782,-1.7034106457e-04
0,3783,6.2139132701e-04
0,3784,-5.6385815332e-04
0,3785,-1.5618974944e-04
1,0,-4.5996999732e-04
1,1,4.7209161286e-03
1,2,-1.5280067390e-03
1,3,1.5219442598e-04
1,4,1.5942710589e-04
1,5,1.1330606754e-05
1,1062,1.0095655160e-03
1,1063,1.6397735387e-03
1,1064,1.8511843614e-03
1,1065,1.1669519570e-04
1,1066,1.6378611394e-04
1,1067,-8.0691078909e-04
1,1260,3.5869516148e-04
1,1261,-3.5509841041e-05
1,1262,-3.8711901850e-04
1,1263,5.6071421756e-04
1,1264,-5.8941005626e-05
1,1265,5.8020902253e-04
1,3522,-8.5139588906e-04
1,3523,8.0273099735e-04
1,3524,-3.8548158901e-06
1,3525,-7.2444362243e-04
1,3526,5.1438831800e-04
1,3527,-6.0460118149e-05
1,3642,5.1100705940e-04
1,3643,1.8733666329e-05
1,3644,-5.2453083787e-04
1,3645,-7.6061079607e-04
1,3646,-9.0475701489e-06
1,3647,7.0384042543e-04
1,3780,-6.1098369798e-04
1,3781,5.5089969641e-04
1,3782,4.2880142463e-05
1,3783,7.2888986521e-04
1,3784,-5.7926586968e-04
1,3785,-3.7799809720e-04
2,0,1.0147618852e-03
2,1,-1.5280067390e-03
2,2,5.2858157414e-03
2,3,1.4503874417e-04
2,4,2.8080791495e-04
2,5,-3.1403823275e-03
2,1062,-1.1521838504e-03
2,1063,-1.8672513577e-03
2,1064,-2.0975154140e-03
2,1065,-1.7029159292e-04
2,1066,-2.4679528331e-04
2,1067,9.1217226427e-04
2,1260,2.2601024985e-04
2,1261,3.1733258286e-04
2,1262,-7.2401532458e-07
2,1263,2.2657745398e-04
2,1264,4.0017135736e-04
2,1265,-3.3023977816e-05
2,3522,-2.1079884677e-04
2,3523,-4.5933266174e-05
2,3524,5.7370359137e-04
2,3525,-5.9803777717e-04
2,3526,4.0395890059e-04
2,3527,-6.3906093694e-04
2,3642,1.4135365876e-04
2,3643,4.7441874185e-04
2,3644,3.3493479933e-04
2,3645,2.4587197810e-06
2,3646,-5.1392573415e-04
2,3647,-4.2282756446e-04
2,3780,-1.3674655496e-04
2,3781,-6.6647411204e-05
2,3782,4.4237324710e-04
2,3783,3.5685361398e-04
2,3784,-1.2318991505e-04
2,3785,-5.4942561341e-04
3,0,2.9539017096e-05
3,1,1.5219442598e-04
3,2,1.4503874417e-04
3,3,4.3084508931e-03
3,4,-4.6222512733e-04
3,5,-1.5420741837e-04
3,1062,8.4227385972e-05
3,1063,1.5357014467e-04
3,1064,2.1539327434e-04
3,1065,-1.6903254362e-04
3,1066,-2.7529871322e-04
3,1067,-1.0766833822e-04
3,1260,8.4405128136e-04
3,1261,3.8282805846e-04
3,1262,-5.0851214582e-04
3,1263,1.1451566560e-03
3,1264,4.3875651978e-04
3,1265,8.2663659290e-04
3,3522,5.7835138418e-04
3,3523,-8.0213375467e-04
3,3524,6.2373316124e-04
3,3525,5.1594716247e-05
3,3526,-3.0613199441e-05
3,3527,-5.6337997939e-04
3,3642,-9.3561783209e-04
3,3643,-6.2270558826e-04
3,3644,2.4538638105e-04
3,3645,1.1254038254e-03
3,3646,6.1190086948e-04
3,3647,-5.3665481660e-04
3,3780,-6.0003846133e-04
3,3781,7.2610927800e-04
3,3782,-3.9346845105e-04
3,3783,5.2656009046e-04
3,3784,-5.6199707792e-04
3,3785,6.8556813805e-05
4,0,1.5219442598e-04
4,1,1.5942710589e-04
4,2,2.8080791495e-04
4,3,-4.6222512733e-04
4,4,2.7359241338e-03
4,5,1.6162572975e-04
4,1062,-1.2183732630e-04
4,1063,-2.2500679669e-04
4,1064,-3.2193043188e-04
4,1065,2.7548570234e-04
4,1066,4.4790579969e-04
4,1067,1.6652759756e-04
4,1260,-4.3625680395e-04
4,1261,4.0021347320e-05
4,1262,4.8272961474e-04
4,1263,-6.8060379775e-04
4,1264,6.2878180962e-05
4,1265,-6.9937680473e-04
4,3522,4.1132305187e-04
4,3523,-5.4493484351e-04
4,3524,3.5905709252e-04
4,3525,8.0055641553e-05
4,3526,-8.7856262496e-05
4,3527,-4.0792590005e-04
4,3642,5.2442203523e-04
4,3643,3.7879691851e-05
4,3644,-5.5116273609e-04
4,3645,-7.7190423834e-04
4,3646,-4.2544559493e-05
4,3647,6.9050493834e-04
4,3780,-5.1396450342e-04
4,3781,5.4508254962e-04
4,3782,-1.4307239201e-04
4,3783,5.2933317994e-04
4,3784,-4.9584239181e-04
4,3785,-1.0959479859e-04
5,0,5.6351857922e-04
5,1,1.1330606754e-05
5,2,-3.1403823275e-03
5,3,-1.5420741837e-04
5,4,1.6162572975e-04
5,5,4.0411012977e-03
5,1062,4.6915890923e-04
5,1063,7.5773193559e-04
5,1064,8.4422316468e-04
5,1065,1.0141831769e-04
5,1066,1.5666441214e-04
5,1067,-4.1529473099e-04
5,1260,-6.5914980889e-04
5,1261,-4.3220546082e-04
5,1262,2.7678728464e-04
5,1263,-8.4390713325e-04
5,1264,-5.0552753915e-04
5,1265,-4.9057578913e-04
5,3522,1.4518861336e-04
5,3523,1.2141039912e-04
5,3524,-6.6193279616e-04
5,3525,5.6715369089e-04
5,3526,-4.6735701721e-04
5,3527,5.0679822703e-04
5,3642,-5.4103840522e-04
5,3643,-6.1523510842e-04
5,3644,-1.8563169995e-04
5,3645,5.3435918575e-04
5,3646,6.0449003533e-04
5,3647,1.3644404977e-05
5,3780,-1.1830110301e-04
5,3781,3.3667796146e-04
5,3782,-5.4791012561e-04
5,3783,-9.4609635046e-05
5,3784,-8.9333826410e-05
5,3785,4.5879886181e-04
6,6,3.8367099722e-03
6,7,2.3911022415e-04
6,8,1.9777478909e-03
6,9,3.0796072379e-05
6,10,-3.4343184641e-04
6,11,7.3887132961e-04
6,738,-7.4837164436e-04
6,739,1.1873352822e-03
6,740,-1.2733605474e-03
6,741,1.6027981420e-07
6,742,-3.4436314218e-05
6,743,4.9863911040e-04
6,1074,-2.7762569877e-04
6,1075,1.2972012486e-04
6,1076,2.2122033442e-04
6,1077,-4.3095082976e-04
6,1078,1.9452838188e-04
6,1079,-4.4010144724e-04
6,1086,-4.6826111133e-04
6,1087,-8.0042982655e-04
6,1088,-1.0059762809e-03
6,1089,-3.7484489440e-05
6,1090,-6.3823779635e-05
6,1091,4.3344746784e-04
6,1188,-5.5327727804e-04
6,1189,-4.6951042353e-04
6,1190,2.5391042419e-05
6,1191,7.0811273152e-04
6,1192,5.3279403356e-04
6,1193,-4.3360450341e-04
6,2178,-6.2832727481e-04
6,2179,5.1340543516e-04
6,2180,4.1784733780e-05
6,2181,8.0737217227e-04
6,2182,-5.7779195620e-04
6,2183,-5.0086324396e-04
6,2214,-8.0702360278e-04
6,2215,-5.7519592810e-04
6,2216,1.3709613819e-04
6,2217,-8.7447948341e-04
6,2218,-4.5148320143e-04
6,2219,-2.7691465803e-04
7,6,2.3911022415e-04
7,7,5.7285283111e-03
7,8,7.8852708535e-05
7,9,-3.4343184641e-04
7,10,9.4496559875e-05
7,11,6.9308608393e-04
7,738,-1.1858777664e-03
7,739,1.8772161600e-03
7,740,-2.0026939884e-03
7,741,-3.4327669573e-05
7,742,2.9733755320e-07
7,743,7.9016558215e-04
7,1074,-2.7064362977e-04
7,1075,1.0553204928e-04
7,1076,2.3752033148e-04
7,1077,-4.2747542411e-04
7,1078,1.6059319619e-04
7,1079,-4.5458711179e-04
7,1086,7.9978314714e-04
7,1087,1.3669146986e-03
7,1088,1.7173892253e-03
7,1089,6.4288051466e-05
7,1090,1.0944656594e-04
7,1091,-7.4027450130e-04
7,1188,4.7770495880e-04
7,1189,2.7145232684e-04
7,1190,-2.7605542455e-04
7,1191,-6.8013754287e-04
7,1192,-3.4694772165e-04
7,1193,5.7111453341e-04
7,2178,-5.3253197194e-04
7,2179,2.6926254847e-04
7,2180,3.3847226911e-04
7,2181,7.6327739192e-04
7,2182,-3.4111473809e-04
7,2183,-6.5147828074e-04
7,2214,4.9226773946e-04
7,2215,4.9905869128e-05
7,2216,-5.6326300142e-04
7,2217,7.2143930388e-04
7,2218,8.3298186939e-05
7,2219,6.2448614645e-04
8,6,1.9777478909e-03
8,7,7.8852708535e-05
8,8,7.1850250795e-03
8,9,6.9249032907e-05
8,10,-3.2532592302e-04
8,11,-3.2430160716e-03
8,738,-1.2682991264e-03
8,739,1.9971620096e-03
8,740,-2.1045351982e-03
8,741,-1.2226005191e-04
8,742,1.3584531353e-04
8,743,8.4353128617e-04
8,1074,-1.0055339293e-05
8,1075,-4.0916601128e-05
8,1076,5.4089937663e-05
8,1077,-3.1657136529e-05
8,1078,-5.6756670566e-05
8,1079,-7.1831764848e-05
8,1086,-1.0034782573e-03
8,1087,-1.7145085309e-03
8,1088,-2.1526879934e-03
8,1089,-8.1341234189e-05
8,1090,-1.3843952112e-04
8,1091,9.2869164747e-04
8,1188,6.0066991501e-06
8,1189,2.6366528863e-04
8,1190,4.5789651273e-04
8,1191,1.2503388945e-04
8,1192,-2.3895196591e-04
8,1193,-3.8361457318e-04
8,2178,1.8730638924e-05
8,2179,-3.2965295888e-04
8,2180,5.2926389556e-04
8,2181,1.2564314054e-04
8,2182,3.1745180152e-04
8,2183,-4.2511666259e-04
8,2214,1.9794487673e-04
8,2215,5.5156915254e-04
8,2216,5.0826731909e-04
8,2217,-4.1964184562e-05
8,2218,4.3542518884e-04
8,2219,-5.9716635206e-04
9,6,3.0796072379e-05
9,7,-3.4343184641e-04
9,8,6.9249032907e-05
9,9,4.5931550993e-03
9,10,8.6437728037e-04
9,11,-4.4964554851e-05
9,738,1.9146992645e-04
9,739,-3.3883741110e-04
9,740,4.5016413000e-04
9,741,-3.1070039376e-04
9,742,5.0169734553e-04
9,743,-1.2742741237e-04
9,1074,4.2774472380e-04
9,1075,-2.0704661542e-04
9,1076,-3.3333492876e-04
9,1077,6.6131417813e-04
9,1078,-3.0962001419e-04
9,1079,6.6882996164e-04
9,1086,-5.8646741817e-05
9,1087,-9.9995214401e-05
9,1088,-1.2502302693e-04
9,1089,-8.3410334290e-05
9,1090,-1.4252709874e-04
9,1091,4.0196600466e-05
9,1188,-7.0222774855e-04
9,1189,-6.6540807464e-04
9,1190,-9.9645664754e-05
9,1191,8.6278677083e-04
9,1192,7.3465827878e-04
9,1193,-4.4741856338e-04
9,2178,-8.0889720424e-04
9,2179,7.4222185221e-04
9,2180,-9.4697788489e-05
9,2181,1.0004335090e-03
9,2182,-8.1643152638e-04
9,2183,-5.3284725344e-04
9,2214,9.2483583254e-04
9,2215,8.1420248741e-04
9,2216,8.9975398002e-05
9,2217,9.0490912263e-04
9,2218,6.1608545401e-04
9,2219,8.1746345286e-05
10,6,-3.4343184641e-04
10,7,9.4496559875e-05
10,8,-3.2532592302e-04
10,9,8.6437728037e-04
10,10,3.8263758499e-03
10,11,-8.5291568988e-04
10,738,2.6781727756e-04
10,739,-4.7937479198e-04
10,740,6.4871800294e-04
10,741,-4.8348400429e-04
10,742,7.7788416394e-04
10,743,-1.9103866801e-04
10,1074,4.0905576611e-04
10,1075,-1.6589203555e-04
10,1076,-3.5279876536e-04
10,1077,6.4371284319e-04
10,1078,-2.5168632460e-04
10,1079,6.7873511556e-04
10,1086,1.0043792620e-04
10,1087,1.7122614905e-04
10,1088,2.1401756691e-04
10,1089,1.4251846048e-04
10,1090,2.4349079802e-04
10,1091,-6.8859596949e-05
10,1188,5.3573121999e-04
10,1189,3.4464127401e-04
10,1190,-2.4830379240e-04
10,1191,-7.4185783303e-04
10,1192,-4.2977207665e-04
10,1193,5.7666901330e-04
10,2178,-6.0681625752e-04
10,2179,3.5117262134e-04
10,2180,3.2382363953e-04
10,2181,8.4840646467e-04
10,2182,-4.3645634709e-04
10,2183,-6.7662860957e-04
10,2214,-3.9395354097e-04
10,2215,-3.0466987941e-05
10,2216,5.1754268456e-04
10,2217,-5.8304354893e-04
10,2218,-8.9421154204e-05
10,2219,-4.9323697763e-04
11,6,7.3887132961e-04
11,7,6.9308608393e-04
11,8,-3.2430160716e-03
11,9,-4.4964554851e-05
11,10,-8.5291568988e-04
11,11,4.2373062270e-03
11,738,4.2510349419e-04
11,739,-6.5439442309e-04
11,740,6.5052408535e-04
11,741,1.7763568662e-04
11,742,-2.7541795344e-04
11,743,-4.1229316594e-04
11,1074,-4.2935711551e-04
11,1075,2.2536324186e-04
11,1076,3.1608920394e-04
11,1077,-6.5730273192e-04
11,1078,3.3490024916e-04
11,1079,-6.4879270916e-04
11,1086,4.2601695060e-04
11,1087,7.2829008583e-04
11,1088,9.1549343807e-04
11,1089,1.2058247603e-05
11,1090,2.0427340060e-05
11,1091,-4.1152221629e-04
11,1188,-4.1868590029e-04
11,1189,-5.5253243823e-04
11,1190,-3.6372785456e-04
11,1191,4.3379218976e-04
11,1192,5.6493951080e-04
11,1193,-3.8386793580e-05
11,2178,-5.0477854373e-04
11,2179,6.4640890601e-04
11,2180,-4.0435653010e-04
11,2181,5.3645114415e-04
11,2182,-6.6861626241e-04
11,2183,-8.2524652117e-05
11,2214,-3.8049833465e-04
11,2215,-6.6847447657e-04
11,2216,-5.9823063777e-04
11,2217,-1.6314403667e-04
11,2218,-4.4901694732e-04
11,2219,4.6137564744e-04
12,12,3.8414726023e-03
12,13,1.3987134258e-05
12,14,2.0976250408e-03
12,15,-1.1845973298e-05
12,16,-6.4964267189e-05
12,17,6.6657050722e-04
12,888,-6.4519461070e-04
12,889,5.1995138422e-04
12,890,5.1210297245e-05
12,891,8.0566061403e-04
12,892,-5.5705416761e-04
12,893,-4.5582458108e-04
12,894,-5.4030941769e-04
12,895,4.7986658120e-04
12,896,2.5399000405e-06
12,897,-6.9088381990e-04
12,898,5.5142843470e-04
12,899,-4.2193555518e-04
12,1872,-5.1763134267e-04
12,1873,-8.8396041488e-04
12,1874,-1.1087239424e-03
12,1875,1.4269717201e-06
12,1876,2.0423989750e-06
12,1877,4.5679490397e-04
12,2778,-5.7221890626e-04
12,2779,-5.1843718060e-04
12,2780,-2.4926897523e-05
12,2781,7.1664315681e-04
12,2782,5.7759232612e-04
12,2783,-4.0942604014e-04
12,2928,-6.6192565723e-04
12,2929,-5.2348949354e-04
12,2930,6.3331090552e-05
12,2931,-8.2418159141e-04
12,2932,-5.5488841578e-04
12,2933,-4.6187388598e-04
12,3258,-5.4530385839e-04
12,3259,9.2454943755e-04
12,3260,-1.1426728508e-03
12,3261,-8.3450946948e-06
12,3262,1.1871918283e-05
12,3263,4.7039920245e-04
13,12,1.3987134258e-05
13,13,5.8407086950e-03
13,14,7.3774353779e-06
13,15,-6.4964267189e-05
13,16,-2.8726746387e-05
13,17,3.9512267403e-05
13,888,-5.2043172196e-04
13,889,2.3904714054e-04
13,890,3.6631945817e-04
13,891,7.4180065859e-04
13,892,-2.9820288312e-04
13,893,-6.2437125342e-04
13,894,-4.8962432644e-04
13,895,3.2340078538e-04
13,896,2.2363620594e-04
13,897,-6.8774282656e-04
13,898,4.1195842522e-04
13,899,-5.5867675043e-04
13,1872,8.8388018318e-04
13,1873,1.5091627998e-03
13,1874,1.8922643670e-03
13,1875,-2.8321911330e-06
13,1876,-4.1623115081e-06
13,1877,-7.7999662691e-04
13,2778,5.1552448723e-04
13,2779,3.4137932762e-04
13,2780,-2.3218473007e-04
13,2781,-7.1755317701e-04
13,2782,-4.2810201772e-04
13,2783,5.7024706604e-04
13,2928,5.2261663780e-04
13,2929,2.2164181643e-04
13,2930,-3.8896265210e-04
13,2931,7.4757504527e-04
13,2932,2.7604130722e-04
13,2933,6.3431534188e-04
13,3258,-9.2468462414e-04
13,3259,1.5674896487e-03
13,3260,-1.9365434237e-03
13,3261,-1.6405408327e-05
13,3262,2.3949229736e-05
13,3263,7.9758988711e-04
14,12,2.0976250408e-03
14,13,7.3774353779e-06
14,14,7.9027424670e-03
14,15,-1.8389126373e-05
14,16,-1.3472374879e-05
14,17,-3.7233995601e-03
14,888,5.0668397364e-05
14,889,-3.6614487239e-04
14,890,5.3172180952e-04
14,891,1.0254404506e-04
14,892,3.3930390327e-04
14,893,-4.4023763427e-04
14,894,-1.5828210694e-05
14,895,-2.1177764878e-04
14,896,4.2553768398e-04
14,897,-1.4519734145e-04
14,898,-1.7300359815e-04
14,899,-3.7664040328e-04
14,1872,-1.1084141990e-03
14,1873,-1.8919072773e-03
14,1874,-2.3705190642e-03
14,1875,4.5659275204e-06
14,1876,6.9495110689e-06
14,1877,9.7813432309e-04
14,2778,-2.0701739865e-05
14,2779,2.3445527908e-04
14,2780,4.8442591548e-04
14,2781,1.7079591612e-04
14,2782,-1.7908644074e-04
14,2783,-4.2950063311e-04
14,2928,6.4273718796e-05
14,2929,3.8922647895e-04
14,2930,5.3671526534e-04
14,2931,-9.0955561089e-05
14,2932,3.6506128090e-04
14,2933,-4.4532351789e-04
14,3258,-1.1431885732e-03
14,3259,1.9371344577e-03
14,3260,-2.3912586136e-03
14,3261,-2.6042952946e-05
14,3262,3.9361565806e-05
14,3263,9.8585480830e-04
15,12,-1.1845973298e-05
15,13,-6.4964267189e-05
15,14,-1.8389126373e-05
15,15,4.5351791549e-03
15,16,4.9672425487e-05
15,17,-2.6531171708e-05
15,888,-8.0514086543e-04
15,889,7.4100930206e-04
15,890,-1.0216517407e-04
15,891,9.5812750736e-04
15,892,-7.7214215085e-04
15,893,-4.3686165232e-04
15,894,6.9151186693e-04
15,895,-6.7596448005e-04
15,896,1.1949690429e-04
15,897,8.4974928618e-04
15,898,-7.5415680281e-04
15,899,4.4143690402e-04
15,1872,-2.4209437717e-06
15,1873,-4.5281629014e-06
15,1874,-6.6895940053e-06
15,1875,-1.0928515616e-04
15,1876,-1.8662730961e-04
15,1877,2.8101153461e-06
15,2778,-7.1580700733e-04
15,2779,-7.2023748180e-04
15,2780,-1.7645231577e-04
15,2781,8.5515998151e-04
15,2782,7.7490274215e-04
15,2783,-3.9646761521e-04
15,2928,8.2498722957e-04
15,2929,7.4892175443e-04
15,2930,9.1670621277e-05
15,2931,9.7818254728e-04
15,2932,7.7292375782e-04
15,2933,4.3913536118e-04
15,3258,1.7452824924e-05
15,3259,-3.1861292021e-05
15,3260,4.5179591784e-05
15,3261,-1.2420598181e-04
15,3262,2.1062635588e-04
15,3263,-1.9314895875e-05
16,12,-6.4964267189e-05
16,13,-2.8726746387e-05
16,14,-1.3472374879e-05
16,15,4.9672425487e-05
16,16,3.4892965185e-03
16,17,-2.3228668522e-04
16,888,-5.5715528463e-04
16,889,2.9826673271e-04
16,890,3.3886944256e-04
16,891,7.7232408806e-04
16,892,-3.6509107427e-04
16,893,-6.0145242186e-04
16,894,5.6493399896e-04
16,895,-4.1510648204e-04
16,896,-1.8608791065e-04
16,897,7.7005407178e-04
16,898,-5.1380358685e-04
16,899,5.7396013462e-04
16,1872,3.7360689913e-06
16,1873,7.0515559849e-06
16,1874,1.0565831627e-05
16,1875,1.8660885835e-04
16,1876,3.1862246084e-04
16,1877,-4.5218463412e-06
16,2778,5.7254649953e-04
16,2779,4.2610252492e-04
16,2780,-1.7679653493e-04
16,2781,-7.6979052378e-04
16,2782,-5.1692750989e-04
16,2783,5.5268014536e-04
16,2928,-5.5454449580e-04
16,2929,-2.7584217169e-04
16,2930,3.6578355353e-04
16,2931,-7.7247242957e-04
16,2932,-3.3843835359e-04
16,2933,-6.0878538109e-04
16,3258,2.7332984057e-05
16,3259,-5.0183012986e-05
16,3260,7.1833025939e-05
16,3261,-2.1058148208e-04
16,3262,3.5702671740e-04
16,3263,-3.1258000701e-05
17,12,6.6657050722e-04
17,13,3.9512267403e-05
17,14,-3.7233995601e-03
17,15,-2.6531171708e-05
17,16,-2.3228668522e-04
17,17,4.0231430718e-03
17,888,-4.5454859172e-04
17,889,6.2347225063e-04
17,890,-4.4043787641e-04
17,891,4.3572062981e-04
17,892,-6.0122319425e-04
17,893,4.3615459009e-05
17,894,-4.2353582293e-04
17,895,5.5304159855e-04
17,896,-3.5631984019e-04
17,897,-4.4290309455e-04
17,898,5.6725482946e-04
17,899,-5.0853720864e-05
17,1872,4.5626239350e-04
17,1873,7.7915637841e-04
17,1874,9.7726065133e-04
17,1875,-2.4007691564e-06
17,1876,-3.8263019999e-06
17,1877,-4.2570720862e-04
17,2778,-4.0736486889e-04
17,2779,-5.6965255832e-04
17,2780,-4.3303150813e-04
17,2781,3.9461945668e-04
17,2782,5.5303515452e-04
17,2783,2.9151859698e-05
17,2928,-4.6384546297e-04
17,2929,-6.3569587278e-04
17,2930,-4.4508482210e-04
17,2931,-4.4089464555e-04
17,2932,-6.0910860465e-04
17,2933,5.3154045908e-05
17,3258,4.6983995423e-04
17,3259,-7.9643973559e-04
17,3260,9.8391439965e-04
17,3261,1.6098378796e-05
17,3262,-2.5792495645e-05
17,3263,-4.3340914075e-04
18,18,3.8112715049e-03
18,19,-9.3739719295e-05
18,20,6.8863914260e-04
18,21,-4.3094883172e-04
18,22,6.3646057487e-05
18,23,1.5304256931e-03
18,606,-7.7444357967e-04
18,607,8.9248775471e-04
18,608,-3.7590790311e-04
18,609,4.7366863993e-04
18,610,-3.8400713932e-04
18,611,1.8676524454e-04
18,978,-5.6694192480e-04
18,979,-7.4662300774e-04
18,980,-4.9915545530e-04
18,981,-4.9064571039e-04
18,982,-5.8540756985e-04
18,983,2.3351471216e-05
18,1476,-5.5223057487e-04
18,1477,6.9958104375e-04
18,1478,-4.1484101093e-04
18,1479,-4.6207294395e-04
18,1480,5.2103932813e-04
18,1481,6.1121955142e-05
18,2286,-6.4111408147e-04
18,2287,-8.1877936155e-04
18,2288,-4.9785363806e-04
18,2289,5.0543649565e-04
18,2290,5.5799331019e-04
18,2291,6.2590708570e-05
18,3618,-5.1775578272e-04
18,3619,1.4642108522e-05
18,3620,4.5178270824e-04
18,3621,-8.8257997033e-04
18,3622,2.4141150538e-05
18,3623,-1.1029155889e-03
18,3708,-4.0793318341e-04
18,3709,-1.6424228461e-04
18,3710,3.1695230596e-04
18,3711,6.5316323896e-04
18,3712,2.5313472317e-04
18,3713,-7.1482387594e-04
19,18,-9.3739719295e-05
19,19,4.5308398972e-03
19,20,-2.2935736578e-04
19,21,6.3646057487e-05
19,22,-8.4041388912e-04
19,23,-1.0147136071e-04
19,606,-8.6184162741e-04
19,607,9.0508885018e-04
19,608,-1.9125128368e-04
19,609,6.9976395690e-04
19,610,-5.7239905979e-04
19,611,-2.8263537881e-05
19,978,7.3138752310e-04
19,979,9.3081807912e-04
19,980,5.4861818405e-04
19,981,6.9744328547e-04
19,982,8.1211272902e-04
19,983,9.4655814628e-05
19,1476,-6.9048461899e-04
19,1477,8.3609865882e-04
19,1478,-4.0927602464e-04
19,1479,-6.4415624019e-04
19,1480,7.0327923946e-04
19,1481,-4.7809374282e-05
19,2286,8.1841872132e-04
19,2287,1.0040534893e-03
19,2288,5.1797483744e-04
19,2289,-7.3263667316e-04
19,2290,-7.9149684275e-04
19,2291,7.4202773422e-05
19,3618,2.0306194615e-05
19,3619,-1.1810188673e-04
19,3620,-1.0286789778e-05
19,3621,3.3768396904e-05
19,3622,-2.0126353239e-04
19,3623,4.0031089600e-05
19,3708,6.5940026580e-05
19,3709,-3.4962397897e-05
19,3710,-1.0661126728e-04
19,3711,-1.1590181611e-04
19,3712,5.3415500382e-05
19,3713,1.5250068667e-04
20,18,6.8863914260e-04
20,19,-2.2935736578e-04
20,20,4.0009003654e-03
20,21,-4.4481998088e-04
20,22,-2.1023761072e-05
20,23,-3.3913150303e-03
20,606,-3.1125940733e-04
20,607,1.3942089573e-04
20,608,4.0391164921e-04
20,609,6.1997021507e-04
20,610,-4.9768206553e-04
20,611,-5.5085368037e-04
20,978,-4.5925410360e-04
20,979,-5.1142946421e-04
20,980,-1.3123198817e-04
20,981,-5.8345571527e-04
20,982,-6.3504458020e-04
20,983,-3.4832822656e-04
20,1476,-3.9222438498e-04
20,1477,3.8888051821e-04
20,1478,8.5735043545e-06
20,1479,-5.1383421329e-04
20,1480,5.1070539008e-04
20,1481,-3.1186999343e-04
20,2286,-4.9693665527e-04
20,2287,-5.1713556362e-04
20,2288,-5.2969849317e-05
20,2289,6.4129945649e-04
20,2290,6.5348578154e-04
20,2291,-4.0324026608e-04
20,3618,4.4162111761e-04
20,3619,-2.1821120365e-06
20,3620,-4.1267909359e-04
20,3621,7.5287303941e-04
20,3622,-3.1952506894e-06
20,3623,9.4101610880e-04
20,3708,3.7164719936e-04
20,3709,1.7186590246e-04
20,3710,-2.7802016884e-04
20,3711,-5.9133329053e-04
20,3712,-2.6610118536e-04
20,3713,6.3762481985e-04
21,18,-4.3094883172e-04
21,19,6.3646057487e-05
21,20,-4.4481998088e-04
21,21,5.2850636291e-03
21,22,-1.8749343920e-04
21,23,-1.0381391176e-03
21,606,-5.6289735525e-04
21,607,7.9368556320e-04
21,608,-6.4684321522e-04
21,609,5.9096499089e-05
21,610,-3.9133874577e-05
21,611,5.2577973376e-04
21,978,5.6697408130e-04
21,979,8.0123839952e-04
21,980,6.5988485384e-04
21,981,3.8113093414e-04
21,982,4.8840799945e-04
21,983,-2.3533539052e-04
21,1476,5.4079212526e-04
21,1477,-7.4546995196e-04
21,1478,5.7728270359e-04
21,1479,3.4793080157e-04
21,1480,-4.2829307738e-04
21,1481,-2.5551078150e-04
21,2286,-3.8497147527e-04
21,2287,-5.7535269057e-04
21,2288,-5.3796257431e-04
21,2289,1.2446503697e-04
21,2290,1.7239316558e-04
21,2291,3.5319885722e-04
21,3618,8.8334318586e-04
21,3619,-2.5752391651e-05
21,3620,-7.7073773235e-04
21,3621,1.5055359721e-03
21,3622,-4.2495649331e-05
21,3623,1.8807822328e-03
21,3708,-6.5158489345e-04
21,3709,-2.7241768617e-04
21,3710,4.9719137409e-04
21,3711,1.0414065552e-03
21,3712,4.1970324580e-04
21,3713,-1.1350362225e-03
22,18,6.3646057487e-05
22,19,-8.4041388912e-04
22,20,-2.1023761072e-05
22,21,-1.8749343920e-04
22,22,3.2254489269e-03
22,23,1.5959216892e-04
22,606,-4.7129211590e-04
22,607,6.4042802350e-04
22,608,-4.6469817111e-04
22,609,9.6364137086e-05
22,610,-9.7980653701e-05
22,611,4.3291708030e-04
22,978,-6.7315341551e-04
22,979,-9.2452580726e-04
22,980,-7.0184952918e-04
22,981,-5.0573168112e-04
22,982,-6.3179362009e-04
22,983,1.8753960804e-04
22,1476,6.1347269376e-04
22,1477,-8.1483062190e-04
22,1478,5.6374545288e-04
22,1479,4.4758869022e-04
22,1480,-5.3290289533e-04
22,1481,-2.0211331893e-04
22,2286,4.0744513938e-04
22,2287,6.0247970513e-04
22,2288,5.4607980967e-04
22,2289,-1.4515952505e-04
22,2290,-2.0369282730e-04
22,2291,-3.7195319117e-04
22,3618,-3.5447799287e-05
22,3619,2.0154661717e-04
22,3620,1.8093184586e-05
22,3621,-5.8972650832e-05
22,3622,3.4341169629e-04
22,3623,-6.9974128875e-05
22,3708,9.4637999603e-05
22,3709,-5.8519061369e-05
22,3710,-1.6187220408e-04
22,3711,-1.6771150340e-04
22,3712,8.9235933430e-05
22,3713,2.2371755854e-04
23,18,1.5304256931e-03
23,19,-1.0147136071e-04
23,20,-3.3913150303e-03
23,21,-1.0381391176e-03
23,22,1.5959216892e-04
23,23,6.5888874917e-03
23,606,1.2253259288e-04
23,607,9.4433405675e-05
23,608,-5.7482638779e-04
23,609,-5.3844768475e-04
23,610,4.9850945296e-04
23,611,4.9924705718e-04
23,978,-1.1032014987e-04
23,979,-2.6731822194e-04
23,980,-4.6171369155e-04
23,981,1.4948597936e-04
23,982,1.1249174728e-04
23,983,4.5738259148e-04
23,1476,-8.4625493166e-05
23,1477,2.3941974944e-04
23,1478,-4.4465919448e-04
23,1479,1.5817695862e-04
23,1480,-1.0982941696e-04
23,1481,4.1796594406e-04
23,2286,2.6655618892e-04
23,2287,2.2804476334e-04
23,2288,-1.2481630259e-04
23,2289,-4.5053732574e-04
23,2290,-4.7129033573e-04
23,2291,3.4771523980e-04
23,3618,-1.1058534840e-03
23,3619,3.4216617913e-05
23,3620,9.6475702806e-04
23,3621,-1.8841642763e-03
23,3622,5.6552531966e-05
23,3623,-2.3521906005e-03
23,3708,-7.0927884880e-04
23,3709,-3.2155744193e-04
23,3710,5.1844436619e-04
23,3711,1.1289395545e-03
23,3712,4.9499083326e-04
23,3713,-1.2187804966e-03
24,24,4.0857570629e-03
24,25,-1.6480111602e-04
24,26,3.1463641791e-03
24,27,-6.8489046686e-04
24,28,-1.4514722415e-04
24,29,3.2248224618e-03
24,636,-7.6575652276e-04
24,637,1.2780547257e-04
24,638,1.2997372661e-04
24,639,1.1767889528e-03
24,640,-2.6656131157e-04
24,641,-1.1741616605e-03
24,924,-7.0722975935e-04
24,925,1.1962302288e-03
24,926,-1.4711824551e-03
24,927,3.1561173473e-04
24,928,-5.3960249177e-04
24,929,1.9725225389e-04
24,3012,-3.4094354793e-04
24,3013,4.0053136245e-04
24,3014,-1.8206903545e-04
24,3015,4.7193122425e-04
24,3016,-5.3386930749e-04
24,3017,-3.6310843122e-04
25,24,-1.6480111602e-04
25,25,7.0282226649e-03
25,26,-4.1710054534e-04
25,27,-1.4514722415e-04
25,28,-1.6195342427e-03
25,29,-1.4875764469e-04
25,636,3.6455136740e-04
25,637,-5.6263012309e-04
25,638,1.2539124728e-04
25,639,-6.1617826224e-04
25,640,9.0736726849e-04
25,641,7.5123224230e-04
25,924,-1.1961408260e-03
25,925,2.0227725786e-03
25,926,-2.4866245699e-03
25,927,5.2802134201e-04
25,928,-9.0267963609e-04
25,929,3.3937554833e-04
25,3012,-4.2251886678e-04
25,3013,4.6680752553e-04
25,3014,-1.4798816843e-04
25,3015,6.0286676364e-04
25,3016,-6.4185979701e-04
25,3017,-5.0575796695e-04
26,24,3.1463641791e-03
26,25,-4.1710054534e-04
26,26,9.6342017308e-03
26,27,-1.0281935033e-03
26,28,-4.2164822742e-04
26,29,-1.3443508098e-03
26,636,2.1399574181e-04
26,637,4.9844439037e-04
26,638,-5.6449858893e-04
26,639,-2.6930417712e-04
26,640,-7.8908072222e-04
26,641,1.1939395250e-04
26,924,-1.4708426226e-03
26,925,2.4862358107e-03
26,926,-3.0535680285e-03
26,927,6.3454830454e-04
26,928,-1.0845852667e-03
26,929,4.3197385859e-04
26,3012,-2.3330480733e-04
26,3013,1.9217506634e-04
26,3014,8.7992064042e-05
26,3015,3.7287019153e-04
26,3016,-3.0920774155e-04
26,3017,-4.0395140863e-04
27,24,-6.8489046686e-04
27,25,-1.4514722415e-04
27,26,-1.0281935033e-03
27,27,7.1196767697e-03
27,28,-3.0066857678e-04
27,29,-2.2012660363e-03
27,636,-1.1630463476e-03
27,637,1.1763463873e-04
27,638,2.2594924917e-04
27,639,1.7784475274e-03
27,640,-2.8584836753e-04
27,641,-1.7527996224e-03
27,924,2.8781893902e-04
27,925,-4.9275477494e-04
27,926,6.2114613501e-04
27,927,-5.3009696020e-04
27,928,9.0161523646e-04
27,929,3.2052625906e-04
27,3012,-4.4519035878e-04
27,3013,5.4797019351e-04
27,3014,-3.0333437223e-04
27,3015,6.0074183741e-04
27,3016,-7.1347493756e-04
27,3017,-4.2619451097e-04
28,24,-1.4514722415e-04
28,25,-1.6195342427e-03
28,26,-4.2164822742e-04
28,27,-3.0066857678e-04
28,28,8.9646987439e-03
28,29,3.6238542565e-06
28,636,4.9250066883e-04
28,637,-8.0791298365e-04
28,638,1.4247248496e-04
28,639,-8.3760244050e-04
28,640,1.2954788941e-03
28,641,1.0320063151e-03
28,924,4.8083089367e-04
28,925,-8.2314994461e-04
28,926,1.0374961872e-03
28,927,-8.9154634905e-04
28,928,1.5160821869e-03
28,929,5.3849548771e-04
28,3012,-5.2944674622e-04
28,3013,6.1433106603e-04
28,3014,-2.6070042597e-04
28,3015,7.3718994798e-04
28,3016,-8.2460160732e-04
28,3017,-5.7653866443e-04
29,24,3.2248224618e-03
29,25,-1.4875764469e-04
29,26,-1.3443508098e-03
29,27,-2.2012660363e-03
29,28,3.6238542565e-06
29,29,9.0120026553e-03
29,636,-1.1288273991e-03
29,637,-7.1331030744e-05
29,638,2.8091343449e-04
29,639,1.7045585262e-03
29,640,1.0393514723e-05
29,641,-1.6272050168e-03
29,924,1.9721568740e-04
29,925,-3.2818133163e-04
29,926,3.8979351764e-04
29,927,2.7749633547e-04
29,928,-4.7317291549e-04
29,929,-6.4784562700e-04
29,3012,-2.8968457880e-04
29,3013,4.1322320371e-04
29,3014,-3.4801627361e-04
29,3015,3.5575643437e-04
29,3016,-5.0037188257e-04
29,3017,-1.6925340424e-04
30,30,3.8274255535e-03
30,31,-1.0349395471e-05
30,32,5.7768018670e-04
30,33,4.1120817372e-05
30,34,1.6333858561e-05
30,35,1.8887382537e-03
30,2010,-4.8161347038e-04
30,2011,-9.4521091156e-06
30,2012,4.3819263992e-04
30,2013,8.2257067157e-04
30,2014,1.5845318487e-05
30,2015,-1.0320238660e-03
30,2352,-6.5195530869e-04
30,2353,7.6778190995e-04
30,2354,-3.5210441253e-04
30,2355,-5.4815030180e-04
30,2356,5.4247010525e-04
30,2357,2.5257652660e-05
30,2430,-6.1089885736e-04
30,2431,7.3918591299e-04
30,2432,-3.7512196589e-04
30,2433,5.2749154751e-04
30,2434,-5.5104790310e-04
30,2435,1.1225457935e-05
30,2946,-6.2132717986e-04
30,2947,-7.5679534388e-04
30,2948,-3.9331781317e-04
30,2949,5.4510083741e-04
30,2950,5.7672811077e-04
30,2951,-4.7722543615e-06
30,3480,-6.2992090342e-04
30,3481,-7.7594778488e-04
30,3482,-4.1928359550e-04
30,3483,-5.1803214325e-04
30,3484,-5.4852807173e-04
30,3485,4.6336355832e-05
30,3738,-4.7185155940e-04
30,3739,2.6026244443e-06
30,3740,4.3297878873e-04
30,3741,-8.0419643784e-04
30,3742,5.1540567033e-06
30,3743,-1.0046231994e-03
31,30,-1.0349395471e-05
31,31,4.4409984539e-03
31,32,-2.2301152122e-05
31,33,1.6333858561e-05
31,34,8.4520020163e-05
31,35,-1.4659166641e-05
31,2010,-3.5802974023e-07
31,2011,-8.9130759693e-05
31,2012,-3.5854351749e-06
31,2013,3.1554715549e-07
31,2014,1.5222465572e-04
31,2015,3.6302308559e-07
31,2352,-7.8889130335e-04
31,2353,8.6967332324e-04
31,2354,-2.6970612444e-04
31,2355,-7.6011476851e-04
31,2356,7.2052181534e-04
31,2357,-1.5148183990e-04
31,2430,-7.4687195030e-04
31,2431,8.5265804530e-04
31,2432,-3.2047467736e-04
31,2433,7.2979990547e-04
31,2434,-7.3234046163e-04
31,2435,-1.5019585017e-04
31,2946,7.5930546766e-04
31,2947,8.7364252807e-04
31,2948,3.4116898014e-04
31,2949,-7.5247735047e-04
31,2950,-7.6501510122e-04
31,2951,1.7517830462e-04
31,3480,7.7577577120e-04
31,3481,9.0615874998e-04
31,3482,3.8013885434e-04
31,3483,7.2741026912e-04
31,3484,7.4502443626e-04
31,3485,1.0738504620e-04
31,3738,1.0220012613e-05
31,3739,-8.5504632518e-05
31,3740,-8.3241647579e-06
31,3741,1.8141107996e-05
31,3742,-1.4574868231e-04
31,3743,2.4513712949e-05
32,30,5.7768018670e-04
32,31,-2.2301152122e-05
32,32,3.9368037771e-03
32,33,4.7589147438e-05
32,34,3.2398996345e-05
32,35,-3.7608685455e-03
32,2010,4.3923166402e-04
32,2011,8.4721779847e-06
32,2012,-4.1613091442e-04
32,2013,-7.5018525028e-04
32,2014,-1.4246750647e-05
32,2015,9.4120784776e-04
32,2352,-4.0050724883e-04
32,2353,3.1100931532e-04
32,2354,2.0131070100e-04
32,2355,-5.9873435470e-04
32,2356,4.9880097718e-04
32,2357,-4.9137427847e-04
32,2430,-3.9325694191e-04
32,2431,3.3626213727e-04
32,2432,1.3187751954e-04
32,2433,5.7165791461e-04
32,2434,-5.0866795042e-04
32,2435,-4.5263998372e-04
32,2946,-3.9926732004e-04
32,2947,-3.4636406970e-04
32,2948,1.2419159155e-04
32,2949,5.8617709699e-04
32,2950,5.2875780279e-04
32,2951,-4.7777068508e-04
32,3480,-4.1886981489e-04
32,3481,-3.7977384152e-04
32,3482,9.2436656493e-05
32,3483,-5.9074027349e-04
32,3484,-5.4979492285e-04
32,3485,-4.3469906568e-04
32,3738,4.3077154738e-04
32,3739,1.7623806265e-06
32,3740,-4.1080808386e-04
32,3741,7.3414704563e-04
32,3742,2.4648228766e-06
32,3743,9.1702490493e-04
33,30,4.1120817372e-05
33,31,1.6333858561e-05
33,32,4.7589147438e-05
33,33,5.6346494442e-03
33,34,-2.3844042404e-05
33,35,7.1838480672e-05
33,2010,-8.2274846162e-04
33,2011,-1.6439833681e-05
33,2012,7.4855907816e-04
33,2013,1.4049888149e-03
33,2014,2.7564237551e-05
33,2015,-1.7621629675e-03
33,2352,5.3980579167e-04
33,2353,-7.4002237470e-04
33,2354,5.6622543701e-04
33,2355,2.8279927402e-04
33,2356,-3.3540895701e-04
33,2357,-3.4251039899e-04
33,2430,-5.3894160596e-04
33,2431,7.3844578869e-04
33,2432,-5.6450481009e-04
33,2433,3.2093665887e-04
33,2434,-3.8592906356e-04
33,2435,2.8875144398e-04
33,2946,-5.4235541634e-04
33,2947,-7.4756676984e-04
33,2948,-5.8017079569e-04
33,2949,3.2838006708e-04
33,2950,4.0013202108e-04
33,2951,2.8507023682e-04
33,3480,5.2211639790e-04
33,3481,7.3256042729e-04
33,3482,5.9379211267e-04
33,3483,2.6672749580e-04
33,3484,3.2782440019e-04
33,3485,-3.3750117385e-04
33,3738,8.0410099874e-04
33,3739,-3.7147381884e-06
33,3740,-7.3786525188e-04
33,3741,1.3702374186e-03
33,3742,-7.5540790482e-06
33,3743,1.7111476331e-03
34,30,1.6333858561e-05
34,31,8.4520020163e-05
34,32,3.2398996345e-05
34,33,-2.3844042404e-05
34,34,3.1716628462e-03
34,35,3.5556108186e-05
34,2010,-9.0422478835e-07
34,2011,-1.5226954890e-04
34,2012,-5.9071410807e-06
34,2013,1.0386541478e-06
34,2014,2.6001679813e-04
34,2015,-6.5953659837e-09
34,2352,5.5474701495e-04
34,2353,-7.3036521688e-04
34,2354,4.9400426537e-04
34,2355,3.3960496934e-04
34,2356,-3.8946590766e-04
34,2357,-2.8261364426e-04
34,2430,-5.7443920251e-04
34,2431,7.5556795453e-04
34,2432,-5.0994053169e-04
34,2433,3.9433968752e-04
34,2434,-4.5700592584e-04
34,2435,2.2479480056e-04
34,2946,5.7630869116e-04
34,2947,7.6352608792e-04
34,2948,5.2606059465e-04
34,2949,-4.0077772582e-04
34,2950,-4.7096494680e-04
34,2951,-2.1952527196e-04
34,3480,-5.5334113601e-04
34,3481,-7.5073042501e-04
34,3482,-5.5237650529e-04
34,3483,-3.2886867513e-04
34,3484,-3.9343287398e-04
34,3485,2.9338017882e-04
34,3738,-1.6685271246e-05
34,3739,1.4569220571e-04
34,3740,1.3631233076e-05
34,3741,-2.9664055029e-05
34,3742,2.4830086974e-04
34,3743,-4.0198414264e-05
35,30,1.8887382537e-03
35,31,-1.4659166641e-05
35,32,-3.7608685455e-03
35,33,7.1838480672e-05
35,34,3.5556108186e-05
35,35,7.5673279947e-03
35,2010,-1.0327105511e-03
35,2011,-2.1385711510e-05
35,2012,9.3955522406e-04
35,2013,1.7629547932e-03
35,2014,3.5868550498e-05
35,2015,-2.2096110591e-03
35,2352,3.5376935558e-05
35,2353,1.5146508017e-04
35,2354,-5.0608817387e-04
35,2355,3.4644611800e-04
35,2356,-2.6448619800e-04
35,2357,5.4910494855e-04
35,2430,-8.6329619726e-06
35,2431,1.8074087020e-04
35,2432,-4.7820280385e-04
35,2433,-2.7744673348e-04
35,2434,2.0813709925e-04
35,2435,5.1604469637e-04
35,2946,7.8267857322e-07
35,2947,-1.6878059994e-04
35,2948,-4.7391110887e-04
35,2949,-2.8846584701e-04
35,2950,-2.2078179835e-04
35,2951,5.2951827295e-04
35,3480,3.8688808413e-05
35,3481,-1.1804791187e-04
35,3482,-4.4331015242e-04
35,3483,3.3326967917e-04
35,3484,2.8938209856e-04
35,3485,5.0944431010e-04
35,3738,-1.0042560286e-03
35,3739,2.7938102250e-06
35,3740,9.2155469817e-04
35,3741,-1.7107250738e-03
35,3742,6.2865856051e-06
35,3743,-2.1348112616e-03
36,36,3.8265223952e-03
36,37,8.1120967448e-07
36,38,1.6528075967e-03
36,39,1.3099312065e-05
36,40,6.2512508211e-05
36,41,6.5694113230e-04
36,726,-5.5865317784e-04
36,727,-3.9926318441e-04
36,728,1.6823086926e-04
36,729,-7.4416727536e-04
36,730,-4.7385143170e-04
36,731,-5.1402648501e-04
36,774,-6.0177434523e-04
36,775,4.6067030193e-04
36,776,1.1266858109e-04
36,777,7.7334471194e-04
36,778,-5.1758986167e-04
36,779,-4.7977358522e-04
36,3672,-4.8167716143e-04
36,3673,8.0318256556e-04
36,3674,-9.5892313295e-04
36,3675,2.2270315722e-05
36,3676,-3.1902115221e-05
36,3677,4.3578068819e-04
36,3696,-6.3334960099e-04
36,3697,-5.4443382806e-04
36,3698,9.9072380518e-06
36,3699,7.6213512861e-04
36,3700,5.6168528906e-04
36,3701,-3.7930648859e-04
36,3756,-6.4121452710e-04
36,3757,5.7784410464e-04
36,3758,-2.5660241360e-05
36,3759,-7.4572627214e-04
36,3760,5.7488685760e-04
36,3761,-3.2592304984e-04
36,3822,-5.5182161165e-04
36,3823,-8.9542220659e-04
36,3824,-1.0088813295e-03
36,3825,-8.9889979389e-05
36,3826,-1.3231731448e-04
36,3827,4.5988561226e-04
37,36,8.1120967448e-07
37,37,5.4190040101e-03
37,38,6.8775553819e-05
37,39,6.2512508211e-05
37,40,5.6622691251e-05
37,41,-3.3055095137e-05
37,726,4.0436888716e-04
37,727,1.6463501231e-04
37,728,-3.2051465769e-04
37,729,5.9714774902e-04
37,730,2.1913307054e-04
37,731,5.4630765022e-04
37,774,-4.7575105846e-04
37,775,2.1813859367e-04
37,776,3.3909095880e-04
37,777,6.8441614891e-04
37,778,-2.7739591069e-04
37,779,-5.8913968420e-04
37,3672,-8.0351464270e-04
37,3673,1.3393231052e-03
37,3674,-1.5977103556e-03
37,3675,4.2306695994e-05
37,3676,-6.1791509066e-05
37,3677,7.2641892381e-04
37,3696,5.5604161304e-04
37,3697,3.2462162516e-04
37,3698,-3.0347551147e-04
37,3699,-7.6038442011e-04
37,3700,-3.8704391468e-04
37,3701,5.7860785406e-04
37,3756,-5.7641179220e-04
37,3757,3.7546196855e-04
37,3758,2.6707406298e-04
37,3759,-7.6754086441e-04
37,3760,4.3690850016e-04
37,3761,-5.4569859123e-04
37,3822,8.9560857231e-04
37,3823,1.4515937303e-03
37,3824,1.6313122494e-03
37,3825,1.5935255930e-04
37,3826,2.3631935372e-04
37,3827,-7.4149311422e-04
38,36,1.6528075967e-03
38,37,6.8775553819e-05
38,38,6.6322305280e-03
38,39,4.8578692181e-05
38,40,9.3344981735e-05
38,41,-3.5587297500e-03
38,726,1.5678998900e-04
38,727,3.1334198024e-04
38,728,2.4674418724e-04
38,729,1.1417607079e-04
38,730,3.4508148066e-04
38,731,-1.4384105116e-04
38,774,9.1766892134e-05
38,775,-3.2845141227e-04
38,776,3.8930720220e-04
38,777,1.1160445216e-05
38,778,3.2775994582e-04
38,779,-3.0661198886e-04
38,3672,-9.6015964899e-04
38,3673,1.5991104287e-03
38,3674,-1.9042605219e-03
38,3675,6.3625835148e-05
38,3676,-9.5564105000e-05
38,3677,8.6662795214e-04
38,3696,-5.3688996188e-06
38,3697,2.9644723112e-04
38,3698,5.4158342059e-04
38,3699,1.8564670824e-04
38,3700,-2.2324252844e-04
38,3701,-4.9846169129e-04
38,3756,-2.3640974911e-05
38,3757,-2.6811728284e-04
38,3758,5.4987837878e-04
38,3759,-2.2283055529e-04
38,3760,-1.5887452975e-04
38,3761,-5.3466353735e-04
38,3822,-1.0095491891e-03
38,3823,-1.6320539990e-03
38,3824,-1.8235414572e-03
38,3825,-2.1330254392e-04
38,3826,-3.2029792907e-04
38,3827,8.2323356278e-04
39,36,1.3099312065e-05
39,37,6.2512508211e-05
39,38,4.8578692181e-05
39,39,4.5118861889e-03
39,40,-2.8439342003e-05
39,41,-2.1366474043e-05
39,726,7.4592565992e-04
39,727,5.9047236092e-04
39,728,-1.3294841272e-04
39,729,9.6638868546e-04
39,730,6.8964384188e-04
39,731,6.0519752228e-04
39,774,-7.7171236469e-04
39,775,6.6544033334e-04
39,776,1.6655489002e-05
39,777,9.5412601766e-04
39,778,-7.3093296986e-04
39,779,-5.0718557278e-04
39,3672,-5.3551372743e-05
39,3673,9.4512417175e-05
39,3674,-1.2606185045e-04
39,3675,-8.8488942792e-05
39,3676,1.4789331926e-04
39,3677,5.7853103387e-05
39,3696,-7.5962799438e-04
39,3697,-7.4691784543e-04
39,3698,-1.6866926719e-04
39,3699,8.5787362840e-04
39,3700,7.3838106573e-04
39,3701,-3.0366123329e-04
39,3756,7.5126916756e-04
39,3757,-7.7246891207e-04
39,3758,2.2239444844e-04
39,3759,8.0897041136e-04
39,3760,-7.2620836700e-04
39,3761,2.1347822960e-04
39,3822,7.4827391421e-05
39,3823,1.3505005110e-04
39,3824,1.8625967918e-04
39,3825,-1.1484953913e-04
39,3826,-1.8597880468e-04
39,3827,-1.0863444301e-04
40,36,6.2512508211e-05
40,37,5.6622691251e-05
40,38,9.3344981735e-05
40,39,-2.8439342003e-05
40,40,3.1888767115e-03
40,41,1.2190864203e-04
40,726,-4.8170917889e-04
40,727,-2.1974286563e-04
40,728,3.5547531570e-04
40,729,-7.0006107641e-04
40,730,-2.8927126078e-04
40,731,-6.1456896933e-04
40,774,-5.3644219551e-04
40,775,2.8239067267e-04
40,776,3.3619104895e-04
40,777,7.5329795744e-04
40,778,-3.5276908464e-04
40,779,-6.0723474596e-04
40,3672,-8.4149991212e-05
40,3673,1.4896296122e-04
40,3674,-1.9975042149e-04
40,3675,-1.4728009601e-04
40,3676,2.4601419784e-04
40,3677,9.2628815917e-05
40,3696,5.7473050616e-04
40,3697,3.9257572904e-04
40,3698,-2.2435621075e-04
40,3699,-7.5171385359e-04
40,3700,-4.5013625248e-04
40,3701,4.9868943778e-04
40,3756,5.7942224075e-04
40,3757,-4.3926043193e-04
40,3758,-1.6301812718e-04
40,3759,7.2951336574e-04
40,3760,-4.8482793313e-04
40,3761,4.3043633019e-04
40,3822,-1.0781514347e-04
40,3823,-1.9684115586e-04
40,3824,-2.7650493942e-04
40,3825,1.8679630728e-04
40,3826,3.0186918349e-04
40,3827,1.6705550936e-04
41,36,6.5694113230e-04
41,37,-3.3055095137e-05
41,38,-3.5587297500e-03
41,39,-2.1366474043e-05
41,40,1.2190864203e-04
41,41,4.0350564843e-03
41,726,-5.1879475896e-04
41,727,-5.4205294226e-04
41,728,-1.2334619740e-04
41,729,-6.0973963040e-04
41,730,-6.0754009911e-04
41,731,-2.3642502397e-04
41,774,-4.7559238883e-04
41,775,5.7821588249e-04
41,776,-2.8673718861e-04
41,777,5.0334177026e-04
41,778,-5.9749375136e-04
41,779,-7.1632569789e-05
41,3672,4.3007307233e-04
41,3673,-7.1583732284e-04
41,3674,8.5129792822e-04
41,3675,-4.2498194128e-05
41,3676,6.7010745299e-05
41,3677,-4.0393480117e-04
41,3696,-3.7350421935e-04
41,3697,-5.7298530516e-04
41,3698,-4.9225447599e-04
41,3699,2.9867819780e-04
41,3700,4.9729330367e-04
41,3701,1.7699313063e-04
41,3756,-3.3818457121e-04
41,3757,5.5481517077e-04
41,3758,-5.3156169444e-04
41,3759,-2.2366938733e-04
41,3760,4.3249753429e-04
41,3761,2.6267821647e-04
41,3822,4.6223830902e-04
41,3823,7.4592566853e-04
41,3824,8.2976841237e-04
41,3825,1.1381685197e-04
