0,0,7.0414534164e-08
0,1,-9.3656190199e-09
0,2,-2.5565969206e-08
0,3,1.1147286441e-10
0,4,3.4523650898e-09
0,5,-3.0570264198e-08
1,0,-9.3656190199e-09
1,1,4.7547636142e-08
1,2,-1.0766960688e-08
1,3,3.4523650898e-09
1,4,1.1101572534e-09
1,5,5.1211833240e-09
2,0,-2.5565969206e-08
2,1,-1.0766960688e-08
2,2,5.4647940178e-08
2,3,1.1165630909e-09
2,4,8.3076968239e-10
2,5,-1.6886129071e-09
3,0,1.1147286441e-10
3,1,3.4523650898e-09
3,2,1.1165630909e-09
3,3,4.3071658629e-08
3,4,-4.7850934048e-09
3,5,-1.9527190809e-09
4,0,3.4523650898e-09
4,1,1.1101572534e-09
4,2,8.3076968239e-10
4,3,-4.7850934048e-09
4,4,1.8853870281e-08
4,5,3.1788904965e-10
5,0,-3.0570264198e-08
5,1,5.1211833240e-09
5,2,-1.6886129071e-09
5,3,-1.9527190809e-09
5,4,3.1788904965e-10
5,5,4.8726872655e-08
6,6,7.6918122194e-08
6,7,4.3071090093e-09
6,8,-1.7696221159e-08
6,9,1.1032305589e-09
6,10,-6.7737945713e-09
6,11,-3.1158286908e-08
7,6,4.3071090093e-09
7,7,6.1090140811e-08
7,8,-1.7379958784e-09
7,9,-6.7737945713e-09
7,10,6.0417833331e-10
7,11,5.2996703771e-09
8,6,-1.7696221159e-08
8,7,-1.7379958784e-09
8,8,6.3755077092e-08
8,9,-5.5795735036e-10
8,10,-7.5035416719e-10
8,11,-5.7526073610e-09
9,6,1.1032305589e-09
9,7,-6.7737945713e-09
9,8,-5.5795735036e-10
9,9,4.9049303158e-08
9,10,9.0472782980e-09
9,11,-1.7146071451e-09
10,6,-6.7737945713e-09
10,7,6.0417833331e-10
10,8,-7.5035416719e-10
10,9,9.0472782980e-09
10,10,2.8619235887e-08
10,11,-5.3495951937e-09
11,6,-3.1158286908e-08
11,7,5.2996703771e-09
11,8,-5.7526073610e-09
11,9,-1.7146071451e-09
11,10,-5.3495951937e-09
11,11,5.3275537396e-08
12,12,7.8019306377e-08
12,13,2.7560216000e-10
12,14,-1.6427296901e-08
12,15,-2.7453660843e-10
12,16,-1.7640208875e-09
12,17,-3.4048237295e-08
13,12,2.7560216000e-10
13,13,6.3326285355e-08
13,14,-3.0022260040e-10
13,15,-1.7640208875e-09
13,16,-3.3845228758e-10
13,17,4.4411303096e-10
14,12,-1.6427296901e-08
14,13,-3.0022260040e-10
14,14,6.9831127700e-08
14,15,-7.1459901703e-11
14,16,2.3186684309e-10
14,17,-9.6793789221e-09
15,12,-2.7453660843e-10
15,13,-1.7640208875e-09
15,14,-7.1459901703e-11
15,15,4.7565637135e-08
15,16,6.7282893077e-10
15,17,-1.8591593487e-10
16,12,-1.7640208875e-09
16,13,-3.3845228758e-10
16,14,2.3186684309e-10
16,15,6.7282893077e-10
16,16,2.5129112974e-08
16,17,-1.3485649903e-09
17,12,-3.4048237295e-08
17,13,4.4411303096e-10
17,14,-9.6793789221e-09
17,15,-1.8591593487e-10
17,16,-1.3485649903e-09
17,17,5.2786444059e-08
18,18,7.6272256071e-08
18,19,-2.1768478442e-09
18,20,-3.4297193828e-08
18,21,-8.5419920117e-09
18,22,-1.5031314256e-10
18,23,-1.9687717607e-08
19,18,-2.1768478442e-09
19,19,4.5595913336e-08
19,20,-1.1034914583e-09
19,21,-1.5031314256e-10
19,22,-8.4668493445e-09
19,23,8.5412754864e-11
20,18,-3.4297193828e-08
20,19,-1.1034914583e-09
20,20,5.2204105961e-08
20,21,8.4012055932e-11
20,22,-9.0457953550e-12
20,23,-6.1747045776e-09
21,18,-8.5419920117e-09
21,19,-1.5031314256e-10
21,20,8.4012055932e-11
21,21,5.8663026114e-08
21,22,-2.1004523538e-09
21,23,-7.0097153987e-09
22,18,-1.5031314256e-10
22,19,-8.4668493445e-09
22,20,-9.0457953550e-12
22,21,-2.1004523538e-09
22,22,2.3046919717e-08
22,23,9.2172218532e-10
23,18,-1.9687717607e-08
23,19,8.5412754864e-11
23,20,-6.1747045776e-09
23,21,-7.0097153987e-09
23,22,9.2172218532e-10
23,23,6.4050693189e-08
24,24,8.2613744397e-08
24,25,-1.5548084685e-09
24,26,-4.8391907317e-09
24,27,-9.6604839649e-09
24,28,-3.4710755017e-10
24,29,-1.0172959894e-08
25,24,-1.5548084685e-09
25,25,7.8285440624e-08
25,26,-4.0928879538e-09
25,27,-3.4710755017e-10
25,28,-1.4054326425e-08
25,29,7.6110990684e-11
26,24,-4.8391907317e-09
26,25,-4.0928879538e-09
26,26,7.8316538162e-08
26,27,-4.9124652113e-09
26,28,-2.1659980297e-09
26,29,-4.4916019938e-09
27,24,-9.6604839649e-09
27,25,-3.4710755017e-10
27,26,-4.9124652113e-09
27,27,7.3514772455e-08
27,28,-1.4867327289e-09
27,29,-1.5879986570e-08
28,24,-3.4710755017e-10
28,25,-1.4054326425e-08
28,26,-2.1659980297e-09
28,27,-1.4867327289e-09
28,28,6.5593187087e-08
28,29,9.6740541882e-10
29,24,-1.0172959894e-08
29,25,7.6110990684e-11
29,26,-4.4916019938e-09
29,27,-1.5879986570e-08
29,28,9.6740541882e-10
29,29,7.1464323608e-08
30,30,7.8230059650e-08
30,31,-2.5422334714e-10
30,32,-3.5699549474e-08
30,33,6.7359168797e-10
30,34,4.3907176490e-10
30,35,-1.7828883791e-08
31,30,-2.5422334714e-10
31,31,4.6299411894e-08
31,32,-1.2260329596e-10
31,33,4.3907176490e-10
31,34,8.8698572640e-10
31,35,-1.4862837833e-11
32,30,-3.5699549474e-08
32,31,-1.2260329596e-10
32,32,5.3471046650e-08
32,33,2.3858178796e-10
32,34,1.2102527100e-10
32,35,-9.4744868492e-09
33,30,6.7359168797e-10
33,31,4.3907176490e-10
33,32,2.3858178796e-10
33,33,6.2283421202e-08
33,34,-2.6751707344e-10
33,35,2.1662045153e-10
34,30,4.3907176490e-10
34,31,8.8698572640e-10
34,32,1.2102527100e-10
34,33,-2.6751707344e-10
34,34,2.2773183967e-08
34,35,1.8992924681e-10
35,30,-1.7828883791e-08
35,31,-1.4862837833e-11
35,32,-9.4744868492e-09
35,33,2.1662045153e-10
35,34,1.8992924681e-10
35,35,6.9891649835e-08
36,36,7.7833037158e-08
36,37,2.5060626486e-10
36,38,-2.1163964094e-08
36,39,4.9956338059e-11
36,40,1.4236404417e-09
36,41,-3.4092048847e-08
37,36,2.5060626486e-10
37,37,5.8903412203e-08
37,38,1.2254272523e-09
37,39,1.4236404417e-09
37,40,5.0076630597e-10
37,41,-8.1358535826e-10
38,36,-2.1163964094e-08
38,37,1.2254272523e-09
38,38,6.4024049198e-08
38,39,5.0402086660e-10
38,40,4.2921625184e-10
38,41,-6.8910037571e-09
39,36,4.9956338059e-11
39,37,1.4236404417e-09
39,38,5.0402086660e-10
39,39,4.7340181672e-08
39,40,-4.7708660176e-10
39,41,-3.6929758648e-10
40,36,1.4236404417e-09
40,37,5.0076630597e-10
40,38,4.2921625184e-10
40,39,-4.7708660176e-10
40,40,2.2897753712e-08
40,41,5.0192244769e-10
41,36,-3.4092048847e-08
41,37,-8.1358535826e-10
41,38,-6.8910037571e-09
41,39,-3.6929758648e-10
41,40,5.0192244769e-10
41,41,5.2977451786e-08
42,42,7.3205100230e-08
42,43,-1.7024052963e-08
42,44,-1.3235755545e-08
42,45,1.4861761042e-09
42,46,1.6084013665e-09
42,47,-8.6859546823e-09
43,42,-1.7024052963e-08
43,43,6.1366680577e-08
43,44,-2.1332443581e-08
43,45,1.6084013665e-09
43,46,1.4915544076e-09
43,47,-8.1792911354e-09
44,42,-1.3235755545e-08
44,43,-2.1332443581e-08
44,44,6.3642678267e-08
44,45,6.0131259345e-12
44,46,-2.6297211429e-11
44,47,-2.5040308394e-09
45,42,1.4861761042e-09
45,43,1.6084013665e-09
45,44,6.0131259345e-12
45,45,6.5436146182e-08
45,46,-2.4339833358e-08
45,47,1.2990163141e-09
46,42,1.6084013665e-09
46,43,1.4915544076e-09
46,44,-2.6297211429e-11
46,45,-2.4339833358e-08
46,46,5.1594501858e-08
46,47,1.4958500253e-09
47,42,-8.6859546823e-09
47,43,-8.1792911354e-09
47,44,-2.5040308394e-09
47,45,1.2990163141e-09
47,46,1.4958500253e-09
47,47,6.7062686213e-08
48,48,7.6910147104e-08
48,49,7.8091039180e-10
48,50,-2.8126114616e-08
48,51,-4.1862311328e-10
48,52,-1.9480950978e-09
48,53,-2.1676565731e-08
49,48,7.8091039180e-10
49,49,5.1753385414e-08
49,50,3.0357026809e-10
49,51,-1.9480950978e-09
49,52,-1.2916074418e-09
49,53,6.0711565484e-10
50,48,-2.8126114616e-08
50,49,3.0357026809e-10
50,50,5.1983709609e-08
50,51,-9.7602615093e-10
50,52,-3.3504373735e-10
50,53,-5.2707748828e-09
51,48,-4.1862311328e-10
51,49,-1.9480950978e-09
51,50,-9.7602615093e-10
51,51,5.7522037306e-08
51,52,1.3239311416e-09
51,53,5.1940923896e-10
52,48,-1.9480950978e-09
52,49,-1.2916074418e-09
52,50,-3.3504373735e-10
52,51,1.3239311416e-09
52,52,2.8148655710e-08
52,53,-1.5367422664e-09
53,48,-2.1676565731e-08
53,49,6.0711565484e-10
53,50,-5.2707748828e-09
53,51,5.1940923896e-10
53,52,-1.5367422664e-09
53,53,5.8519614230e-08
54,54,8.1193815223e-08
54,55,2.6814869419e-09
54,56,-1.9893458263e-08
54,57,5.6513388160e-09
54,58,6.1844684152e-09
54,59,-3.1018579847e-08
55,54,2.6814869419e-09
55,55,6.3400565230e-08
55,56,5.7694792853e-09
55,57,6.1844684152e-09
55,58,6.0790671663e-09
55,59,-1.4188805553e-09
56,54,-1.9893458263e-08
56,55,5.7694792853e-09
56,56,6.4535832564e-08
56,57,4.7821483365e-10
56,58,1.6696437009e-09
56,59,-5.7335827020e-09
57,54,5.6513388160e-09
57,55,6.1844684152e-09
57,56,4.7821483365e-10
57,57,5.3449953982e-08
57,58,1.4124015925e-09
57,59,4.4561035730e-09
58,54,6.1844684152e-09
58,55,6.0790671663e-09
58,56,1.6696437009e-09
58,57,1.4124015925e-09
58,58,3.1069837827e-08
58,59,4.2660340991e-09
59,54,-3.1018579847e-08
59,55,-1.4188805553e-09
59,56,-5.7335827020e-09
59,57,4.4561035730e-09
59,58,4.2660340991e-09
59,59,5.5335504948e-08
60,60,8.1580795398e-08
60,61,-2.7963473864e-09
60,62,-2.0942615015e-08
60,63,3.4848756308e-09
60,64,1.7405271419e-09
60,65,-3.0086645821e-08
61,60,-2.7963473864e-09
61,61,6.2849151078e-08
61,62,-4.0381900408e-09
61,63,1.7405271419e-09
61,64,4.7022582429e-09
61,65,1.1111331729e-09
62,60,-2.0942615015e-08
62,61,-4.0381900408e-09
62,62,6.4383361582e-08
62,63,1.3610751376e-09
62,64,1.6184065108e-11
62,65,-6.3945427054e-09
63,60,3.4848756308e-09
63,61,1.7405271419e-09
63,62,1.3610751376e-09
63,63,5.4670481290e-08
63,64,-1.8025196637e-09
63,65,2.0839698925e-09
64,60,1.7405271419e-09
64,61,4.7022582429e-09
64,62,1.6184065108e-11
64,63,-1.8025196637e-09
64,64,3.0823202806e-08
64,65,9.8163005729e-10
65,60,-3.0086645821e-08
65,61,1.1111331729e-09
65,62,-6.3945427054e-09
65,63,2.0839698925e-09
65,64,9.8163005729e-10
65,65,5.5129794930e-08
66,66,7.8421587788e-08
66,67,4.4305047120e-10
66,68,-1.6677575831e-08
66,69,-1.1496303292e-10
66,70,-2.3546531037e-10
66,71,-3.4726043099e-08
67,66,4.4305047120e-10
67,67,6.3504710484e-08
67,68,2.8718607484e-10
67,69,-2.3546531037e-10
67,70,-1.4946467824e-10
67,71,1.0036425020e-10
68,66,-1.6677575831e-08
68,67,2.8718607484e-10
68,68,7.0650195055e-08
68,69,-3.8574012137e-11
68,70,5.9818995925e-11
68,71,-9.9531399734e-09
69,66,-1.1496303292e-10
69,67,-2.3546531037e-10
69,68,-3.8574012137e-11
69,69,4.7361670604e-08
69,70,5.3281898559e-10
69,71,-5.4039587364e-11
70,66,-2.3546531037e-10
70,67,-1.4946467824e-10
70,68,5.9818995925e-11
70,69,5.3281898559e-10
70,70,2.4482281322e-08
70,71,-1.9924874702e-10
71,66,-3.4726043099e-08
71,67,1.0036425020e-10
71,68,-9.9531399734e-09
71,69,-5.4039587364e-11
71,70,-1.9924874702e-10
71,71,5.3208169264e-08
72,72,7.9791739886e-08
72,73,1.8419337452e-10
72,74,-1.5533965173e-08
72,75,-1.0532376919e-09
72,76,-1.0938808038e-09
72,77,-3.3329938624e-08
73,72,1.8419337452e-10
73,73,6.5897739051e-08
73,74,-8.7992601209e-10
73,75,-1.0938808038e-09
73,76,-1.5999629365e-09
73,77,8.1137480984e-10
74,72,-1.5533965173e-08
74,73,-8.7992601209e-10
74,74,7.1908473881e-08
74,75,-6.1125740592e-10
74,76,1.4433458238e-10
74,77,-1.0204819671e-08
75,72,-1.0532376919e-09
75,73,-1.0938808038e-09
75,74,-6.1125740592e-10
75,75,4.9980536506e-08
75,76,9.0990906653e-10
75,77,-4.6657972632e-10
76,72,-1.0938808038e-09
76,73,-1.5999629365e-09
76,74,1.4433458238e-10
76,75,9.0990906653e-10
76,76,2.7922679934e-08
76,77,-9.4371614666e-10
77,72,-3.3329938624e-08
77,73,8.1137480984e-10
77,74,-1.0204819671e-08
77,75,-4.6657972632e-10
77,76,-9.4371614666e-10
77,77,5.3597491554e-08
78,78,7.7618175892e-08
78,79,-8.3522317131e-09
78,80,-2.4936377917e-08
78,81,-4.6966504272e-09
78,82,-3.5091651642e-10
78,83,-3.4763043031e-08
79,78,-8.3522317131e-09
79,79,5.5314401438e-08
79,80,-4.8731179572e-09
79,81,-3.5091651642e-10
79,82,-6.1119976300e-09
79,83,-7.9098736030e-11
80,78,-2.4936377917e-08
80,79,-4.8731179572e-09
80,80,6.0392772047e-08
80,81,-1.5824062786e-09
80,82,-4.5207848503e-10
80,83,-3.0825815150e-09
81,78,-4.6966504272e-09
81,79,-3.5091651642e-10
81,80,-1.5824062786e-09
81,81,4.6525164963e-08
81,82,-8.4229797734e-09
81,83,-9.1769495015e-10
82,78,-3.5091651642e-10
82,79,-6.1119976300e-09
82,80,-4.5207848503e-10
82,81,-8.4229797734e-09
82,82,2.1755325297e-08
82,83,2.0689983089e-09
83,78,-3.4763043031e-08
83,79,-7.9098736030e-11
83,80,-3.0825815150e-09
83,81,-9.1769495015e-10
83,82,2.0689983089e-09
83,83,5.3543387967e-08
84,84,7.9738094686e-08
84,85,-1.8040533806e-10
84,86,-1.7069422607e-08
84,87,-1.0603535067e-09
84,88,-1.6726565378e-09
84,89,-3.4522519889e-08
85,84,-1.8040533806e-10
85,85,6.4470738971e-08
85,86,2.8212098934e-10
85,87,-1.6726565378e-09
85,88,-1.2438891669e-09
85,89,-3.1704302114e-10
86,84,-1.7069422607e-08
86,85,2.8212098934e-10
86,86,7.0652238965e-08
86,87,-2.0519910629e-10
86,88,3.4289699770e-10
86,89,-9.5919881241e-09
87,84,-1.0603535067e-09
87,85,-1.6726565378e-09
87,86,-2.0519910629e-10
87,87,4.8860214196e-08
87,88,-4.6397723688e-10
87,89,-5.6867407773e-10
88,84,-1.6726565378e-09
88,85,-1.2438891669e-09
88,86,3.4289699770e-10
88,87,-4.6397723688e-10
88,88,2.5919267982e-08
88,89,-1.3635138494e-09
89,84,-3.4522519889e-08
89,85,-3.1704302114e-10
89,86,-9.5919881241e-09
89,87,-5.6867407773e-10
89,88,-1.3635138494e-09
89,89,5.3893504423e-08
90,90,7.8646367564e-08
90,91,-8.1442038651e-10
90,92,-1.6214278475e-08
90,93,1.4558322128e-09
90,94,2.6081582817e-09
90,95,-3.3402284349e-08
91,90,-8.1442038651e-10
91,91,6.4143876013e-08
91,92,-1.9209234405e-10
91,93,2.6081582817e-09
91,94,1.7881874808e-09
91,95,-3.8930422734e-10
92,90,-1.6214278475e-08
92,91,-1.9209234405e-10
92,92,6.9670540842e-08
92,93,3.7158448592e-10
92,94,-7.1747909496e-10
92,95,-9.3529605443e-09
93,90,1.4558322128e-09
93,91,2.6081582817e-09
93,92,3.7158448592e-10
93,93,4.8770456200e-08
93,94,-1.1626246730e-09
93,95,6.8252992072e-10
94,90,2.6081582817e-09
94,91,1.7881874808e-09
94,92,-7.1747909496e-10
94,93,-1.1626246730e-09
94,94,2.6785596214e-08
94,95,2.2951461798e-09
95,90,-3.3402284349e-08
95,91,-3.8930422734e-10
95,92,-9.3529605443e-09
95,93,6.8252992072e-10
95,94,2.2951461798e-09
95,95,5.2985414459e-08
96,96,7.9038953099e-08
96,97,-3.0933310883e-09
96,98,-1.8210945338e-08
96,99,5.1888531169e-10
96,100,1.5441951743e-09
96,101,-3.1521062233e-08
97,96,-3.0933310883e-09
97,97,6.2750588416e-08
97,98,-2.8540412565e-09
97,99,1.5441951743e-09
97,100,3.2843903790e-10
97,101,-3.6256526373e-10
98,96,-1.8210945338e-08
98,97,-2.8540412565e-09
98,98,6.6344884920e-08
98,99,-2.1292540712e-10
98,100,-3.3590791724e-10
98,101,-7.9064076530e-09
99,96,5.1888531169e-10
99,97,1.5441951743e-09
99,98,-2.1292540712e-10
99,99,5.0845657949e-08
99,100,-3.4176193186e-09
99,101,3.3122520505e-10
100,96,1.5441951743e-09
100,97,3.2843903790e-10
100,98,-3.3590791724e-10
100,99,-3.4176193186e-09
100,100,2.8232167143e-08
100,101,1.4570303413e-09
101,96,-3.1521062233e-08
101,97,-3.6256526373e-10
101,98,-7.9064076530e-09
101,99,3.3122520505e-10
101,100,1.4570303413e-09
101,101,5.3082030303e-08
102,102,8.0306663637e-08
102,103,-6.9155095312e-09
102,104,-1.9719784795e-08
102,105,-2.7532569240e-09
102,106,-3.6524897223e-09
102,107,-3.4256517440e-08
103,102,-6.9155095312e-09
103,103,6.2668751915e-08
103,104,-7.1353671058e-09
103,105,-3.6524897223e-09
103,106,-2.2721971173e-09
103,107,8.4278119461e-10
104,102,-1.9719784795e-08
104,103,-7.1353671058e-09
104,104,6.8137570310e-08
104,105,5.3784121458e-10
104,106,-9.1223763641e-10
104,107,-7.5138659759e-09
105,102,-2.7532569240e-09
105,103,-3.6524897223e-09
105,104,5.3784121458e-10
105,105,4.9666702970e-08
105,106,-6.1617031147e-09
105,107,-1.3350137967e-09
106,102,-3.6524897223e-09
106,103,-2.2721971173e-09
106,104,-9.1223763641e-10
106,105,-6.1617031147e-09
106,106,2.6017698468e-08
106,107,-1.2172740497e-09
107,102,-3.4256517440e-08
107,103,8.4278119461e-10
107,104,-7.5138659759e-09
107,105,-1.3350137967e-09
107,106,-1.2172740497e-09
107,107,5.4653439498e-08
108,108,8.1835069560e-08
108,109,-2.1120836411e-09
108,110,-2.6446397485e-08
108,111,-2.5203361676e-10
108,112,1.6091901737e-09
108,113,-3.1428941471e-08
109,108,-2.1120836411e-09
109,109,5.8180692545e-08
109,110,-2.0869938486e-09
109,111,1.6091901737e-09
109,112,-3.7974098009e-12
109,113,3.3293329692e-10
110,108,-2.6446397485e-08
110,109,-2.0869938486e-09
110,110,6.0686168213e-08
110,111,2.7753651662e-10
110,112,3.2212740420e-09
110,113,-4.2005227011e-09
111,108,-2.5203361676e-10
111,109,1.6091901737e-09
111,110,2.7753651662e-10
111,111,5.3724169724e-08
111,112,-1.8142990475e-09
111,113,-4.7549231165e-10
112,108,1.6091901737e-09
112,109,-3.7974098009e-12
112,110,3.2212740420e-09
112,111,-1.8142990475e-09
112,112,2.6709374548e-08
112,113,-1.3862194757e-09
113,108,-3.1428941471e-08
113,109,3.3293329692e-10
113,110,-4.2005227011e-09
113,111,-4.7549231165e-10
113,112,-1.3862194757e-09
113,113,5.5340810922e-08
114,114,7.8688391200e-08
114,115,3.8361467575e-10
114,116,-1.3819883129e-08
114,117,8.8698229062e-11
114,118,-3.4420650677e-10
114,119,-3.1384442127e-08
115,114,3.8361467575e-10
115,115,6.6327511954e-08
115,116,6.1586690729e-10
115,117,-3.4420650677e-10
115,118,2.1115334244e-10
115,119,-1.1859983838e-10
116,114,-1.3819883129e-08
116,115,6.1586690729e-10
116,116,7.1950142854e-08
116,117,1.3690897885e-10
116,118,4.7299379380e-11
116,119,-1.0530896976e-08
117,114,8.8698229062e-11
117,115,-3.4420650677e-10
117,116,1.3690897885e-10
117,117,5.0617292787e-08
117,118,2.7753575545e-10
117,119,-1.3211184988e-11
118,114,-3.4420650677e-10
118,115,2.1115334244e-10
118,116,4.7299379380e-11
118,117,2.7753575545e-10
118,118,2.9831695959e-08
118,119,-3.0922802959e-10
119,114,-3.1384442127e-08
119,115,-1.1859983838e-10
119,116,-1.0530896976e-08
119,117,-1.3211184988e-11
119,118,-3.0922802959e-10
119,119,5.2589145875e-08
120,120,7.3969838504e-08
120,121,-9.3007990261e-10
120,122,-1.5358791374e-08
120,123,-1.1059201996e-09
120,124,-3.2309110071e-11
120,125,-2.3540789974e-08
121,120,-9.3007990261e-10
121,121,6.0232517878e-08
121,122,4.2857608631e-09
121,123,-3.2309110071e-11
121,124,-1.4776631993e-09
121,125,-5.2184023742e-09
122,120,-1.5358791374e-08
122,121,4.2857608631e-09
122,122,5.8838261474e-08
122,123,-4.1562130869e-10
122,124,2.7440773517e-09
122,125,-4.8109734029e-09
123,120,-1.1059201996e-09
123,121,-3.2309110071e-11
123,122,-4.1562130869e-10
123,123,5.2914315854e-08
123,124,-5.5975608797e-09
123,125,-1.6536777105e-10
124,120,-3.2309110071e-11
124,121,-1.4776631993e-09
124,122,2.7440773517e-09
124,123,-5.5975608797e-09
124,124,3.5328216506e-08
124,125,-2.4895611799e-09
125,120,-2.3540789974e-08
125,121,-5.2184023742e-09
125,122,-4.8109734029e-09
125,123,-1.6536777105e-10
125,124,-2.4895611799e-09
125,125,5.0242880016e-08
126,126,8.0481545012e-08
126,127,1.0238731034e-08
126,128,-2.1426510255e-08
126,129,3.8902383032e-09
126,130,-4.6133096429e-09
126,131,-3.4237617956e-08
127,126,1.0238731034e-08
127,127,6.1317091631e-08
127,128,9.3935342664e-09
127,129,-4.6133096429e-09
127,130,3.5255322601e-09
127,131,-1.2244476462e-09
128,126,-2.1426510255e-08
128,127,9.3935342664e-09
128,128,6.6982503132e-08
128,129,-4.0775375213e-10
128,130,-8.8984963533e-10
128,131,-5.9753689418e-09
129,126,3.8902383032e-09
129,127,-4.6133096429e-09
129,128,-4.0775375213e-10
129,129,4.9858488557e-08
129,130,9.1435517655e-09
129,131,9.8508572049e-10
130,126,-4.6133096429e-09
130,127,3.5255322601e-09
130,128,-8.8984963533e-10
130,129,9.1435517655e-09
130,130,2.5913740023e-08
130,131,-9.6231390401e-10
131,126,-3.4237617956e-08
131,127,-1.2244476462e-09
131,128,-5.9753689418e-09
131,129,9.8508572049e-10
131,130,-9.6231390401e-10
131,131,5.5202413236e-08
132,132,7.8181509494e-08
132,133,1.3294995728e-10
132,134,-1.6942766077e-08
132,135,-8.6912075433e-11
132,136,7.5359572990e-10
132,137,-3.4860478980e-08
133,132,1.3294995728e-10
133,133,6.3027438825e-08
133,134,4.1604492339e-11
133,135,7.5359572990e-10
133,136,-9.0504275400e-11
133,137,4.6734486943e-11
134,132,-1.6942766077e-08
134,133,4.1604492339e-11
134,134,7.0209843026e-08
134,135,-4.0162016569e-12
134,136,-3.9858765265e-11
134,137,-9.7805327187e-09
135,132,-8.6912075433e-11
135,133,7.5359572990e-10
135,134,-4.0162016569e-12
135,135,4.7001349203e-08
135,136,1.7475055316e-10
135,137,-4.5745333118e-11
136,132,7.5359572990e-10
136,133,-9.0504275400e-11
136,134,-3.9858765265e-11
136,135,1.7475055316e-10
136,136,2.4022852359e-08
136,137,4.9994060896e-10
137,132,-3.4860478980e-08
137,133,4.6734486943e-11
137,134,-9.7805327187e-09
137,135,-4.5745333118e-11
137,136,4.9994060896e-10
137,137,5.3128881123e-08
138,138,7.8243044171e-08
138,139,-4.4625238963e-09
138,140,-2.0520241441e-08
138,141,1.3704038251e-09
138,142,3.8954632749e-09
138,143,-3.1272193506e-08
139,138,-4.4625238963e-09
139,139,5.9889182261e-08
139,140,-7.5241314230e-09
139,141,3.8954632749e-09
139,142,-2.0830316618e-10
139,143,3.1295481752e-09
140,138,-2.0520241441e-08
140,139,-7.5241314230e-09
140,140,6.3853055778e-08
140,141,-1.7650480745e-09
140,142,-9.8104337173e-10
140,143,-6.7587566817e-09
141,138,1.3704038251e-09
141,139,3.8954632749e-09
141,140,-1.7650480745e-09
141,141,5.0272343977e-08
141,142,-1.6633709129e-09
141,143,2.2733105993e-09
142,138,3.8954632749e-09
142,139,-2.0830316618e-10
142,140,-9.8104337173e-10
142,141,-1.6633709129e-09
142,142,2.6511476721e-08
142,143,3.8496887524e-09
143,138,-3.1272193506e-08
143,139,3.1295481752e-09
143,140,-6.7587566817e-09
143,141,2.2733105993e-09
143,142,3.8496887524e-09
143,143,5.3427049710e-08
144,144,7.4860103486e-08
144,145,1.3012591016e-09
144,146,-3.2134985254e-08
144,147,3.3778337277e-09
144,148,-6.6293494032e-09
144,149,-1.6565823436e-08
145,144,1.3012591016e-09
145,145,4.6117698892e-08
145,146,7.9985460962e-10
145,147,-6.6293494032e-09
145,148,6.6191806245e-09
145,149,-2.5825259530e-09
146,144,-3.2134985254e-08
146,145,7.9985460962e-10
146,146,5.0762880088e-08
146,147,3.6239360000e-09
146,148,-3.4335335982e-09
146,149,-6.1516495183e-09
147,144,3.3778337277e-09
147,145,-6.6293494032e-09
147,146,3.6239360000e-09
147,147,6.0043180564e-08
147,148,-1.0086223322e-09
147,149,-1.2487332077e-09
148,144,-6.6293494032e-09
148,145,6.6191806245e-09
148,146,-3.4335335982e-09
148,147,-1.0086223322e-09
148,148,2.6379456356e-08
148,149,-2.1119426471e-09
149,144,-1.6565823436e-08
149,145,-2.5825259530e-09
149,146,-6.1516495183e-09
149,147,-1.2487332077e-09
149,148,-2.1119426471e-09
149,149,6.3201851470e-08
150,150,7.8289747790e-08
150,151,4.6375640159e-10
150,152,-1.5640824978e-08
150,153,-3.0035086404e-10
150,154,-3.5127553240e-10
150,155,-3.3839215312e-08
151,150,4.6375640159e-10
151,151,6.4300168639e-08
151,152,3.0134588970e-10
151,153,-3.5127553240e-10
151,154,-4.3017776127e-10
151,155,1.3612117545e-10
152,150,-1.5640824978e-08
152,151,3.0134588970e-10
152,152,7.1166155143e-08
152,153,-1.4515088375e-10
152,154,2.6005303118e-11
152,155,-1.0297682940e-08
153,150,-3.0035086404e-10
153,151,-3.5127553240e-10
153,152,-1.4515088375e-10
153,153,4.8023033493e-08
153,154,5.8550688218e-10
153,155,-1.2655569213e-10
154,150,-3.5127553240e-10
154,151,-4.3017776127e-10
154,152,2.6005303118e-11
154,153,5.8550688218e-10
154,154,2.5795307991e-08
154,155,-2.6883683841e-10
155,150,-3.3839215312e-08
155,151,1.3612117545e-10
155,152,-1.0297682940e-08
155,153,-1.2655569213e-10
155,154,-2.6883683841e-10
155,155,5.2861817002e-08
156,156,7.8044992177e-08
156,157,-1.2884822559e-09
156,158,-3.2073455024e-08
156,159,1.4897355021e-11
156,160,-1.0896916224e-09
156,161,-1.9661729422e-08
157,156,-1.2884822559e-09
157,157,4.9357621895e-08
157,158,-9.1554790083e-10
157,159,-1.0896916224e-09
157,160,-3.1147889977e-10
157,161,-7.1748307410e-11
158,156,-3.2073455024e-08
158,157,-9.1554790083e-10
158,158,5.2622058408e-08
158,159,-3.6489974598e-10
158,160,-1.0369373347e-09
158,161,-7.1797172099e-09
159,156,1.4897355021e-11
159,157,-1.0896916224e-09
159,158,-3.6489974598e-10
159,159,6.0459006760e-08
159,160,-1.3526558929e-09
159,161,4.3507913408e-10
160,156,-1.0896916224e-09
160,157,-3.1147889977e-10
160,158,-1.0369373347e-09
160,159,-1.3526558929e-09
160,160,2.6027862710e-08
160,161,3.9711157457e-10
161,156,-1.9661729422e-08
161,157,-7.1748307410e-11
161,158,-7.1797172099e-09
161,159,4.3507913408e-10
161,160,3.9711157457e-10
161,161,6.3909373631e-08
162,162,7.9032925270e-08
162,163,-2.5384707063e-09
162,164,-1.0900596509e-08
162,165,2.2179875873e-08
162,166,1.7555714739e-09
162,167,-1.5370888193e-08
163,162,-2.5384707063e-09
163,163,6.9283135354e-08
163,164,-2.0286007178e-09
163,165,1.7555714739e-09
163,166,3.0784257408e-08
163,167,3.4382121638e-10
164,162,-1.0900596509e-08
164,163,-2.0286007178e-09
164,164,7.1920992509e-08
164,165,9.6199910093e-09
164,166,-9.2839143008e-11
164,167,-1.3646126749e-09
165,162,2.2179875873e-08
165,163,1.7555714739e-09
165,164,9.6199910093e-09
165,165,6.5284784920e-08
165,166,-2.2309476615e-09
165,167,2.4975309505e-08
166,162,1.7555714739e-09
166,163,3.0784257408e-08
166,164,-9.2839143008e-11
166,165,-2.2309476615e-09
166,166,5.4443304864e-08
166,167,4.3414118510e-10
167,162,-1.5370888193e-08
167,163,3.4382121638e-10
167,164,-1.3646126749e-09
167,165,2.4975309505e-08
167,166,4.3414118510e-10
167,167,7.0006207116e-08
168,168,7.4576417906e-08
168,169,-1.9345622671e-10
168,170,-9.5424389885e-09
168,171,1.5666287269e-08
168,172,2.2659132035e-09
168,173,-1.2488366090e-08
169,168,-1.9345622671e-10
169,169,6.6041401006e-08
169,170,2.6976431543e-09
169,171,2.2659132035e-09
169,172,2.2463959664e-08
169,173,-2.3752070251e-09
170,168,-9.5424389885e-09
170,169,2.6976431543e-09
170,170,6.6311277163e-08
170,171,7.6000287818e-09
170,172,8.5140851760e-10
170,173,-2.2926314540e-09
171,168,1.5666287269e-08
171,169,2.2659132035e-09
171,170,7.6000287818e-09
171,171,6.3406483704e-08
171,172,-2.3179059742e-09
171,173,2.0521397426e-08
172,168,2.2659132035e-09
172,169,2.2463959664e-08
172,170,8.5140851760e-10
172,171,-2.3179059742e-09
172,172,5.3037361641e-08
172,173,1.1918644800e-09
173,168,-1.2488366090e-08
173,169,-2.3752070251e-09
173,170,-2.2926314540e-09
173,171,2.0521397426e-08
173,172,1.1918644800e-09
173,173,6.4565879306e-08
174,174,8.0843279879e-08
174,175,2.3317536836e-09
174,176,-2.1579646536e-08
174,177,-2.3371180783e-10
174,178,-1.0465308275e-09
174,179,-3.4763678626e-08
175,174,2.3317536836e-09
175,175,6.1541857245e-08
175,176,3.7743140219e-09
175,177,-1.0465308275e-09
175,178,2.3832259529e-10
175,179,-1.3604013344e-09
176,174,-2.1579646536e-08
176,175,3.7743140219e-09
176,176,6.6318040401e-08
176,177,5.2775050654e-10
176,178,-5.8657712995e-11
176,179,-7.1146978250e-09
177,174,-2.3371180783e-10
177,175,-1.0465308275e-09
177,176,5.2775050654e-10
177,177,4.9749700457e-08
177,178,1.1149737395e-09
177,179,-5.3758011560e-10
178,174,-1.0465308275e-09
178,175,2.3832259529e-10
178,176,-5.8657712995e-11
178,177,1.1149737395e-09
178,178,2.4756519563e-08
178,179,-6.7590392561e-10
179,174,-3.4763678626e-08
179,175,-1.3604013344e-09
179,176,-7.1146978250e-09
179,177,-5.3758011560e-10
179,178,-6.7590392561e-10
179,179,5.4742410050e-08
180,180,7.8610200165e-08
180,181,-1.3870816575e-09
180,182,-3.0245107948e-08
180,183,-8.6043600767e-10
180,184,-1.0705447302e-09
180,185,-2.4525845631e-08
181,180,-1.3870816575e-09
181,181,5.1558153222e-08
181,182,-7.0528785710e-10
181,183,-1.0705447302e-09
181,184,-4.7724192253e-10
181,185,-4.6703477598e-10
182,180,-3.0245107948e-08
182,181,-7.0528785710e-10
182,182,5.3716114923e-08
182,183,4.2842401148e-10
182,184,-6.6220363351e-10
182,185,-4.7692288436e-09
183,180,-8.6043600767e-10
183,181,-1.0705447302e-09
183,182,4.2842401148e-10
183,183,5.6673616950e-08
183,184,-1.8048102603e-09
183,185,-1.1860609505e-09
184,180,-1.0705447302e-09
184,181,-4.7724192253e-10
184,182,-6.6220363351e-10
184,183,-1.8048102603e-09
184,184,2.5806186932e-08
184,185,-3.0624396620e-11
185,180,-2.4525845631e-08
185,181,-4.6703477598e-10
185,182,-4.7692288436e-09
185,183,-1.1860609505e-09
185,184,-3.0624396620e-11
185,185,5.8540282656e-08
186,186,7.7864278346e-08
186,187,-2.5195512202e-09
186,188,-2.8412447755e-08
186,189,4.1102047428e-10
186,190,1.2229594985e-09
186,191,-2.8550432849e-08
187,186,-2.5195512202e-09
187,187,5.2451412512e-08
187,188,-3.6151732181e-09
187,189,1.2229594985e-09
187,190,-9.2822094161e-10
187,191,1.8677173599e-09
188,186,-2.8412447755e-08
188,187,-3.6151732181e-09
188,188,5.6070192141e-08
188,189,-1.4973174221e-09
188,190,-1.7415610625e-09
188,191,-4.0747690653e-09
189,186,4.1102047428e-10
189,187,1.2229594985e-09
189,188,-1.4973174221e-09
189,189,5.2327994891e-08
189,190,-8.4901402841e-10
189,191,1.7704848818e-09
190,186,1.2229594985e-09
190,187,-9.2822094161e-10
190,188,-1.7415610625e-09
190,189,-8.4901402841e-10
190,190,2.3655313804e-08
190,191,2.6920151331e-09
191,186,-2.8550432849e-08
191,187,1.8677173599e-09
191,188,-4.0747690653e-09
191,189,1.7704848818e-09
191,190,2.6920151331e-09
191,191,5.5060290320e-08
192,192,8.0300424017e-08
192,193,9.9679970149e-10
192,194,-3.4664181894e-08
192,195,1.0503991565e-08
192,196,-5.1170585417e-09
192,197,-1.9013812579e-08
193,192,9.9679970149e-10
193,193,4.9295837177e-08
193,194,-1.2063897295e-09
193,195,-5.1170585417e-09
193,196,1.3944745248e-08
193,197,-1.3477272030e-09
194,192,-3.4664181894e-08
194,193,-1.2063897295e-09
194,194,5.5489953357e-08
194,195,3.8468795645e-09
194,196,-2.8632304983e-09
194,197,-4.9881722027e-09
195,192,1.0503991565e-08
195,193,-5.1170585417e-09
195,194,3.8468795645e-09
195,195,6.3293953042e-08
195,196,-2.0864415492e-10
195,197,4.6687167342e-09
196,192,-5.1170585417e-09
196,193,1.3944745248e-08
196,194,-2.8632304983e-09
196,195,-2.0864415492e-10
196,196,2.8298828440e-08
196,197,-1.4607742982e-09
197,192,-1.9013812579e-08
197,193,-1.3477272030e-09
197,194,-4.9881722027e-09
197,195,4.6687167342e-09
197,196,-1.4607742982e-09
197,197,6.6771755376e-08
198,198,7.7701252149e-08
198,199,-3.0535334416e-10
198,200,-1.6041398880e-08
198,201,-1.7232557827e-10
198,202,1.7416554797e-09
198,203,-3.3071439126e-08
199,198,-3.0535334416e-10
199,199,6.3353388809e-08
199,200,1.5334097647e-10
199,201,1.7416554797e-09
199,202,-8.3304332438e-11
199,203,-3.5477111183e-10
200,198,-1.6041398880e-08
200,199,1.5334097647e-10
200,200,6.9231410155e-08
200,201,9.9528778563e-11
200,202,1.2280249264e-10
200,203,-9.5651677442e-09
201,198,-1.7232557827e-10
201,199,1.7416554797e-09
201,200,9.9528778563e-11
201,201,4.8121257749e-08
201,202,-6.2267027317e-10
201,203,-2.2819161496e-10
202,198,1.7416554797e-09
202,199,-8.3304332438e-11
202,200,1.2280249264e-10
202,201,-6.2267027317e-10
202,202,2.6121260214e-08
202,203,1.1835402698e-09
203,198,-3.3071439126e-08
203,199,-3.5477111183e-10
203,200,-9.5651677442e-09
203,201,-2.2819161496e-10
203,202,1.1835402698e-09
203,203,5.2336475398e-08
204,204,7.8655558502e-08
204,205,2.7432144053e-10
204,206,-1.7197459978e-08
204,207,2.3164324380e-10
204,208,5.4032782643e-10
204,209,-3.4905388945e-08
205,204,2.7432144053e-10
205,205,6.3273682682e-08
205,206,1.5757651824e-10
205,207,5.4032782643e-10
205,208,3.2939240708e-10
205,209,7.0343597871e-11
206,204,-1.7197459978e-08
206,205,1.5757651824e-10
206,206,7.0255331353e-08
206,207,1.0928688692e-10
206,208,-9.1159897177e-11
206,209,-9.6837040986e-09
207,204,2.3164324380e-10
207,205,5.4032782643e-10
207,206,1.0928688692e-10
207,207,4.7435229518e-08
207,208,3.3723866717e-10
207,209,8.5793645810e-11
208,204,5.4032782643e-10
208,205,3.2939240708e-10
208,206,-9.1159897177e-11
208,207,3.3723866717e-10
208,208,2.4306390419e-08
208,209,3.9904192810e-10
209,204,-3.4905388945e-08
209,205,7.0343597871e-11
209,206,-9.6837040986e-09
209,207,8.5793645810e-11
209,208,3.9904192810e-10
209,209,5.3394715019e-08
210,210,8.4586095341e-08
210,211,-9.7604327643e-10
210,212,-2.1599477087e-08
210,213,-1.2590805070e-11
210,214,-1.8372290912e-09
210,215,-3.4977859868e-08
211,210,-9.7604327643e-10
211,211,6.5266935723e-08
211,212,-7.7001644950e-10
211,213,-1.8372290912e-09
211,214,4.3002451082e-10
211,215,-1.4382721436e-10
212,210,-2.1599477087e-08
212,211,-7.7001644950e-10
212,212,6.7778665924e-08
212,213,4.9485896711e-10
212,214,3.6548018116e-09
212,215,-6.9323351908e-09
213,210,-1.2590805070e-11
213,211,-1.8372290912e-09
213,212,4.9485896711e-10
213,213,5.3300946392e-08
213,214,-1.1046862478e-09
213,215,-3.6754267292e-10
214,210,-1.8372290912e-09
214,211,4.3002451082e-10
214,212,3.6548018116e-09
214,213,-1.1046862478e-09
214,214,2.8435918622e-08
214,215,-4.1569533983e-09
215,210,-3.4977859868e-08
215,211,-1.4382721436e-10
215,212,-6.9323351908e-09
215,213,-3.6754267292e-10
215,214,-4.1569533983e-09
215,215,5.7489920766e-08
216,216,7.7911890616e-08
216,217,-7.7382564475e-10
216,218,-2.0550819359e-08
216,219,4.9570168370e-10
216,220,3.5870434400e-09
216,221,-3.4668542854e-08
217,216,-7.7382564475e-10
217,217,5.9530678984e-08
217,218,2.1385365476e-09
217,219,3.5870434400e-09
217,220,1.1607048674e-09
217,221,-2.0839159962e-09
218,216,-2.0550819359e-08
218,217,2.1385365476e-09
218,218,6.5203043444e-08
218,219,7.4349616201e-10
218,220,3.6712538251e-11
218,221,-7.0422982667e-09
219,216,4.9570168370e-10
219,217,3.5870434400e-09
219,218,7.4349616201e-10
219,219,4.6903403215e-08
219,220,-2.6377367755e-09
219,221,-6.2858161956e-10
220,216,3.5870434400e-09
220,217,1.1607048674e-09
220,218,3.6712538251e-11
220,219,-2.6377367755e-09
220,220,2.2888352970e-08
220,221,2.0705910276e-09
221,216,-3.4668542854e-08
221,217,-2.0839159962e-09
221,218,-7.0422982667e-09
221,219,-6.2858161956e-10
221,220,2.0705910276e-09
221,221,5.3286788757e-08
222,222,7.9013025766e-08
222,223,-2.0784944828e-09
222,224,-2.3416827947e-08
222,225,9.8105372964e-11
222,226,-4.4825564136e-09
222,227,-3.1380116949e-08
223,222,-2.0784944828e-09
223,223,5.8068378123e-08
223,224,-3.3509655581e-09
223,225,-4.4825564136e-09
223,226,5.8604943949e-10
223,227,1.2716628070e-09
224,222,-2.3416827947e-08
224,223,-3.3509655581e-09
224,224,6.0900592460e-08
224,225,5.4553805099e-10
224,226,8.3802968248e-10
224,227,-5.2155692864e-09
225,222,9.8105372964e-11
225,223,-4.4825564136e-09
225,224,5.4553805099e-10
225,225,5.0945795910e-08
225,226,-9.4108469041e-10
225,227,-2.6886972749e-10
226,222,-4.4825564136e-09
226,223,5.8604943949e-10
226,224,8.3802968248e-10
226,225,-9.4108469041e-10
226,226,2.5828692838e-08
226,227,-4.0359462667e-09
227,222,-3.1380116949e-08
227,223,1.2716628070e-09
227,224,-5.2155692864e-09
227,225,-2.6886972749e-10
227,226,-4.0359462667e-09
227,227,5.4078168233e-08
228,228,7.9228851641e-08
228,229,2.3511038589e-10
228,230,-1.7886344752e-08
228,231,-7.9012175765e-10
228,232,9.1478550074e-10
228,233,-3.3865183724e-08
229,228,2.3511038589e-10
229,229,6.3230818547e-08
229,230,-3.0777075999e-10
229,231,9.1478550074e-10
229,232,-1.1560501174e-09
229,233,4.1813204420e-10
230,228,-1.7886344752e-08
230,229,-3.0777075999e-10
230,230,6.8792403630e-08
230,231,-4.0912034367e-10
230,232,-3.7066572272e-11
230,233,-8.9493684632e-09
231,228,-7.9012175765e-10
231,229,9.1478550074e-10
231,230,-4.0912034367e-10
231,231,4.8938910490e-08
231,232,6.0909905565e-10
231,233,-2.5689072402e-10
232,228,9.1478550074e-10
232,229,-1.1560501174e-09
232,230,-3.7066572272e-11
232,231,6.0909905565e-10
232,232,2.5781382625e-08
232,233,6.2468270766e-10
233,228,-3.3865183724e-08
233,229,4.1813204420e-10
233,230,-8.9493684632e-09
233,231,-2.5689072402e-10
233,232,6.2468270766e-10
233,233,5.3450199686e-08
234,234,8.0008372802e-08
234,235,1.4942259577e-09
234,236,-1.9340730439e-08
234,237,-1.0284460994e-09
234,238,-1.7177136434e-10
234,239,-3.7427295552e-08
235,234,1.4942259577e-09
235,235,6.2709497604e-08
235,236,8.4511871771e-10
235,237,-1.7177136434e-10
235,238,-1.4082563892e-09
235,239,2.2647203093e-10
236,234,-1.9340730439e-08
236,235,8.4511871771e-10
236,236,7.0970768491e-08
236,237,-4.2464081323e-10
236,238,3.3410414956e-10
236,239,-9.1704026883e-09
237,234,-1.0284460994e-09
237,235,-1.7177136434e-10
237,236,-4.2464081323e-10
237,237,4.6532381975e-08
237,238,1.6967887002e-09
237,239,-2.8112007209e-10
238,234,-1.7177136434e-10
238,235,-1.4082563892e-09
238,236,3.3410414956e-10
238,237,1.6967887002e-09
238,238,2.1897184626e-08
238,239,-3.7525112452e-10
239,234,-3.7427295552e-08
239,235,2.2647203093e-10
239,236,-9.1704026883e-09
239,237,-2.8112007209e-10
239,238,-3.7525112452e-10
239,239,5.5088064043e-08
240,240,7.6894461874e-08
240,241,-4.5377695755e-09
240,242,-3.1275343624e-08
240,243,8.0057963002e-09
240,244,3.6730559981e-09
240,245,-2.3476190679e-08
241,240,-4.5377695755e-09
241,241,4.8920944129e-08
241,242,-2.1722631523e-09
241,243,3.6730559981e-09
241,244,8.6816272249e-09
241,245,9.8797801274e-10
242,240,-3.1275343624e-08
242,241,-2.1722631523e-09
242,242,5.3129448598e-08
242,243,7.5560194446e-10
242,244,1.8661325899e-09
242,245,-3.6490146240e-09
243,240,8.0057963002e-09
243,241,3.6730559981e-09
243,242,7.5560194446e-10
243,243,5.5896718590e-08
243,244,-3.6540951768e-09
243,245,4.7883002494e-09
244,240,3.6730559981e-09
244,241,8.6816272249e-09
244,242,1.8661325899e-09
244,243,-3.6540951768e-09
244,244,2.5003989145e-08
244,245,-7.5747287771e-10
245,240,-2.3476190679e-08
245,241,9.8797801274e-10
245,242,-3.6490146240e-09
245,243,4.7883002494e-09
245,244,-7.5747287771e-10
245,245,5.8503083236e-08
246,246,7.7072426130e-08
246,247,1.4054875638e-08
246,248,-1.2990950974e-08
246,249,1.5209777019e-09
246,250,-2.3264167309e-09
246,251,-5.1034172113e-09
247,246,1.4054875638e-08
247,247,6.5452966342e-08
247,248,2.0121135698e-08
247,249,-2.3264167309e-09
247,250,2.8547848531e-09
247,251,6.2909570216e-09
248,246,-1.2990950974e-08
248,247,2.0121135698e-08
248,248,6.5811470421e-08
248,249,1.4912417295e-09
248,250,-2.2801127147e-09
248,251,-4.1657017903e-09
249,246,1.5209777019e-09
249,247,-2.3264167309e-09
249,248,1.4912417295e-09
249,249,7.2507791009e-08
249,250,1.9681678656e-08
249,251,-2.3826048982e-10
250,246,-2.3264167309e-09
250,247,2.8547848531e-09
250,248,-2.2801127147e-09
250,249,1.9681678656e-08
250,250,5.7555769789e-08
250,251,-1.1334503014e-10
251,246,-5.1034172113e-09
251,247,6.2909570216e-09
251,248,-4.1657017903e-09
251,249,-2.3826048982e-10
251,250,-1.1334503014e-10
251,251,7.3993206247e-08
252,252,7.8268171798e-08
252,253,-5.7736455866e-11
252,254,-1.6910909166e-08
252,255,-1.6927824284e-10
252,256,5.6322611165e-10
252,257,-3.4760385957e-08
253,252,-5.7736455866e-11
253,253,6.3142594815e-08
253,254,-8.8971463716e-11
253,255,5.6322611165e-10
253,256,-2.2431320119e-10
253,257,1.6123707401e-11
254,252,-1.6910909166e-08
254,253,-8.8971463716e-11
254,254,7.0228714724e-08
254,255,-6.1530953997e-11
254,256,-6.5257897750e-11
254,257,-9.7857513241e-09
255,252,-1.6927824284e-10
255,253,5.6322611165e-10
255,254,-6.1530953997e-11
255,255,4.7177537429e-08
255,256,-4.3314973548e-11
255,257,-6.9377236443e-11
256,252,5.6322611165e-10
256,253,-2.2431320119e-10
256,254,-6.5257897750e-11
256,255,-4.3314973548e-11
256,256,2.4223359386e-08
256,257,3.9873847904e-10
257,252,-3.4760385957e-08
257,253,1.6123707401e-11
257,254,-9.7857513241e-09
257,255,-6.9377236443e-11
257,256,3.9873847904e-10
257,257,5.3139629157e-08
258,258,8.0634747363e-08
258,259,1.8144176509e-08
258,260,-1.5982022537e-08
258,261,-1.1427289461e-09
258,262,3.7699743688e-09
258,263,-1.1196615197e-08
259,258,1.8144176509e-08
259,259,6.6339991839e-08
259,260,2.3089696610e-08
259,261,3.7699743688e-09
259,262,-1.4953187618e-09
259,263,5.9170896933e-09
260,258,-1.5982022537e-08
260,259,2.3089696610e-08
260,260,6.9755679098e-08
260,261,-3.9420739799e-10
260,262,1.8310309027e-09
260,263,-4.4577453100e-09
261,258,-1.1427289461e-09
261,259,3.7699743688e-09
261,260,-3.9420739799e-10
261,261,7.0620190284e-08
261,262,2.3436582422e-08
261,263,1.3638840184e-09
262,258,3.7699743688e-09
262,259,-1.4953187618e-09
262,260,1.8310309027e-09
262,261,2.3436582422e-08
262,262,5.2759238511e-08
262,263,3.1233411160e-09
263,258,-1.1196615197e-08
263,259,5.9170896933e-09
263,260,-4.4577453100e-09
263,261,1.3638840184e-09
263,262,3.1233411160e-09
263,263,7.1280511951e-08
264,264,7.8478061906e-08
264,265,-2.2558301858e-09
264,266,-2.3465938950e-08
264,267,2.9900104828e-09
264,268,-5.8866641946e-09
264,269,-2.8489389936e-08
265,264,-2.2558301858e-09
265,265,5.7489488047e-08
265,266,2.8755997768e-09
265,267,-5.8866641946e-09
265,268,7.3962345296e-09
265,269,-6.7775521605e-09
266,264,-2.3465938950e-08
266,265,2.8755997768e-09
266,266,5.7201945145e-08
266,267,4.9263082463e-09
266,268,-4.4754390429e-09
266,269,-1.5062103308e-09
267,264,2.9900104828e-09
267,265,-5.8866641946e-09
267,266,4.9263082463e-09
267,267,5.2996376892e-08
267,268,-8.3178571265e-09
267,269,4.7558868115e-10
268,264,-5.8866641946e-09
268,265,7.3962345296e-09
268,266,-4.4754390429e-09
268,267,-8.3178571265e-09
268,268,3.0802834768e-08
268,269,-2.8760078475e-09
269,264,-2.8489389936e-08
269,265,-6.7775521605e-09
269,266,-1.5062103308e-09
269,267,4.7558868115e-10
269,268,-2.8760078475e-09
