0,0,3.3873681480e-02
0,1,-4.1688814983e-03
0,2,1.1893909472e-02
0,3,2.9026241919e-04
0,4,1.3631354657e-03
0,5,7.0414179453e-03
0,1062,-6.1847332821e-03
0,1063,-1.0122023571e-02
0,1064,-1.1622179330e-02
0,1065,-6.2426735227e-04
0,1066,-8.6386198635e-04
0,1067,4.9636967376e-03
0,1260,-6.0619872845e-03
0,1261,-2.3582023593e-03
0,1262,3.9894793999e-03
0,1263,-8.3796458292e-03
0,1264,-2.6705394025e-03
0,1265,-6.4164471025e-03
0,3522,-8.2048928395e-03
0,3523,8.9358602689e-03
0,3524,-2.9411599305e-03
0,3525,-5.0348302285e-03
0,3526,3.5889310226e-03
0,3527,2.0883472120e-03
0,3642,-7.4421092925e-03
0,3643,-4.0732973781e-03
0,3644,3.0204602680e-03
0,3645,9.3664247294e-03
0,3646,3.9857284353e-03
0,3647,-5.4358457691e-03
0,3780,-5.9799587815e-03
0,3781,6.3387003142e-03
0,3782,-1.8101599286e-03
0,3783,6.2139132701e-03
0,3784,-5.6856437236e-03
0,3785,-1.5618974944e-03
1,0,-4.1688814983e-03
1,1,4.5021970023e-02
1,2,-1.4860635187e-02
1,3,1.3631354657e-03
1,4,1.5432038253e-03
1,5,-1.2226836536e-04
1,1062,1.0158009814e-02
1,1063,1.6610187531e-02
1,1064,1.9035359504e-02
1,1065,1.1733365894e-03
1,1066,1.6596145895e-03
1,1067,-8.1191312420e-03
1,1260,3.6079129595e-03
1,1261,-3.3550365489e-04
1,1262,-3.8871417336e-03
1,1263,5.6365319308e-03
1,1264,-5.6193638612e-04
1,1265,5.8255762380e-03
1,3522,-8.5804950509e-03
1,3523,8.1659754587e-03
1,3524,-2.0472297782e-04
1,3525,-7.2859690444e-03
1,3526,5.2304401533e-03
1,3527,-5.8864835329e-04
1,3642,5.1400396738e-03
1,3643,2.2404944005e-04
1,3644,-5.2550500070e-03
1,3645,-7.6443237149e-03
1,3646,-1.3729083446e-04
1,3647,7.0617128405e-03
1,3780,-6.1565858977e-03
1,3781,5.6052929076e-03
1,3782,3.1846874742e-04
1,3783,7.3380934460e-03
1,3784,-5.8939927876e-03
1,3785,-3.7936428933e-03
2,0,1.1893909472e-02
2,1,-1.4860635187e-02
2,2,4.9930257308e-02
2,3,1.3999283087e-03
2,4,2.7978229155e-03
2,5,-3.1573722072e-02
2,1062,-1.1752247421e-02
2,1063,-1.9180418040e-02
2,1064,-2.1888764809e-02
2,1065,-1.7298470213e-03
2,1066,-2.5254588249e-03
2,1067,9.3058012350e-03
2,1260,2.2320442184e-03
2,1261,3.1826768594e-03
2,1262,4.5311299062e-05
2,1263,2.2214112941e-03
2,1264,4.0128548517e-03
2,1265,-3.7742526558e-04
2,3522,-2.2647851431e-03
2,3523,-2.9034648823e-04
2,3524,5.7323721650e-03
2,3525,-6.1149058077e-03
2,3526,4.1852697903e-03
2,3527,-6.4041756861e-03
2,3642,1.3669829476e-03
2,3643,4.7469966258e-03
2,3644,3.4382375573e-03
2,3645,9.4537925884e-05
2,3646,-5.1370037357e-03
2,3647,-4.2946698461e-03
2,3780,-1.4759040733e-03
2,3781,-5.5495762020e-04
2,3782,4.4347864492e-03
2,3783,3.6991019664e-03
2,3784,-1.3668141140e-03
2,3785,-5.5646631383e-03
3,0,2.9026241919e-04
3,1,1.3631354657e-03
3,2,1.3999283087e-03
3,3,4.1103212634e-02
3,4,-4.4021369767e-03
3,5,-1.4522491059e-03
3,1062,8.4227385972e-04
3,1063,1.5448466207e-03
3,1064,2.1916164101e-03
3,1065,-1.6903254362e-03
3,1066,-2.7711117554e-03
3,1067,-1.0766833822e-03
3,1260,8.4405128136e-03
3,1261,3.8551023509e-03
3,1262,-5.0575931606e-03
3,1263,1.1451566560e-02
3,1264,4.4245020323e-03
3,1265,8.2663659290e-03
3,3522,5.7835138418e-03
3,3523,-8.0658934603e-03
3,3524,6.3766261314e-03
3,3525,5.1594716247e-04
3,3526,-3.1090734503e-04
3,3527,-5.6337997939e-03
3,3642,-9.3561783209e-03
3,3643,-6.2640826557e-03
3,3644,2.3982365198e-03
3,3645,1.1254038254e-02
3,3646,6.1641958913e-03
3,3647,-5.3665481660e-03
3,3780,-6.0003846133e-03
3,3781,7.3065884648e-03
3,3782,-4.0591139037e-03
3,3783,5.2656009046e-03
3,3784,-5.6606040781e-03
3,3785,6.8556813805e-04
4,0,1.3631354657e-03
4,1,1.5432038253e-03
4,2,2.7978229155e-03
4,3,-4.4021369767e-03
4,4,2.6491963305e-02
4,5,1.6016344012e-03
4,1062,-1.2269608746e-03
4,1063,-2.2793273147e-03
4,1064,-3.2980084586e-03
4,1065,2.7718766257e-03
4,1066,4.5370464676e-03
4,1067,1.6762633569e-03
4,1260,-4.3921563670e-03
4,1261,3.7255417689e-04
4,1262,4.8474128978e-03
4,1263,-6.8467847032e-03
4,1264,5.9069159444e-04
4,1265,-7.0246036493e-03
4,3522,4.1607878215e-03
4,3523,-5.5484608042e-03
4,3524,3.7409957084e-03
4,3525,8.0565344479e-04
4,3526,-8.8918515011e-04
4,3527,-4.1249822788e-03
4,3642,5.2823962914e-03
4,3643,4.2556327708e-04
4,3644,-5.5170980592e-03
4,3645,-7.7656320135e-03
4,3646,-4.8251890863e-04
4,3647,6.9287778502e-03
4,3780,-5.1872023370e-03
4,3781,5.5487865945e-03
4,3782,-1.5593901442e-03
4,3783,5.3358063793e-03
4,3784,-5.0459153494e-03
4,3785,-1.0920314012e-03
5,0,7.0414179453e-03
5,1,-1.2226836536e-04
5,2,-3.1573722072e-02
5,3,-1.4522491059e-03
5,4,1.6016344012e-03
5,5,3.8169576835e-02
5,1062,4.6915890923e-03
5,1063,7.6276597403e-03
5,1064,8.6264341482e-03
5,1065,1.0141831769e-03
5,1066,1.5776685388e-03
5,1067,-4.1529473099e-03
5,1260,-6.5914980889e-03
5,1261,-4.3438672576e-03
5,1262,2.7360919977e-03
5,1263,-8.4390713325e-03
5,1264,-5.0837446989e-03
5,1265,-4.9057578913e-03
5,3522,1.4518861336e-03
5,3523,1.2040568550e-03
5,3524,-6.6426876276e-03
5,3525,5.6715369089e-03
5,3526,-4.7166607410e-03
5,3527,5.0679822703e-03
5,3642,-5.4103840522e-03
5,3643,-6.1748611555e-03
5,3644,-1.9125127714e-03
5,3645,5.3435918575e-03
5,3646,6.0678270661e-03
5,3647,1.3644404977e-04
5,3780,-1.1830110301e-03
5,3781,3.3770386646e-03
5,3782,-5.5396075178e-03
5,3783,-9.4609635046e-04
5,3784,-8.8765885898e-04
5,3785,4.5879886181e-03
6,6,3.4828866101e-02
6,7,2.1929752271e-03
6,8,2.1278351645e-02
6,9,2.5721211808e-04
6,10,-3.1227239139e-03
6,11,8.8219944939e-03
6,738,-7.4837164436e-03
6,739,1.1952448060e-02
6,740,-1.3017946390e-02
6,741,1.6027981420e-06
6,742,-3.4423715619e-04
6,743,4.9863911040e-03
6,1074,-2.7762569877e-03
6,1075,1.3083503484e-03
6,1076,2.2003545447e-03
6,1077,-4.3095082976e-03
6,1078,1.9627967765e-03
6,1079,-4.4010144724e-03
6,1086,-4.6826111133e-03
6,1087,-8.0520811718e-03
6,1088,-1.0244582059e-02
6,1089,-3.7484489440e-04
6,1090,-6.4206551379e-04
6,1091,4.3344746784e-03
6,1188,-5.5327727804e-03
6,1189,-4.7263033768e-03
6,1190,1.9392249941e-04
6,1191,7.0811273152e-03
6,1192,5.3683912804e-03
6,1193,-4.3360450341e-03
6,2178,-6.2832727481e-03
6,2179,5.1655240015e-03
6,2180,3.5964463030e-04
6,2181,8.0737217227e-03
6,2182,-5.8188423380e-03
6,2183,-5.0086324396e-03
6,2214,-8.0702360278e-03
6,2215,-5.7888713884e-03
6,2216,1.3113784393e-03
6,2217,-8.7447948341e-03
6,2218,-4.5554472275e-03
6,2219,-2.7691465803e-03
7,6,2.1929752271e-03
7,7,5.4475136634e-02
7,8,9.0693557232e-04
7,9,-3.1227239139e-03
7,10,9.1717339542e-04
7,11,6.6870760019e-03
7,738,-1.1938931683e-02
7,739,1.9028054379e-02
7,740,-2.0625150098e-02
7,741,-3.4340436819e-04
7,742,3.3809715734e-06
7,743,7.9550618302e-03
7,1074,-2.7185972870e-03
7,1075,1.0720667506e-03
7,1076,2.3750124567e-03
7,1077,-4.2938566706e-03
7,1078,1.6322369112e-03
7,1079,-4.5659403117e-03
7,1086,8.0485233979e-03
7,1087,1.3839479679e-02
7,1088,1.7606466383e-02
7,1089,6.4694126328e-04
7,1090,1.1081104012e-03
7,1091,-7.4496676561e-03
7,1188,4.8086369233e-03
7,1189,2.7689783637e-03
7,1190,-2.7257178817e-03
7,1191,-6.8423296824e-03
7,1192,-3.5400804429e-03
7,1193,5.7374286986e-03
7,2178,-5.3557423757e-03
7,2179,2.7447650452e-03
7,2180,3.3548588446e-03
7,2181,7.6723351967e-03
7,2182,-3.4789490745e-03
7,2183,-6.5403991507e-03
7,2214,4.9631357973e-03
7,2215,5.5115073664e-04
7,2216,-5.6327359844e-03
7,2217,7.2589103196e-03
7,2218,8.9029990614e-04
7,2219,6.2604099761e-03
8,6,2.1278351645e-02
8,7,9.0693557232e-04
8,8,6.8601477587e-02
8,9,7.2800775325e-04
8,10,-3.2792300824e-03
8,11,-3.2443771209e-02
8,738,-1.2970840057e-02
8,739,2.0573588095e-02
8,740,-2.2054077742e-02
8,741,-1.2313480198e-03
8,742,1.3727381743e-03
8,743,8.6270747843e-03
8,1074,-1.2730054237e-04
8,1075,-3.9788270201e-04
8,1076,5.6763178119e-04
8,1077,-3.5931124132e-04
8,1078,-5.4949808364e-04
8,1079,-7.6500677190e-04
8,1086,-1.0230837902e-02
8,1087,-1.7590616180e-02
8,1088,-2.2375086820e-02
8,1089,-8.2918193904e-04
8,1090,-1.4201963300e-03
8,1091,9.4683822616e-03
8,1188,-1.7233566248e-06
8,1189,2.6002507565e-03
8,1190,4.6456448234e-03
8,1191,1.3392421718e-03
8,1192,-2.3347648579e-03
8,1193,-3.9130429745e-03
8,2178,1.2899198032e-04
8,2179,-3.2666023207e-03
8,2180,5.3648861940e-03
8,2181,1.3408258323e-03
8,2182,3.1285183179e-03
8,2183,-4.3251674685e-03
8,2214,1.9233582328e-03
8,2215,5.5174697603e-03
8,2216,5.2022654877e-03
8,2217,-5.0245236948e-04
8,2218,4.3409818972e-03
8,2219,-6.0451163707e-03
9,6,2.5721211808e-04
9,7,-3.1227239139e-03
9,8,7.2800775325e-04
9,9,4.3675283047e-02
9,10,8.2275980020e-03
9,11,-3.7077361984e-04
9,738,1.9146992645e-03
9,739,-3.4087573658e-03
9,740,4.5832098995e-03
9,741,-3.1070039376e-03
9,742,5.0497742466e-03
9,743,-1.2742741237e-03
9,1074,4.2774472380e-03
9,1075,-2.0878636244e-03
9,1076,-3.3142109587e-03
9,1077,6.6131417813e-03
9,1078,-3.1234251677e-03
9,1079,6.6882996164e-03
9,1086,-5.8646741817e-04
9,1087,-1.0059339347e-03
9,1088,-1.2733092260e-03
9,1089,-8.3410334290e-04
9,1090,-1.4337825702e-03
9,1091,4.0196600466e-04
9,1188,-7.0222774855e-03
9,1189,-6.6942120861e-03
9,1190,-1.0823954768e-03
9,1191,8.6278677083e-03
9,1192,7.3965957831e-03
9,1193,-4.4741856338e-03
9,2178,-8.0889720424e-03
9,2179,7.4632150424e-03
9,2180,-1.0319132392e-03
9,2181,1.0004335090e-02
9,2182,-8.2156826819e-03
9,2183,-5.3284725344e-03
9,2214,9.2483583254e-03
9,2215,8.1848838708e-03
9,2216,9.8480409680e-04
9,2217,9.0490912263e-03
9,2218,6.2035754288e-03
9,2219,8.1746345286e-04
10,6,-3.1227239139e-03
10,7,9.1717339542e-04
10,8,-3.2792300824e-03
10,9,8.2275980020e-03
10,10,3.6947273648e-02
10,11,-8.2830755199e-03
10,738,2.6988288835e-03
10,739,-4.8596928212e-03
10,740,6.6546598780e-03
10,741,-4.8680799104e-03
10,742,7.8849603616e-03
10,743,-1.9242681941e-03
10,1074,4.1095341214e-03
10,1075,-1.6850518393e-03
10,1076,-3.5270514469e-03
10,1077,6.4668243944e-03
10,1078,-2.5577559916e-03
10,1079,6.8182738531e-03
10,1086,1.0107252237e-03
10,1087,1.7335849007e-03
10,1088,2.1942279702e-03
10,1089,1.4342143722e-03
10,1090,2.4652493916e-03
10,1091,-6.9294368172e-04
10,1188,5.3979428719e-03
10,1189,3.5164581266e-03
10,1190,-2.4305500373e-03
10,1191,-7.4692136099e-03
10,1192,-4.3850136307e-03
10,1193,5.7945723884e-03
10,2178,-6.1077951434e-03
10,2179,3.5796500879e-03
10,2180,3.1915200854e-03
10,2181,8.5337230736e-03
10,2182,-4.4496700612e-03
10,2183,-6.7941927319e-03
10,2214,-3.9865120433e-03
10,2215,-3.6515444545e-04
10,2216,5.1657117590e-03
10,2217,-5.8772607463e-03
10,2218,-9.5450120378e-04
10,2219,-4.9384554982e-03
11,6,8.8219944939e-03
11,7,6.6870760019e-03
11,8,-3.2443771209e-02
11,9,-3.7077361984e-04
11,10,-8.2830755199e-03
11,11,3.9922387549e-02
11,738,4.2510349419e-03
11,739,-6.5887887124e-03
11,740,6.6616745948e-03
11,741,1.7763568662e-03
11,742,-2.7731710101e-03
11,743,-4.1229316594e-03
11,1074,-4.2935711551e-03
11,1075,2.2716417232e-03
11,1076,3.1394879066e-03
11,1077,-6.5730273192e-03
11,1078,3.3769325777e-03
11,1079,-6.4879270916e-03
11,1086,4.2601695060e-03
11,1087,7.3263737916e-03
11,1088,9.3230993389e-03
11,1089,1.2058247603e-04
11,1090,2.0550738097e-04
11,1091,-4.1152221629e-03
11,1188,-4.1868590029e-03
11,1189,-5.5504667802e-03
11,1190,-3.7108645264e-03
11,1191,4.3379218976e-03
11,1192,5.6761863747e-03
11,1193,-3.8386793580e-04
11,2178,-5.0477854373e-03
11,2179,6.4907779495e-03
11,2180,-4.1194716867e-03
11,2181,5.3645114415e-03
11,2182,-6.7152057091e-03
11,2183,-8.2524652117e-04
11,2214,-3.8049833465e-03
11,2215,-6.7035978092e-03
11,2216,-6.0539365426e-03
11,2217,-1.6314403667e-03
11,2218,-4.4993918995e-03
11,2219,4.6137564744e-03
12,12,3.4825837929e-02
12,13,1.2719364322e-04
12,14,2.2419850378e-02
12,15,-1.0583104899e-04
12,16,-5.6849771107e-04
12,17,8.2319239878e-03
12,888,-6.4519461070e-03
12,889,5.2324260270e-03
12,890,4.5204408879e-04
12,891,8.0566061403e-03
12,892,-5.6121580392e-03
12,893,-4.5582458108e-03
12,894,-5.4030941769e-03
12,895,4.8294316196e-03
12,896,-3.6483050132e-05
12,897,-6.9088381990e-03
12,898,5.5541223334e-03
12,899,-4.2193555518e-03
12,1872,-5.1763134267e-03
12,1873,-8.8951918420e-03
12,1874,-1.1302172844e-02
12,1875,1.4269717201e-05
12,1876,2.0580674480e-05
12,1877,4.5679490397e-03
12,2778,-5.7221890626e-03
12,2779,-5.2168493646e-03
12,2780,-3.1588976777e-04
12,2781,7.1664315681e-03
12,2782,5.8171103930e-03
12,2783,-4.0942604014e-03
12,2928,-6.6192565723e-03
12,2929,-5.2678515812e-03
12,2930,5.7429611301e-04
12,2931,-8.2418159141e-03
12,2932,-5.5904372804e-03
12,2933,-4.6187388598e-03
12,3258,-5.4530385839e-03
12,3259,9.3040027054e-03
12,3260,-1.1651352673e-02
12,3261,-8.3450946948e-05
12,3262,1.1963248790e-04
12,3263,4.7039920245e-03
13,12,1.2719364322e-04
13,13,5.5494077824e-02
13,14,9.0014747512e-05
13,15,-5.6849771107e-04
13,16,-2.7169865864e-04
13,17,3.7469347461e-04
13,888,-5.2372029483e-03
13,889,2.4441923465e-03
13,890,3.6367001854e-03
13,891,7.4595894963e-03
13,892,-3.0499571747e-03
13,893,-6.2684111731e-03
13,894,-4.9268602316e-03
13,895,3.2897768790e-03
13,896,2.1932077887e-03
13,897,-6.9170735218e-03
13,898,4.1917983704e-03
13,899,-5.6121125828e-03
13,1872,8.8947433903e-03
13,1873,1.5284481174e-02
13,1874,1.9418765950e-02
13,1875,-2.8479593497e-05
13,1876,-4.2166709284e-05
13,1877,-7.8493330779e-03
13,2778,5.1879149433e-03
13,2779,3.4733941972e-03
13,2780,-2.2748251004e-03
13,2781,-7.2169630407e-03
13,2782,-4.3566043990e-03
13,2783,5.7273080780e-03
13,2928,5.2591691979e-03
13,2929,2.2691965774e-03
13,2930,-3.8663447125e-03
13,2931,7.5173617935e-03
13,2932,2.8269583111e-03
13,2933,6.3676440980e-03
13,3258,-9.3049579948e-03
13,3259,1.5875131547e-02
13,3260,-1.9877671873e-02
13,3261,-1.6496119785e-04
13,3262,2.4261793258e-04
13,3263,8.0260275897e-03
14,12,2.2419850378e-02
14,13,9.0014747512e-05
14,14,7.5525493592e-02
14,15,-1.8302486674e-04
14,16,-1.6094408300e-04
14,17,-3.7088968465e-02
14,888,4.4661922490e-04
14,889,-3.6349511352e-03
14,890,5.3995243617e-03
14,891,1.1118799734e-03
14,892,3.3509732678e-03
14,893,-4.4771464054e-03
14,894,-2.2109739551e-04
14,895,-2.0737690566e-03
14,896,4.3084635428e-03
14,897,-1.5411381357e-03
14,898,-1.6660115551e-03
14,899,-3.8410645243e-03
14,1872,-1.1300441367e-02
14,1873,-1.9416769703e-02
14,1874,-2.4664649853e-02
14,1875,4.6364716528e-05
14,1876,7.1063551674e-05
14,1877,9.9722205775e-03
14,2778,-2.7366615488e-04
14,2779,2.2975171689e-03
14,2780,4.9012620085e-03
14,2781,1.8016753011e-03
14,2782,-1.7227808610e-03
14,2783,-4.3717477830e-03
14,2928,5.8373599562e-04
14,2929,3.8689902360e-03
14,2930,5.4528130676e-03
14,2931,-9.9475603557e-04
14,2932,3.6126110562e-03
14,2933,-4.5274934982e-03
14,3258,-1.1655000680e-02
14,3259,1.9881854678e-02
14,3260,-2.4887713432e-02
14,3261,-2.6445037888e-04
14,3262,4.0250845294e-04
14,3263,1.0050994094e-02
15,12,-1.0583104899e-04
15,13,-5.6849771107e-04
15,14,-1.8302486674e-04
15,15,4.3163772241e-02
15,16,4.6577412405e-04
15,17,-2.5675958407e-04
15,888,-8.0514086543e-03
15,889,7.4516837351e-03
15,890,-1.1080714381e-03
15,891,9.5812750736e-03
15,892,-7.7716090027e-03
15,893,-4.3686165232e-03
15,894,6.9151186693e-03
15,895,-6.7995172710e-03
15,896,1.2830507137e-03
15,897,8.4974928618e-03
15,898,-7.5912430805e-03
15,899,4.4143690402e-03
15,1872,-2.4209437717e-05
15,1873,-4.5545062384e-05
15,1874,-6.8009277105e-05
15,1875,-1.0928515616e-03
15,1876,-1.8780090475e-03
15,1877,2.8101153461e-05
15,2778,-7.1580700733e-03
15,2779,-7.2435160534e-03
15,2780,-1.8580293332e-03
15,2781,8.5515998151e-03
15,2782,7.7988649442e-03
15,2783,-3.9646761521e-03
15,2928,8.2498722957e-03
15,2929,7.5308094843e-03
15,2930,1.0019361263e-03
15,2931,9.7818254728e-03
15,2932,7.7792453326e-03
15,2933,4.3913536118e-03
15,3258,1.7452824924e-04
15,3259,-3.2050344340e-04
15,3260,4.5959956555e-04
15,3261,-1.2420598181e-03
15,3262,2.1195893700e-03
15,3263,-1.9314895875e-04
16,12,-5.6849771107e-04
16,13,-2.7169865864e-04
16,14,-1.6094408300e-04
16,15,4.6577412405e-04
16,16,3.3737025988e-02
16,17,-2.2608328626e-03
16,888,-5.6131101287e-03
16,889,3.0505538056e-03
16,890,3.3466175266e-03
16,891,7.7733880323e-03
16,892,-3.7328293220e-03
16,893,-6.0389479001e-03
16,894,5.6890195630e-03
16,895,-4.2233414477e-03
16,896,-1.7977187385e-03
16,897,7.7499754497e-03
16,898,-5.2280815870e-03
16,899,5.7668154849e-03
16,1872,3.7625800271e-05
16,1873,7.1429502473e-05
16,1874,1.0817331563e-04
16,1875,1.8778992446e-03
16,1876,3.2269407339e-03
16,1877,-4.5526860501e-05
16,2778,5.7668500975e-03
16,2779,4.3365252446e-03
16,2780,-1.7000847661e-03
16,2781,-7.7480381749e-03
16,2782,-5.2607340136e-03
16,2783,5.5515991370e-03
16,2928,-5.5870951705e-03
16,2929,-2.8250291198e-03
16,2930,3.6198570227e-03
16,2931,-7.7748021136e-03
16,2932,-3.4644684429e-03
16,2933,-6.1118921875e-03
16,3258,2.7520754956e-04
16,3259,-5.0830013207e-04
16,3260,7.3581848747e-04
16,3261,-2.1190503080e-03
16,3262,3.6158725537e-03
16,3263,-3.1466277092e-04
17,12,8.2319239878e-03
17,13,3.7469347461e-04
17,14,-3.7088968465e-02
17,15,-2.5675958407e-04
17,16,-2.2608328626e-03
17,17,3.7803254291e-02
17,888,-4.5454859172e-03
17,889,6.2593774636e-03
17,890,-4.4791073631e-03
17,891,4.3572062981e-03
17,892,-6.0366183640e-03
17,893,4.3615459009e-04
17,894,-4.2353582293e-03
17,895,5.5559729433e-03
17,896,-3.6374466475e-03
17,897,-4.4290309455e-03
17,898,5.6999760989e-03
17,899,-5.0853720864e-04
17,1872,4.5626239350e-03
17,1873,7.8405611166e-03
17,1874,9.9620568724e-03
17,1875,-2.4007691564e-05
17,1876,-3.8525500599e-05
17,1877,-4.2570720862e-03
17,2778,-4.0736486889e-03
17,2779,-5.7211024596e-03
17,2780,-4.4065443874e-03
17,2781,3.9461945668e-03
17,2782,5.5549005771e-03
17,2783,2.9151859698e-04
17,2928,-4.6384546297e-03
17,2929,-6.3815110159e-03
17,2930,-4.5251554534e-03
17,2931,-4.4089464555e-03
17,2932,-6.1151764591e-03
17,2933,5.3154045908e-04
17,3258,4.6983995423e-03
17,3259,-8.0148074978e-03
17,3260,1.0032638319e-02
17,3261,1.6098378796e-04
17,3262,-2.5967679766e-04
17,3263,-4.3340914075e-03
18,18,3.4604191269e-02
18,19,-8.3726219212e-04
18,20,9.0433762281e-03
18,21,-3.9165566846e-03
18,22,6.4337497942e-04
18,23,1.6209891941e-02
18,606,-7.7444357967e-03
18,607,8.9827510710e-03
18,608,-3.9101474146e-03
18,609,4.7366863993e-03
18,610,-3.8761002788e-03
18,611,1.8676524454e-03
18,978,-5.6694192480e-03
18,979,-7.5083781800e-03
18,980,-5.1170713017e-03
18,981,-4.9064571039e-03
18,982,-5.8909939683e-03
18,983,2.3351471216e-04
18,1476,-5.5223057487e-03
18,1477,7.0396666080e-03
18,1478,-4.2741996570e-03
18,1479,-4.6207294395e-03
18,1480,5.2475830847e-03
18,1481,6.1121955142e-04
18,2286,-6.4111408147e-03
18,2287,-8.2433776546e-03
18,2288,-5.1394243418e-03
18,2289,5.0543649565e-03
18,2290,5.6242524375e-03
18,2291,6.2590708570e-04
18,3618,-5.1775578272e-03
18,3619,1.4675193835e-04
18,3620,4.5178060660e-03
18,3621,-8.8257997033e-03
18,3622,2.4198262700e-04
18,3623,-1.1029155889e-02
18,3708,-4.0793318341e-03
18,3709,-1.6491052442e-03
18,3710,3.1634580297e-03
18,3711,6.5316323896e-03
18,3712,2.5421850008e-03
18,3713,-7.1482387594e-03
19,18,-8.3726219212e-04
19,19,4.3210986958e-02
19,20,-2.2593469550e-03
19,21,6.4337497942e-04
19,22,-8.0146638213e-03
19,23,-1.0186425938e-03
19,606,-8.6802408948e-03
19,607,9.1883894576e-03
19,608,-2.1007690976e-03
19,609,7.0361281909e-03
19,610,-5.8095911604e-03
19,611,-2.6866559358e-04
19,978,7.3587518185e-03
19,979,9.4229880961e-03
19,980,5.6862320913e-03
19,981,7.0137410528e-03
19,982,8.2216890424e-03
19,983,9.4563201470e-04
19,1476,-6.9502551757e-03
19,1477,8.4747902518e-03
19,1478,-4.2814572884e-03
19,1479,-6.4800689846e-03
19,1480,7.1292973067e-03
19,1481,-4.7403693440e-04
19,2286,8.2398399817e-03
19,2287,1.0184496352e-02
19,2288,5.4259912688e-03
19,2289,-7.3707408680e-03
19,2290,-8.0297545484e-03
19,2291,7.3748420943e-04
19,3618,2.0271861129e-04
19,3619,-1.1810220460e-03
19,3620,-1.0239955970e-04
19,3621,3.3709130135e-04
19,3622,-2.0126408109e-03
19,3623,3.9955092660e-04
19,3708,6.6644785101e-04
19,3709,-3.4566012663e-04
19,3710,-1.0728190954e-03
19,3711,-1.1704482048e-03
19,3712,5.2772627622e-04
19,3713,1.5378850897e-03
20,18,9.0433762281e-03
20,19,-2.2593469550e-03
20,20,3.7086616932e-02
20,21,-4.5169437159e-03
20,22,-2.1096318389e-04
20,23,-3.3778648845e-02
20,606,-3.2686465751e-03
20,607,1.5862756675e-03
20,608,3.9685396410e-03
20,609,6.3276936389e-03
20,610,-5.1323946106e-03
20,611,-5.5162088112e-03
20,978,-4.7235831428e-03
20,979,-5.3192015831e-03
20,980,-1.5083358355e-03
20,981,-5.9607690974e-03
20,982,-6.5451496724e-03
20,983,-3.5029645307e-03
20,1476,-4.0508717881e-03
20,1477,4.0799141019e-03
20,1478,-7.2301866696e-05
20,1479,-5.2596457218e-03
20,1480,5.2847979615e-03
20,1481,-3.1303943782e-03
20,2286,-5.1303861175e-03
20,2287,-5.4177120772e-03
20,2288,-7.4960588794e-04
20,2289,6.5583694429e-03
20,2290,6.7532773105e-03
20,2291,-4.0495443087e-03
20,3618,4.4162411840e-03
20,3619,-2.2278446771e-05
20,3620,-4.1268028015e-03
20,3621,7.5287809373e-03
20,3622,-3.2741912113e-05
20,3623,9.4102226594e-03
20,3708,3.7138702112e-03
20,3709,1.7260585019e-03
20,3710,-2.7696818393e-03
20,3711,-5.9087133678e-03
20,3712,-2.6728503045e-03
20,3713,6.3700437638e-03
21,18,-3.9165566846e-03
21,19,6.4337497942e-04
21,20,-4.5169437159e-03
21,21,5.0152137090e-02
21,22,-1.7783135837e-03
21,23,-1.0058944268e-02
21,606,-5.6289735525e-03
21,607,7.9794875125e-03
21,608,-6.6039614938e-03
21,609,5.9096499089e-04
21,610,-3.9657355190e-04
21,611,5.2577973376e-03
21,978,5.6697408130e-03
21,979,8.0549330047e-03
21,980,6.7346444262e-03
21,981,3.8113093414e-03
21,982,4.9132098932e-03
21,983,-2.3533539052e-03
21,1476,5.4079212526e-03
21,1477,-7.4981120483e-03
21,1478,5.9080828370e-03
21,1479,3.4793080157e-03
21,1480,-4.3114449375e-03
21,1481,-2.5551078150e-03
21,2286,-3.8497147527e-03
21,2287,-5.7873814073e-03
21,2288,-5.4938622408e-03
21,2289,1.2446503697e-03
21,2290,1.7354072169e-03
21,2291,3.5319885722e-03
21,3618,8.8334318586e-03
21,3619,-2.5809514201e-04
21,3620,-7.7073399340e-03
21,3621,1.5055359721e-02
21,3622,-4.2594254431e-04
21,3623,1.8807822328e-02
21,3708,-6.5158489345e-03
21,3709,-2.7349928616e-03
21,3710,4.9617268741e-03
21,3711,1.0414065552e-02
21,3712,4.2145464048e-03
21,3713,-1.1350362225e-02
22,18,6.4337497942e-04
22,19,-8.0146638213e-03
22,20,-2.1096318389e-04
22,21,-1.7783135837e-03
22,22,3.1194330962e-02
22,23,1.5535224686e-03
22,606,-4.7584635705e-03
22,607,6.5055687677e-03
22,608,-4.8130284939e-03
22,609,9.6923356365e-04
22,610,-9.9224384507e-04
22,611,4.3711446487e-03
22,978,-6.7768376026e-03
22,979,-9.3611574086e-03
22,980,-7.2323127033e-03
22,981,-5.0883324529e-03
22,982,-6.3972831928e-03
22,983,1.8933052314e-03
22,1476,6.1796765736e-03
22,1477,-8.2609586634e-03
22,1478,5.8378465669e-03
22,1479,4.5054106668e-03
22,1480,-5.4030211932e-03
22,1481,-2.0414433359e-03
22,2286,4.1083477565e-03
22,2287,6.1124794785e-03
22,2288,5.6317962234e-03
22,2289,-1.4630850011e-03
22,2290,-2.0666497281e-03
22,2291,-3.7500004883e-03
22,3618,-3.5388521737e-04
22,3619,2.0154716598e-03
22,3620,1.8012320628e-04
22,3621,-5.8870325766e-04
22,3622,3.4341264365e-03
22,3623,-6.9842919841e-04
22,3708,9.5778708086e-04
22,3709,-5.7877479910e-04
22,3710,-1.6295158187e-03
22,3711,-1.6955861026e-03
22,3712,8.8197044416e-04
22,3713,2.2579134846e-03
23,18,1.6209891941e-02
23,19,-1.0186425938e-03
23,20,-3.3778648845e-02
23,21,-1.0058944268e-02
23,22,1.5535224686e-03
23,23,6.2942543030e-02
23,606,1.2253259288e-03
23,607,9.3611129509e-04
23,608,-5.7667380820e-03
23,609,-5.3844768475e-03
23,610,5.0253073893e-03
23,611,4.9924705718e-03
23,978,-1.1032014987e-03
23,979,-2.6822833242e-03
23,980,-4.6647483927e-03
23,981,1.4948597936e-03
23,982,1.1353193233e-03
23,983,4.5738259148e-03
23,1476,-8.4625493166e-04
23,1477,2.4019468669e-03
23,1478,-4.4925885220e-03
23,1479,1.5817695862e-03
23,1480,-1.1100931097e-03
23,1481,4.1796594406e-03
23,2286,2.6655618892e-03
23,2287,2.3029070923e-03
23,2288,-1.2052780613e-03
23,2289,-4.5053732574e-03
23,2290,-4.7519453742e-03
23,2291,3.4771523980e-03
23,3618,-1.1058534840e-02
23,3619,3.4289892091e-04
23,3620,9.6475194724e-03
23,3621,-1.8841642763e-02
23,3622,5.6679017131e-04
23,3623,-2.3521906005e-02
23,3708,-7.0927884880e-03
23,3709,-3.2277082740e-03
23,3710,5.1720912358e-03
23,3711,1.1289395545e-02
23,3712,4.9694866639e-03
23,3713,-1.2187804966e-02
24,24,3.7057338387e-02
24,25,-1.6656823615e-03
24,26,3.2748747082e-02
24,27,-6.4045224063e-03
24,28,-1.4184567007e-03
24,29,3.2716180773e-02
24,636,-7.6575652276e-03
24,637,1.2642035361e-03
24,638,1.3047945087e-03
24,639,1.1767889528e-02
24,640,-2.6440468925e-03
24,641,-1.1741616605e-02
24,924,-7.0722975935e-03
24,925,1.2038743257e-02
24,926,-1.5004631033e-02
24,927,3.1561173473e-03
24,928,-5.4301108321e-03
24,929,1.9725225389e-03
24,3012,-3.4094354793e-03
24,3013,4.0319767028e-03
24,3014,-1.8916633805e-03
24,3015,4.7193122425e-03
24,3016,-5.3760124202e-03
24,3017,-3.6310843122e-03
25,24,-1.6656823615e-03
25,25,6.6990067885e-02
25,26,-4.7939888625e-03
25,27,-1.4184567007e-03
25,28,-1.5607901472e-02
25,29,-1.4739257512e-03
25,636,3.6565776747e-03
25,637,-5.6214736781e-03
25,638,1.2293025490e-03
25,639,-6.1790092082e-03
25,640,9.0661562126e-03
25,641,7.5300664199e-03
25,924,-1.2038087120e-02
25,925,2.0490022862e-02
25,926,-2.5533656262e-02
25,927,5.3144054126e-03
25,928,-9.1437576670e-03
25,929,3.4151688579e-03
25,3012,-4.2487661989e-03
25,3013,4.7295536268e-03
25,3014,-1.5772343498e-03
25,3015,6.0616682530e-03
25,3016,-6.5046470207e-03
25,3017,-5.0838316976e-03
26,24,3.2748747082e-02
26,25,-4.7939888625e-03
26,26,9.4200308706e-02
26,27,-1.0205840579e-02
26,28,-3.9673718956e-03
26,29,-1.3391621208e-02
26,636,2.1281080992e-03
26,637,5.0064179543e-03
26,638,-5.6285398725e-03
26,639,-2.6727834519e-03
26,640,-7.9253160728e-03
26,641,1.1686379608e-03
26,924,-1.5002133805e-02
26,925,2.5530797734e-02
26,926,-3.1804090556e-02
26,927,6.4750494661e-03
26,928,-1.1141517333e-02
26,929,4.4031566162e-03
26,3012,-2.3991124038e-03
26,3013,2.0151142185e-03
26,3014,8.1715533936e-04
26,3015,3.8239674742e-03
26,3016,-3.2260854335e-03
26,3017,-4.1218284744e-03
27,24,-6.4045224063e-03
27,25,-1.4184567007e-03
27,26,-1.0205840579e-02
27,27,6.7815088164e-02
27,28,-3.0121474157e-03
27,29,-2.1282180981e-02
27,636,-1.1630463476e-02
27,637,1.1550029955e-03
27,638,2.2641894504e-03
27,639,1.7784475274e-02
27,640,-2.8254066276e-03
27,641,-1.7527996224e-02
27,924,2.8781893902e-03
27,925,-4.9586844846e-03
27,926,6.3321646322e-03
27,927,-5.3009696020e-03
27,928,9.0734493283e-03
27,929,3.2052625906e-03
27,3012,-4.4519035878e-03
27,3013,5.5150230575e-03
27,3014,-3.1317477251e-03
27,3015,6.0074183741e-03
27,3016,-7.1829837551e-03
27,3017,-4.2619451097e-03
28,24,-1.4184567007e-03
28,25,-1.5607901472e-02
28,26,-3.9673718956e-03
28,27,-3.0121474157e-03
28,28,8.6885529426e-02
28,29,1.8631493528e-05
28,636,4.9420552818e-03
28,637,-8.0716910276e-03
28,638,1.3882859961e-03
28,639,-8.4024455636e-03
28,640,1.2943260603e-02
28,641,1.0346975359e-02
28,924,4.8395425719e-03
28,925,-8.3383410339e-03
28,926,1.0649275434e-02
28,927,-8.9729387670e-03
28,928,1.5357428820e-02
28,929,5.4196536099e-03
28,3012,-5.3257010975e-03
28,3013,6.2247523102e-03
28,3014,-2.7414636221e-03
28,3015,7.4145520035e-03
28,3016,-8.3572324551e-03
28,3017,-5.7968329911e-03
29,24,3.2716180773e-02
29,25,-1.4739257512e-03
29,26,-1.3391621208e-02
29,27,-2.1282180981e-02
29,28,1.8631493528e-05
29,29,8.6832667667e-02
29,636,-1.1288273991e-02
29,637,-7.3478290671e-04
29,638,2.8063075239e-03
29,639,1.7045585262e-02
29,640,1.3683554991e-04
29,641,-1.6272050168e-02
29,924,1.9721568740e-03
29,925,-3.3031040570e-03
29,926,3.9781828041e-03
29,927,2.7749633547e-03
29,928,-4.7617764907e-03
29,929,-6.4784562700e-03
29,3012,-2.8968457880e-03
29,3013,4.1563839868e-03
29,3014,-3.5574394034e-03
29,3015,3.5575643437e-03
29,3016,-5.0339590127e-03
29,3017,-1.6925340424e-03
30,30,3.4675672791e-02
30,31,-9.1799680746e-05
30,32,7.9605569956e-03
30,33,3.8022295608e-04
30,34,1.4314128442e-04
30,35,1.9707511191e-02
30,2010,-4.8161347038e-03
30,2011,-9.4660276732e-05
30,2012,4.3819202731e-03
30,2013,8.2257067157e-03
30,2014,1.5869391557e-04
30,2015,-1.0320238660e-02
30,2352,-6.5195530869e-03
30,2353,7.7315753822e-03
30,2354,-3.6645843177e-03
30,2355,-5.4815030180e-03
30,2356,5.4704658883e-03
30,2357,2.5257652660e-04
30,2430,-6.1089885736e-03
30,2431,7.4405519452e-03
30,2432,-3.8847003966e-03
30,2433,5.2749154751e-03
30,2434,-5.5530707555e-03
30,2435,1.1225457935e-04
30,2946,-6.2132717986e-03
30,2947,-7.6161114202e-03
30,2948,-4.0660104299e-03
30,2949,5.4510083741e-03
30,2950,5.8100598094e-03
30,2951,-4.7722543615e-05
30,3480,-6.2992090342e-03
30,3481,-7.8093138681e-03
30,3482,-4.3318689566e-03
30,3483,-5.1803214325e-03
30,3484,-5.5267932566e-03
30,3485,4.6336355832e-04
30,3738,-4.7185155940e-03
30,3739,2.5675188318e-05
30,3740,4.3297921003e-03
30,3741,-8.0419643784e-03
30,3742,5.0934701801e-05
30,3743,-1.0046231994e-02
31,30,-9.1799680746e-05
31,31,4.2280211592e-02
31,32,-2.1913172257e-04
31,33,1.4314128442e-04
31,34,8.0439885821e-04
31,35,-1.4590797586e-04
31,2010,-3.4416916411e-06
31,2011,-8.9130496411e-04
31,2012,-3.6038058644e-05
31,2013,2.9157436824e-06
31,2014,1.5222420035e-03
31,2015,3.9388303806e-06
31,2352,-7.9395297373e-03
31,2353,8.8230591303e-03
31,2354,-2.8916290250e-03
31,2355,-7.6442396740e-03
31,2356,7.3127643541e-03
31,2357,-1.5138749965e-03
31,2430,-7.5162388186e-03
31,2431,8.6451245383e-03
31,2432,-3.3921973380e-03
31,2433,7.3395643161e-03
31,2434,-7.4270954173e-03
31,2435,-1.5021294896e-03
31,2946,7.6408341609e-03
31,2947,8.8549558996e-03
31,2948,3.5995013389e-03
31,2949,-7.5672159876e-03
31,2950,-7.7554416792e-03
31,2951,1.7531923055e-03
31,3480,7.8076209362e-03
31,3481,9.1859631605e-03
31,3482,4.0014846610e-03
31,3483,7.3156378918e-03
31,3484,7.5538471297e-03
31,3485,1.0711676250e-03
31,3738,1.0255483124e-04
31,3739,-8.5504057243e-04
31,3740,-8.3709377450e-05
31,3741,1.8202324274e-04
31,3742,-1.4574768948e-03
31,3743,2.4592175670e-04
32,30,7.9605569956e-03
32,31,-2.1913172257e-04
32,32,3.6414083566e-02
32,33,4.6957989397e-04
32,34,3.2146243392e-04
32,35,-3.7296285949e-02
32,2010,4.3923168527e-03
32,2011,8.4906074985e-05
32,2012,-4.1613013145e-03
32,2013,-7.5018526796e-03
32,2014,-1.4278625340e-04
32,2015,9.4120782128e-03
32,2352,-4.1437850446e-03
32,2353,3.3007694044e-03
32,2354,1.8951565425e-03
32,2355,-6.1222639536e-03
32,2356,5.1704362747e-03
32,2357,-4.9431939234e-03
32,2430,-4.0641293083e-03
32,2431,3.5484943627e-03
32,2432,1.1899551558e-03
32,2433,5.8464405103e-03
32,2434,-5.2673893094e-03
32,2435,-4.5557923099e-03
32,2946,-4.1248801076e-03
32,2947,-3.6509371288e-03
32,2948,1.1102706310e-03
32,2949,5.9940721806e-03
32,2950,5.4722859556e-03
32,2951,-4.8111264724e-03
32,3480,-4.3277775634e-03
32,3481,-3.9978731331e-03
32,3482,7.7573230779e-04
32,3483,-6.0391016174e-03
32,3484,-5.6844307654e-03
32,3485,-4.3690264836e-03
32,3738,4.3076981755e-03
32,3739,1.8088020928e-05
32,3740,-4.1080636027e-03
32,3741,7.3414393849e-03
32,3742,2.5449393587e-05
32,3743,9.1702060866e-03
33,30,3.8022295608e-04
33,31,1.4314128442e-04
33,32,4.6957989397e-04
33,33,5.3481457067e-02
33,34,-2.2613463866e-04
33,35,7.0842026595e-04
33,2010,-8.2274846162e-03
33,2011,-1.6463907281e-04
33,2012,7.4855799963e-03
33,2013,1.4049888149e-02
33,2014,2.7605874413e-04
33,2015,-1.7621629675e-02
33,2352,5.3980579167e-03
33,2353,-7.4453086973e-03
33,2354,5.8018943149e-03
33,2355,2.8279927402e-03
33,2356,-3.3783738290e-03
33,2357,-3.4251039899e-03
33,2430,-5.3894160596e-03
33,2431,7.4279580549e-03
33,2432,-5.7796999003e-03
33,2433,3.2093665887e-03
33,2434,-3.8858350076e-03
33,2435,2.8875144398e-03
33,2946,-5.4235541634e-03
33,2947,-7.5182333140e-03
33,2948,-5.9342049793e-03
33,2949,3.2838006708e-03
33,2950,4.0277094001e-03
33,2951,2.8507023682e-03
33,3480,5.2211639790e-03
33,3481,7.3674400932e-03
33,3482,6.0704706337e-03
33,3483,2.6672749580e-03
33,3484,3.3002302103e-03
33,3485,-3.3750117385e-03
33,3738,8.0410099874e-03
33,3739,-3.6541532579e-05
33,3740,-7.3786585884e-03
33,3741,1.3702374186e-02
33,3742,-7.4495198608e-05
33,3743,1.7111476331e-02
34,30,1.4314128442e-04
34,31,8.0439885821e-04
34,32,3.2146243392e-04
34,33,-2.2613463866e-04
34,34,3.0669062000e-02
34,35,3.4682433651e-04
34,2010,-8.8025147371e-06
34,2011,-1.5226909353e-03
34,2012,-5.9389151207e-05
34,2013,9.9719073551e-06
34,2014,2.6001601053e-03
34,2015,4.6780037665e-07
34,2352,5.5899219610e-03
34,2353,-7.4096006561e-03
34,2354,5.1268220679e-03
34,2355,3.4189156559e-03
34,2356,-3.9517264677e-03
34,2357,-2.8521985259e-03
34,2430,-5.7868438366e-03
34,2431,7.6615819787e-03
34,2432,-5.2859401702e-03
34,2433,3.9693015263e-03
34,2434,-4.6346823099e-03
34,2435,2.2697561330e-03
34,2946,5.8053179832e-03
34,2947,7.7400270802e-03
34,2948,5.4452808260e-03
34,2949,-4.0339590419e-03
34,2950,-4.7746008395e-03
34,2951,-2.2165159314e-03
34,3480,-5.5752700181e-03
34,3481,-7.6117138290e-03
34,3482,-5.7114925227e-03
34,3483,-3.3106849617e-03
34,3484,-3.9891996792e-03
34,3485,2.9600244285e-03
34,3738,-1.6746485915e-04
34,3739,1.4569121290e-03
34,3740,1.3711950830e-04
34,3741,-2.9769701036e-04
34,3742,2.4829915633e-03
34,3743,-4.0333822701e-04
35,30,1.9707511191e-02
35,31,-1.4590797586e-04
35,32,-3.7296285949e-02
35,33,7.0842026595e-04
35,34,3.4682433651e-04
35,35,7.2458264055e-02
35,2010,-1.0327105511e-02
35,2011,-2.1416702603e-04
35,2012,9.3955378672e-03
35,2013,1.7629547932e-02
35,2014,3.5922151543e-04
35,2015,-2.2096110591e-02
35,2352,3.5376935558e-04
35,2353,1.5128137424e-03
35,2354,-5.0920847704e-03
35,2355,3.4644611800e-03
35,2356,-2.6728655521e-03
35,2357,5.4910494855e-03
35,2430,-8.6329619726e-05
35,2431,1.8091811868e-03
35,2432,-4.8176612685e-03
35,2433,-2.7744673348e-03
35,2434,2.1028037787e-03
35,2435,5.1604469637e-03
35,2946,7.8267857322e-06
35,2947,-1.6887900568e-03
35,2948,-4.7716491703e-03
35,2949,-2.8846584701e-03
35,2950,-2.2295179680e-03
35,2951,5.2951827295e-03
35,3480,3.8688808413e-04
35,3481,-1.1784107394e-03
35,3482,-4.4570561997e-03
35,3483,3.3326967917e-03
35,3484,2.9196878814e-03
35,3485,5.0944431010e-03
35,3738,-1.0042560286e-02
35,3739,2.7161608189e-05
35,3740,9.2155516651e-03
35,3741,-1.7107250738e-02
35,3742,6.1525772362e-05
35,3743,-2.1348112616e-02
36,36,3.4684904242e-02
36,37,-3.4157914388e-06
36,38,1.8139823192e-02
36,39,1.2869512910e-04
36,40,5.5963762179e-04
36,41,8.1376455699e-03
36,726,-5.5865317784e-03
36,727,-4.0179859906e-03
36,728,1.6412758126e-03
36,729,-7.4416727536e-03
36,730,-4.7727227999e-03
36,731,-5.1402648501e-03
36,774,-6.0177434523e-03
36,775,4.6364542993e-03
36,776,1.0751011171e-03
36,777,7.7334471194e-03
36,778,-5.2146132452e-03
36,779,-4.7977358522e-03
36,3672,-4.8167716143e-03
36,3673,8.0832327479e-03
36,3674,-9.7833602844e-03
36,3675,2.2270315722e-04
36,3676,-3.2145071217e-04
36,3677,4.3578068819e-03
36,3696,-6.3334960099e-03
36,3697,-5.4800216144e-03
36,3698,2.9584678404e-05
36,3699,7.6213512861e-03
36,3700,5.6603374852e-03
36,3701,-3.7930648859e-03
36,3756,-6.4121452710e-03
36,3757,5.8151887782e-03
36,3758,-3.3159387088e-04
36,3759,-7.4572627214e-03
36,3760,5.7921589381e-03
36,3761,-3.2592304984e-03
36,3822,-5.5182161165e-03
36,3823,-9.0107861420e-03
36,3824,-1.0296642887e-02
36,3825,-8.9889979389e-04
36,3826,-1.3324913392e-03
36,3827,4.5988561226e-03
37,36,-3.4157914388e-06
37,37,5.1480483140e-02
37,38,6.3344077215e-04
37,39,5.5963762179e-04
37,40,5.4319166243e-04
37,41,-2.9312602489e-04
37,726,4.0693393825e-03
37,727,1.6834999546e-03
37,728,-3.1950324711e-03
37,729,6.0060858359e-03
37,730,2.2414542375e-03
37,731,5.4880053597e-03
37,774,-4.7867794265e-03
37,775,2.2278914144e-03
37,776,3.3707443673e-03
37,777,6.8822483324e-03
37,778,-2.8344755717e-03
37,779,-5.9161088569e-03
37,3672,-8.0860047278e-03
37,3673,1.3565962187e-02
37,3674,-1.6410318522e-02
37,3675,4.2547058337e-04
37,3676,-6.2607856834e-04
37,3677,7.3101960043e-03
37,3696,5.5953498541e-03
37,3697,3.3083606661e-03
37,3698,-2.9920728781e-03
37,3699,-7.6464153022e-03
37,3700,-3.9461698697e-03
37,3701,5.8084549374e-03
37,3756,-5.8009644470e-03
37,3757,3.8217032931e-03
37,3758,2.6185701752e-03
37,3759,-7.7188153887e-03
37,3760,4.4481122916e-03
37,3761,-5.4771755394e-03
37,3822,9.0124751562e-03
37,3823,1.4701554296e-02
37,3824,1.6761689075e-02
37,3825,1.6028150172e-03
37,3826,2.3937715179e-03
37,3827,-7.4618876150e-03
38,36,1.8139823192e-02
38,37,6.3344077215e-04
38,38,6.3030124160e-02
38,39,4.6301158721e-04
38,40,9.2537924531e-04
38,41,-3.5549854727e-02
38,726,1.5258570947e-03
38,727,3.1224882909e-03
38,728,2.5317179640e-03
38,729,1.0790204472e-03
38,730,3.4317122631e-03
38,731,-1.4974175357e-03
38,774,8.6529106712e-04
38,775,-3.2637974672e-03
38,776,3.9653639997e-03
38,777,1.8771475681e-04
38,778,3.2444751279e-03
38,779,-3.1334821181e-03
38,3672,-9.7937055286e-03
38,3673,1.6422044765e-02
38,3674,-1.9842464028e-02
38,3675,6.4655749071e-04
38,3676,-9.7806788972e-04
38,3677,8.8399337579e-03
38,3696,-1.2313010569e-04
38,3697,2.9218172237e-03
38,3698,5.4884826480e-03
38,3699,1.9523605731e-03
38,3700,-2.1706292116e-03
38,3701,-5.0598088314e-03
38,3756,-3.1142131182e-04
38,3757,-2.6289901562e-03
38,3758,5.5647814298e-03
38,3759,-2.3291734115e-03
38,3760,-1.5158630069e-03
38,3761,-5.4206672739e-03
38,3822,-1.0302714407e-02
38,3823,-1.6768441497e-02
38,3824,-1.9023276772e-02
38,3825,-2.1702431633e-03
38,3826,-3.2818270274e-03
38,3827,8.4037587135e-03
39,36,1.2869512910e-04
39,37,5.5963762179e-04
39,38,4.6301158721e-04
39,39,4.2941213533e-02
39,40,-2.6244743635e-04
39,41,-1.9667705145e-04
39,726,7.4592565992e-03
39,727,5.9390084731e-03
39,728,-1.2681672945e-03
39,729,9.6638868546e-03
39,730,6.9414676195e-03
39,731,6.0519752228e-03
39,774,-7.7171236469e-03
39,775,6.6930401793e-03
39,776,9.1297388453e-05
39,777,9.5412601766e-03
39,778,-7.3577554482e-03
39,779,-5.0718557278e-03
39,3672,-5.3551372743e-04
39,3673,9.5089226137e-04
39,3674,-1.2836481282e-03
39,3675,-8.8488942792e-04
39,3676,1.4883687776e-03
39,3677,5.7853103387e-04
39,3696,-7.5962799438e-03
39,3697,-7.5125258787e-03
39,3698,-1.7829527613e-03
39,3699,8.5787362840e-03
39,3700,7.4334759765e-03
39,3701,-3.0366123329e-03
39,3756,7.5126916756e-03
39,3757,-7.7682887418e-03
39,3758,2.3251639373e-03
39,3759,8.0897041136e-03
39,3760,-7.3097433424e-03
39,3761,2.1347822960e-03
39,3822,7.4827391421e-04
39,3823,1.3582757102e-03
39,3824,1.8942936281e-03
39,3825,-1.1484953913e-03
39,3826,-1.8715289992e-03
39,3827,-1.0863444301e-03
40,36,5.5963762179e-04
40,37,5.4319166243e-04
40,38,9.2537924531e-04
40,39,-2.6244743635e-04
40,40,3.0835470444e-02
40,41,1.1959979877e-03
40,726,-4.8517774084e-03
40,727,-2.2476641046e-03
40,728,3.5368025932e-03
40,729,-7.0461663108e-03
40,730,-2.9586910552e-03
40,731,-6.1756487611e-03
40,774,-5.4024322771e-03
40,775,2.8843016064e-03
40,776,3.3291069939e-03
40,777,7.5806200661e-03
40,778,-3.6033871733e-03
40,779,-6.0991401133e-03
40,3672,-8.4720642505e-04
40,3673,1.5090107642e-03
40,3674,-2.0482201898e-03
40,3675,-1.4821358165e-03
40,3676,2.4918461508e-03
40,3677,9.3246531136e-04
40,3696,5.7897418741e-03
40,3697,4.0012491243e-03
40,3698,-2.1811802458e-03
40,3699,-7.5657605213e-03
40,3700,-4.5878573067e-03
40,3701,5.0056497743e-03
40,3756,5.8379392425e-03
40,3757,-4.4721961668e-03
40,3758,-1.5571347746e-03
40,3759,7.3429214588e-03
40,3760,-4.9352828714e-03
40,3761,4.3185381557e-03
40,3822,-1.0859026277e-03
40,3823,-1.9939261465e-03
40,3824,-2.8318508084e-03
40,3825,1.8796677747e-03
40,3826,3.0572201806e-03
40,3827,1.6817915940e-03
41,36,8.1376455699e-03
41,37,-2.9312602489e-04
41,38,-3.5549854727e-02
41,39,-1.9667705145e-04
41,40,1.1959979877e-03
41,41,3.7913602061e-02
41,726,-5.1879475896e-03
41,727,-5.4453792405e-03
41,728,-1.2913085529e-03
41,729,-6.0973963040e-03
41,730,-6.1052133743e-03
41,731,-2.3642502397e-03
41,774,-4.7559238883e-03
41,775,5.8070771183e-03
41,776,-2.9345817110e-03
41,777,5.0334177026e-03
41,778,-6.0019866658e-03
41,779,-7.1632569789e-04
41,3672,4.3007307233e-03
41,3673,-7.2042596144e-03
41,3674,8.6859473513e-03
41,3675,-4.2498194128e-04
41,3676,6.7471184559e-04
41,3677,-4.0393480117e-03
41,3696,-3.7350421935e-03
41,3697,-5.7523891029e-03
41,3698,-4.9986126723e-03
41,3699,2.9867819780e-03
41,3700,4.9918153347e-03
41,3701,1.7699313063e-03
41,3756,-3.3818457121e-03
41,3757,5.5689780227e-03
41,3758,-5.3906041268e-03
41,3759,-2.2366938733e-03
41,3760,4.3396868773e-03
41,3761,2.6267821647e-03
41,3822,4.6223830902e-03
41,3823,7.5066057942e-03
41,3824,8.4706940489e-03
41,3825,1.1381685197e-03
