0,0,3.3873681480e-02
0,1,-4.1688814983e-03
0,2,1.1323653436e-02
0,3,2.9026241919e-04
0,4,1.3631354657e-03
0,5,7.5621397493e-03
0,1062,-6.1847332821e-03
0,1063,-1.0055620457e-02
0,1064,-1.1377577558e-02
0,1065,-6.2876801024e-04
0,1066,-8.6447698653e-04
0,1067,4.9626662849e-03
0,1260,-6.0619872845e-03
0,1261,-2.3392009376e-03
0,1262,4.0061412219e-03
0,1263,-8.4395579723e-03
0,1264,-2.6673921437e-03
0,1265,-6.6042821751e-03
0,3522,-8.2048928395e-03
0,3523,8.8735232727e-03
0,3524,-2.7882930265e-03
0,3525,-5.0782206711e-03
0,3526,3.5976051041e-03
0,3527,2.0277834606e-03
0,3642,-7.4421092925e-03
0,3643,-4.0442304228e-03
0,3644,3.0562882815e-03
0,3645,9.4281998991e-03
0,3646,3.9827157911e-03
0,3647,-5.6119898191e-03
0,3780,-5.9799587815e-03
0,3781,6.2939779706e-03
0,3782,-1.7034106457e-03
0,3783,6.2533699951e-03
0,3784,-5.6807003775e-03
0,3785,-1.6547414468e-03
1,0,-4.1688814983e-03
1,1,4.5021970023e-02
1,2,-1.4784787199e-02
1,3,1.3631354657e-03
1,4,1.5432038253e-03
1,5,-1.9152795912e-04
1,1062,1.0095655160e-02
1,1063,1.6397735387e-02
1,1064,1.8511843614e-02
1,1065,1.1743893617e-03
1,1066,1.6501030493e-03
1,1067,-8.0671640483e-03
1,1260,3.5869516148e-03
1,1261,-3.5509841041e-04
1,1262,-3.8711901850e-03
1,1263,5.6430072519e-03
1,1264,-5.9253226327e-04
1,1265,5.9288901593e-03
1,3522,-8.5139588906e-03
1,3523,8.0273099735e-03
1,3524,-3.8548158901e-05
1,3525,-7.2901648547e-03
1,3526,5.1878011267e-03
1,3527,-6.9233138711e-04
1,3642,5.1100705940e-03
1,3643,1.8733666329e-04
1,3644,-5.2453083787e-03
1,3645,-7.6490229672e-03
1,3646,-9.2640226300e-05
1,3647,7.1825934700e-03
1,3780,-6.1098369798e-03
1,3781,5.5089969641e-03
1,3782,4.2880142463e-04
1,3783,7.3298292480e-03
1,3784,-5.8302786925e-03
1,3785,-3.8901803124e-03
2,0,1.1323653436e-02
2,1,-1.4784787199e-02
2,2,5.0344352166e-02
2,3,1.3990255395e-03
2,4,2.7698637441e-03
2,5,-3.1515209719e-02
2,1062,-1.1521838504e-02
2,1063,-1.8672513577e-02
2,1064,-2.0975154140e-02
2,1065,-1.7116357616e-03
2,1066,-2.4822801131e-03
2,1067,9.1188356415e-03
2,1260,2.2601024985e-03
2,1261,3.1733258286e-03
2,1262,-7.2401532458e-06
2,1263,2.2875570864e-03
2,1264,4.0332611871e-03
2,1265,-2.8116506821e-04
2,3522,-2.1079884677e-03
2,3523,-4.5933266174e-04
2,3524,5.7370359137e-03
2,3525,-5.9931839727e-03
2,3526,4.0389472086e-03
2,3527,-6.4648126489e-03
2,3642,1.4135365876e-03
2,3643,4.7441874185e-03
2,3644,3.3493479933e-03
2,3645,1.3626629853e-05
2,3646,-5.1786843440e-03
2,3647,-4.2309218497e-03
2,3780,-1.3674655496e-03
2,3781,-6.6647411204e-04
2,3782,4.4237324710e-03
2,3783,3.5789898858e-03
2,3784,-1.2289732550e-03
2,3785,-5.5510672691e-03
3,0,2.9026241919e-04
3,1,1.3631354657e-03
3,2,1.3990255395e-03
3,3,4.1103212634e-02
3,4,-4.4021369767e-03
3,5,-1.4514247541e-03
3,1062,8.4702404659e-04
3,1063,1.5435266719e-03
3,1064,2.1630470294e-03
3,1065,-1.6892192141e-03
3,1066,-2.7511647960e-03
3,1067,-1.0832410603e-03
3,1260,8.4987048482e-03
3,1261,3.8511005475e-03
3,1262,-5.1232585124e-03
3,1263,1.1617727167e-02
3,1264,4.4527249558e-03
3,1265,8.5919863044e-03
3,3522,5.8240164004e-03
3,3523,-8.0657561662e-03
3,3524,6.2526049384e-03
3,3525,5.7224313572e-04
3,3526,-3.6787104237e-04
3,3527,-5.6360781986e-03
3,3642,-9.4181331246e-03
3,3643,-6.2612076489e-03
3,3644,2.4787105708e-03
3,3645,1.1411733275e-02
3,3646,6.2059359899e-03
3,3647,-5.6294747102e-03
3,3780,-6.0418745898e-03
3,3781,7.3053820578e-03
3,3782,-3.9479843543e-03
3,3783,5.3494006252e-03
3,3784,-5.7094244118e-03
3,3785,5.9328201048e-04
4,0,1.3631354657e-03
4,1,1.5432038253e-03
4,2,2.7698637441e-03
4,3,-4.4021369767e-03
4,4,2.6491963305e-02
4,5,1.6271649511e-03
4,1062,-1.2262230180e-03
4,1063,-2.2629886020e-03
4,1064,-3.2343265208e-03
4,1065,2.7530289747e-03
4,1066,4.4760490431e-03
4,1067,1.6760794455e-03
4,1260,-4.3974034110e-03
4,1261,4.0324604003e-04
4,1262,4.8647638834e-03
4,1263,-6.9055063416e-03
4,1264,6.3744095259e-04
4,1265,-7.2089588040e-03
4,3522,4.1559156452e-03
4,3523,-5.4903433894e-03
4,3524,3.5924018217e-03
4,3525,8.5988601889e-04
4,3526,-9.3554299674e-04
4,3527,-4.0645754138e-03
4,3642,5.2872601499e-03
4,3643,3.8096773747e-04
4,3644,-5.5554562163e-03
4,3645,-7.8285925941e-03
4,3646,-4.3097103157e-04
4,3647,7.1155020839e-03
4,3780,-5.1826848317e-03
4,3781,5.4903840945e-03
4,3782,-1.4292798364e-03
4,3783,5.3802617840e-03
4,3784,-5.0383227218e-03
4,3785,-1.2058088042e-03
5,0,7.5621397493e-03
5,1,-1.9152795912e-04
5,2,-3.1515209719e-02
5,3,-1.4514247541e-03
5,4,1.6271649511e-03
5,5,3.7717437136e-02
5,1062,4.6901262442e-03
5,1063,7.5746236320e-03
5,1064,8.4383717121e-03
5,1065,1.0204943252e-03
5,1066,1.5770115240e-03
5,1067,-4.1494048611e-03
5,1260,-6.7751729929e-03
5,1261,-4.4063602809e-03
5,1262,2.8774810763e-03
5,1263,-8.7607900573e-03
5,1264,-5.1986516215e-03
5,1265,-5.2978954844e-03
5,3522,1.3871529535e-03
5,3523,1.3046085835e-03
5,3524,-6.6915885597e-03
5,3525,5.6715924621e-03
5,3526,-4.6614510713e-03
5,3527,5.1972870594e-03
5,3642,-5.5868562560e-03
5,3643,-6.2709179531e-03
5,3644,-1.8117841912e-03
5,3645,5.6067972246e-03
5,3646,6.2171358569e-03
5,3647,-8.2196730971e-05
5,3780,-1.2773896981e-03
5,3781,3.4822157072e-03
5,3782,-5.5444183487e-03
5,3783,-8.5275332726e-04
5,3784,-1.0084373971e-03
5,3785,4.6069654692e-03
6,6,3.4828866101e-02
6,7,2.1929752271e-03
6,8,2.0591505082e-02
6,9,2.5721211808e-04
6,10,-3.1227239139e-03
6,11,9.3562946593e-03
6,738,-7.4837164436e-03
6,739,1.1873352822e-02
6,740,-1.2733605474e-02
6,741,-5.1587792657e-06
6,742,-3.3349257915e-04
6,743,4.9863670213e-03
6,1074,-2.7762569877e-03
6,1075,1.2972012486e-03
6,1076,2.2122033442e-03
6,1077,-4.3352203870e-03
6,1078,1.9575042609e-03
6,1079,-4.4913257673e-03
6,1086,-4.6826111133e-03
6,1087,-8.0042982655e-03
6,1088,-1.0059762809e-02
6,1089,-3.7497604724e-04
6,1090,-6.3846466127e-04
6,1091,4.3344511858e-03
6,1188,-5.5327727804e-03
6,1189,-4.6951042353e-03
6,1190,2.5391042419e-04
6,1191,7.1272951397e-03
6,1192,5.3676389731e-03
6,1193,-4.4698925878e-03
6,2178,-6.2832727481e-03
6,2179,5.1340543516e-03
6,2180,4.1784733780e-04
6,2181,8.1222091916e-03
6,2182,-5.8180243096e-03
6,2183,-5.1496222386e-03
6,2214,-8.0702360278e-03
6,2215,-5.7519592810e-03
6,2216,1.3709613819e-03
6,2217,-8.8123275636e-03
6,2218,-4.5635828885e-03
6,2219,-2.9353037944e-03
7,6,2.1929752271e-03
7,7,5.4475136634e-02
7,8,8.6847489575e-04
7,9,-3.1227239139e-03
7,10,9.1717339542e-04
7,11,6.7169946867e-03
7,738,-1.1858777664e-02
7,739,1.8772161600e-02
7,740,-2.0026939884e-02
7,741,-3.5413600326e-04
7,742,2.0396523833e-05
7,743,7.9009179059e-03
7,1074,-2.7064362977e-03
7,1075,1.0553204928e-03
7,1076,2.3752033148e-03
7,1077,-4.3000449477e-03
7,1078,1.6160159194e-03
7,1079,-4.6362364230e-03
7,1086,7.9978314714e-03
7,1087,1.3669146986e-02
7,1088,1.7173892253e-02
7,1089,6.4310736141e-04
7,1090,1.0948580530e-03
7,1091,-7.4027042131e-03
7,1188,4.7770495880e-03
7,1189,2.7145232684e-03
7,1190,-2.7605542455e-03
7,1191,-6.8417643318e-03
7,1192,-3.4930371539e-03
7,1193,5.8410857314e-03
7,2178,-5.3253197194e-03
7,2179,2.6926254847e-03
7,2180,3.3847226911e-03
7,2181,7.6743384859e-03
7,2182,-3.4327308503e-03
7,2183,-6.6492901987e-03
7,2214,4.9226773946e-03
7,2215,4.9905869128e-04
7,2216,-5.6326300142e-03
7,2217,7.2562637316e-03
7,2218,8.3802987933e-04
7,2219,6.3830878980e-03
8,6,2.0591505082e-02
8,7,8.6847489575e-04
8,8,6.8917517249e-02
8,9,7.1815636718e-04
8,10,-3.2187429385e-03
8,11,-3.2288464916e-02
8,738,-1.2682991264e-02
8,739,1.9971620096e-02
8,740,-2.1045351982e-02
8,741,-1.2345798146e-03
8,742,1.3775853623e-03
8,743,8.4327590941e-03
8,1074,-1.0055339293e-04
8,1075,-4.0916601128e-04
8,1076,5.4089937663e-04
8,1077,-3.1799806608e-04
8,1078,-5.7114716603e-04
8,1079,-7.2670288525e-04
8,1086,-1.0034782573e-02
8,1087,-1.7145085309e-02
8,1088,-2.1526879934e-02
8,1089,-8.1370438337e-04
8,1090,-1.3849003764e-03
8,1091,9.2868635198e-03
8,1188,6.0066991501e-05
8,1189,2.6366528863e-03
8,1190,4.5789651273e-03
8,1191,1.2508688800e-03
8,1192,-2.4109135095e-03
8,1193,-3.8628128590e-03
8,2178,1.8730638924e-04
8,2179,-3.2965295888e-03
8,2180,5.2926389556e-03
8,2181,1.2558859927e-03
8,2182,3.1994951549e-03
8,2183,-4.2757407511e-03
8,2214,1.9794487673e-03
8,2215,5.5156915254e-03
8,2216,5.0826731909e-03
8,2217,-4.0401631943e-04
8,2218,4.4004376357e-03
8,2219,-5.9820300197e-03
9,6,2.5721211808e-04
9,7,-3.1227239139e-03
9,8,7.1815636718e-04
9,9,4.3675283047e-02
9,10,8.2275980020e-03
9,11,-3.6311019472e-04
9,738,1.9216459762e-03
9,739,-3.3995423137e-03
9,740,4.5139890626e-03
9,741,-3.1052503789e-03
9,742,5.0141542654e-03
9,743,-1.2851726567e-03
9,1074,4.3048109815e-03
9,1075,-2.0834715945e-03
9,1076,-3.3549199527e-03
9,1077,6.6962467324e-03
9,1078,-3.1356982639e-03
9,1079,6.8738525575e-03
9,1086,-5.8633433391e-04
9,1087,-9.9972193819e-04
9,1088,-1.2499338558e-03
9,1089,-8.3410910060e-04
9,1090,-1.4252809469e-03
9,1091,4.0179057644e-04
9,1188,-7.0695312650e-03
9,1189,-6.6947131715e-03
9,1190,-9.9531275186e-04
9,1191,8.7485196394e-03
9,1192,7.4503285747e-03
9,1193,-4.6789921057e-03
9,2178,-8.1371962895e-03
9,2179,7.4621055549e-03
9,2180,-9.4466431195e-04
9,2181,1.0130211532e-02
9,2182,-8.2684296476e-03
9,2183,-5.5460524464e-03
9,2214,9.3093928127e-03
9,2215,8.1860847637e-03
9,2216,8.9028676047e-04
9,2217,9.1946617212e-03
9,2218,6.2659397177e-03
9,2219,1.0156910823e-03
10,6,-3.1227239139e-03
10,7,9.1717339542e-04
10,8,-3.2187429385e-03
10,9,8.2275980020e-03
10,10,3.6947273648e-02
10,11,-8.3301286649e-03
10,738,2.6893294146e-03
10,739,-4.8116481197e-03
10,740,6.5068804771e-03
10,741,-4.8320237721e-03
10,742,7.7743230912e-03
10,743,-1.9277098722e-03
10,1074,4.1174729536e-03
10,1075,-1.6696520708e-03
10,1076,-3.5513947118e-03
10,1077,6.5188714168e-03
10,1078,-2.5494559606e-03
10,1079,6.9722569927e-03
10,1086,1.0041490747e-03
10,1087,1.7118633183e-03
10,1088,2.1396629824e-03
10,1089,1.4251945635e-03
10,1090,2.4349252065e-03
10,1091,-6.8829252160e-04
10,1188,5.3986511269e-03
10,1189,3.4705268520e-03
10,1190,-2.5060199490e-03
10,1191,-7.5241280116e-03
10,1192,-4.3592907446e-03
10,1193,5.9623853710e-03
10,2178,-6.1095015022e-03
10,2179,3.5331925135e-03
10,2180,3.2637558001e-03
10,2181,8.5919688103e-03
10,2182,-4.4205954807e-03
10,2183,-6.9705798823e-03
10,2214,-3.9773771538e-03
10,2215,-3.0923215166e-04
10,2216,5.2180275353e-03
10,2217,-5.9206900595e-03
10,2218,-9.0509280376e-04
10,2219,-5.0961523951e-03
11,6,9.3562946593e-03
11,7,6.7169946867e-03
11,8,-3.2288464916e-02
11,9,-3.6311019472e-04
11,10,-8.3301286649e-03
11,11,3.9489514843e-02
11,738,4.2470319246e-03
11,739,-6.5367802909e-03
11,740,6.4955073076e-03
11,741,1.7866321321e-03
11,742,-2.7706978813e-03
11,743,-4.1166112230e-03
11,1074,-4.3890499243e-03
11,1075,2.3006044910e-03
11,1076,3.2344644552e-03
11,1077,-6.7639736501e-03
11,1078,3.4422576208e-03
11,1079,-6.7875431650e-03
11,1086,4.2602067598e-03
11,1087,7.2829651375e-03
11,1088,9.1550167300e-03
11,1089,1.2075480799e-04
11,1090,2.0457148320e-04
11,1091,-4.1152401125e-03
11,1188,-4.3227724936e-03
11,1189,-5.6554861204e-03
11,1190,-3.6595472317e-03
11,1191,4.5445069439e-03
11,1192,5.8442675500e-03
11,1193,-5.6578599144e-04
11,2178,-5.1882625403e-03
11,2179,6.5942444170e-03
11,2180,-4.0626530982e-03
11,2181,5.5816464849e-03
11,2182,-6.8839177568e-03
11,2183,-1.0242223342e-03
11,2214,-3.9634483855e-03
11,2215,-6.8253758657e-03
11,2216,-6.0000786774e-03
11,2217,-1.8238874505e-03
11,2218,-4.6579639159e-03
11,2219,4.5554986378e-03
12,12,3.4825837929e-02
12,13,1.2719364322e-04
12,14,2.1731906065e-02
12,15,-1.0583104899e-04
12,16,-5.6849771107e-04
12,17,8.7770089719e-03
12,888,-6.4519461070e-03
12,889,5.1995138422e-03
12,890,5.1210297245e-04
12,891,8.1074387204e-03
12,892,-5.6120253962e-03
12,893,-4.7019715557e-03
12,894,-5.4030941769e-03
12,895,4.7986658120e-03
12,896,2.5399000405e-05
12,897,-6.9525946571e-03
12,898,5.5536442061e-03
12,899,-4.3460496027e-03
12,1872,-5.1763134267e-03
12,1873,-8.8396041488e-03
12,1874,-1.1087239424e-02
12,1875,1.4430081898e-05
12,1876,2.0701289236e-05
12,1877,4.5679480290e-03
12,2778,-5.7221890626e-03
12,2779,-5.1843718060e-03
12,2780,-2.4926897523e-04
12,2781,7.2115758784e-03
12,2782,5.8173370001e-03
12,2783,-4.2222769750e-03
12,2928,-6.6192565723e-03
12,2929,-5.2348949354e-03
12,2930,6.3331090552e-04
12,2931,-8.2938262349e-03
12,2932,-5.5905348679e-03
12,2933,-4.7653730329e-03
12,3258,-5.4530385839e-03
12,3259,9.2454943755e-03
12,3260,-1.1426728508e-02
12,3261,-8.4285975790e-05
12,3262,1.2015287280e-04
12,3263,4.7039628781e-03
13,12,1.2719364322e-04
13,13,5.5494077824e-02
13,14,8.7584593398e-05
13,15,-5.6849771107e-04
13,16,-2.7169865864e-04
13,17,3.7661898005e-04
13,888,-5.2043172196e-03
13,889,2.3904714054e-03
13,890,3.6631945817e-03
13,891,7.4595277332e-03
13,892,-3.0017089982e-03
13,893,-6.3773250199e-03
13,894,-4.8962432644e-03
13,895,3.2340078538e-03
13,896,2.2363620594e-03
13,897,-6.9175759359e-03
13,898,4.1466778461e-03
13,899,-5.7141979048e-03
13,1872,8.8388018318e-03
13,1873,1.5091627998e-02
13,1874,1.8922643670e-02
13,1875,-2.8599207885e-05
13,1876,-4.2102610396e-05
13,1877,-7.7999642468e-03
13,2778,5.1552448723e-03
13,2779,3.4137932762e-03
13,2780,-2.3218473007e-03
13,2781,-7.2167187542e-03
13,2782,-4.3088931863e-03
13,2783,5.8319699354e-03
13,2928,5.2261663780e-03
13,2929,2.2164181643e-03
13,2930,-3.8896265210e-03
13,2931,7.5173333044e-03
13,2932,2.7786578196e-03
13,2933,6.4774238064e-03
13,3258,-9.2468462414e-03
13,3259,1.5674896487e-02
13,3260,-1.9365434237e-02
13,3261,-1.6548785880e-04
13,3262,2.4195393312e-04
13,3263,7.9758410940e-03
14,12,2.1731906065e-02
14,13,8.7584593398e-05
14,14,7.5815192796e-02
14,15,-1.8060410825e-04
14,16,-1.4538962357e-04
14,17,-3.6903514133e-02
14,888,5.0668397364e-04
14,889,-3.6614487239e-03
14,890,5.3172180952e-03
14,891,1.0223949258e-03
14,892,3.4214687500e-03
14,893,-4.4233800475e-03
14,894,-1.5828210694e-04
14,895,-2.1177764878e-03
14,896,4.2553768398e-03
14,897,-1.4542726551e-03
14,898,-1.7464738182e-03
14,899,-3.7960097901e-03
14,1872,-1.1084141990e-02
14,1873,-1.8919072773e-02
14,1874,-2.3705190642e-02
14,1875,4.6016069411e-05
14,1876,7.0112070511e-05
14,1877,9.7813399207e-03
14,2778,-2.0701739865e-04
14,2779,2.3445527908e-03
14,2780,4.8442591548e-03
14,2781,1.7106440222e-03
14,2782,-1.8086192275e-03
14,2783,-4.3285378612e-03
14,2928,6.4273718796e-04
14,2929,3.8922647895e-03
14,2930,5.3671526534e-03
14,2931,-9.0543254584e-04
14,2932,3.6808302366e-03
14,2933,-4.4720648501e-03
14,3258,-1.1431885732e-02
14,3259,1.9371344577e-02
14,3260,-2.3912586136e-02
14,3261,-2.6224843629e-04
14,3262,3.9673835974e-04
14,3263,9.8584549098e-03
15,12,-1.0583104899e-04
15,13,-5.6849771107e-04
15,14,-1.8060410825e-04
15,15,4.3163772241e-02
15,16,4.6577412405e-04
15,17,-2.5867764500e-04
15,888,-8.1023259553e-03
15,889,7.4516458802e-03
15,890,-1.0185582820e-03
15,891,9.7098948006e-03
15,892,-7.8263861737e-03
15,893,-4.5801845661e-03
15,894,6.9587629411e-03
15,895,-6.7989037456e-03
15,896,1.1957636012e-03
15,897,8.6107152429e-03
15,898,-7.6434139533e-03
15,899,4.6084764775e-03
15,1872,-2.4370146796e-05
15,1873,-4.5559523997e-05
15,1874,-6.7253511819e-05
15,1875,-1.0928503487e-03
15,1876,-1.8662709987e-03
15,1877,2.8318681122e-05
15,2778,-7.2033519124e-03
15,2779,-7.2439147207e-03
15,2780,-1.7675501080e-03
15,2781,8.6662119330e-03
15,2782,7.8541683858e-03
15,2783,-4.1540051170e-03
15,2928,8.3017526117e-03
15,2929,7.5307641444e-03
15,2930,9.1266754809e-04
15,2931,9.9128764082e-03
15,2932,7.8341852970e-03
15,2933,4.6063220584e-03
15,3258,1.7536351066e-04
15,3259,-3.2004700950e-04
15,3260,4.5361500367e-04
15,3261,-1.2420197983e-03
15,3262,2.1061948475e-03
15,3263,-1.9429474483e-04
16,12,-5.6849771107e-04
16,13,-2.7169865864e-04
16,14,-1.4538962357e-04
16,15,4.6577412405e-04
16,16,3.3737025988e-02
16,17,-2.2731572646e-03
16,888,-5.6131431955e-03
16,889,3.0023802945e-03
16,890,3.4171853541e-03
16,891,7.8283002465e-03
16,892,-3.7007067143e-03
16,893,-6.2078272364e-03
16,894,5.6893847261e-03
16,895,-4.1780889496e-03
16,896,-1.8782464736e-03
16,897,7.8044251503e-03
16,898,-5.2081421190e-03
16,899,5.9321961167e-03
16,1872,3.7638581959e-05
16,1873,7.0996084875e-05
16,1874,1.0627661410e-04
16,1875,1.8660864861e-03
16,1876,3.1862209816e-03
16,1877,-4.5594602697e-05
16,2778,5.7667774525e-03
16,2779,4.2889831713e-03
16,2780,-1.7855947934e-03
16,2781,-7.8024705184e-03
16,2782,-5.2400389357e-03
16,2783,5.7156275640e-03
16,2928,-5.5869238693e-03
16,2929,-2.7766208597e-03
16,2930,3.6879566396e-03
16,2931,-7.8295010310e-03
16,2932,-3.4303550119e-03
16,2933,-6.2812216608e-03
16,3258,2.7476401543e-04
16,3259,-5.0429245124e-04
16,3260,7.2145345472e-04
16,3261,-2.1057461053e-03
16,3262,3.5701491971e-03
16,3263,-3.1454711444e-04
17,12,8.7770089719e-03
17,13,3.7661898005e-04
17,14,-3.6903514133e-02
17,15,-2.5867764500e-04
17,16,-2.2731572646e-03
17,17,3.7327495566e-02
17,888,-4.6893624774e-03
17,889,6.3684194270e-03
17,890,-4.4253482260e-03
17,891,4.5689014357e-03
17,892,-6.2055804888e-03
17,893,2.6737608345e-04
17,894,-4.3618368380e-03
17,895,5.6553683491e-03
17,896,-3.5879927191e-03
17,897,-4.6229523214e-03
17,898,5.8614642393e-03
17,899,-6.8250904286e-04
17,1872,4.5626222320e-03
17,1873,7.7915605653e-03
17,1874,9.7726016650e-03
17,1875,-2.4224912881e-05
17,1876,-3.8638634062e-05
17,1877,-4.2570684119e-03
17,2778,-4.2019121672e-03
17,2779,-5.8268965772e-03
17,2780,-4.3649543299e-03
17,2781,4.1357321603e-03
17,2782,5.7203407717e-03
17,2783,1.3836141270e-04
17,2928,-4.7848589144e-03
17,2929,-6.4911275647e-03
17,2930,-4.4697601377e-03
17,2931,-4.6237215767e-03
17,2932,-6.2844223473e-03
17,2933,3.6203225341e-04
17,3258,4.6983391931e-03
17,3259,-7.9642859515e-03
17,3260,9.8389826618e-03
17,3261,1.6212862592e-04
17,3262,-2.5989044687e-04
17,3263,-4.3339685611e-03
18,18,3.4604191269e-02
18,19,-8.3726219212e-04
18,20,8.4640623421e-03
18,21,-3.9165566846e-03
18,22,6.4337497942e-04
18,23,1.6796511912e-02
18,606,-7.7444357967e-03
18,607,8.9248775471e-03
18,608,-3.7590790311e-03
18,609,4.7789739345e-03
18,610,-3.8894366073e-03
18,611,1.8087859371e-03
18,978,-5.6694192480e-03
18,979,-7.4662300774e-03
18,980,-4.9915545530e-03
18,981,-4.9362009316e-03
18,982,-5.8936884953e-03
18,983,1.7525810761e-04
18,1476,-5.5223057487e-03
18,1477,6.9958104375e-03
18,1478,-4.1484101093e-03
18,1479,-4.6518079303e-03
18,1480,5.2502580058e-03
18,1481,5.5228932640e-04
18,2286,-6.4111408147e-03
18,2287,-8.1877936155e-03
18,2288,-4.9785363806e-03
18,2289,5.0831095587e-03
18,2290,5.6171418234e-03
18,2291,5.7465819788e-04
18,3618,-5.1775578272e-03
18,3619,1.4642108522e-04
18,3620,4.5178270824e-03
18,3621,-8.8816730952e-03
18,3622,2.4299874298e-04
18,3623,-1.1244822739e-02
18,3708,-4.0793318341e-03
18,3709,-1.6424228461e-03
18,3710,3.1695230596e-03
18,3711,6.5738245216e-03
18,3712,2.5484728821e-03
18,3713,-7.3012502440e-03
19,18,-8.3726219212e-04
19,19,4.3210986958e-02
19,20,-2.2428130507e-03
19,21,6.4337497942e-04
19,22,-8.0146638213e-03
19,23,-1.0353850174e-03
19,606,-8.6184162741e-03
19,607,9.0508885018e-03
19,608,-1.9125128368e-03
19,609,7.0453745381e-03
19,610,-5.7749134708e-03
19,611,-3.7018051072e-04
19,978,7.3138752310e-03
19,979,9.3081807912e-03
19,980,5.4861818405e-03
19,981,7.0132749720e-03
19,982,8.1711660208e-03
19,983,1.0302103698e-03
19,1476,-6.9048461899e-03
19,1477,8.3609865882e-03
19,1478,-4.0927602464e-03
19,1479,-6.4809326748e-03
19,1480,7.0811273744e-03
19,1481,-5.6111547089e-04
19,2286,8.1841872132e-03
19,2287,1.0040534893e-02
19,2288,5.1797483744e-03
19,2289,-7.3635599000e-03
19,2290,-7.9612764748e-03
19,2291,8.1711372103e-04
19,3618,2.0306194615e-04
19,3619,-1.1810188673e-03
19,3620,-1.0286789778e-04
19,3621,3.3986789310e-04
19,3622,-2.0253803066e-03
19,3623,4.0853615115e-04
19,3708,6.5940026580e-04
19,3709,-3.4962397897e-04
19,3710,-1.0661126728e-03
19,3711,-1.1659840588e-03
19,3712,5.3768913511e-04
19,3713,1.5526628839e-03
20,18,8.4640623421e-03
20,19,-2.2428130507e-03
20,20,3.7607614780e-02
20,21,-4.4520643634e-03
20,22,-2.0982150413e-04
20,23,-3.3892898129e-02
20,606,-3.1125940733e-03
20,607,1.3942089573e-03
20,608,4.0391164921e-03
20,609,6.2184022971e-03
20,610,-4.9865310742e-03
20,611,-5.5878159030e-03
20,978,-4.5925410360e-03
20,979,-5.1142946421e-03
20,980,-1.3123198817e-03
20,981,-5.8600262758e-03
20,982,-6.3794272769e-03
20,983,-3.5552875645e-03
20,1476,-3.9222438498e-03
20,1477,3.8888051821e-03
20,1478,8.5735043545e-05
20,1479,-5.1618635657e-03
20,1480,5.1310904094e-03
20,1481,-3.1870066946e-03
20,2286,-4.9693665527e-03
20,2287,-5.1713556362e-03
20,2288,-5.2969849317e-04
20,2289,6.4367187906e-03
20,2290,6.5602528896e-03
20,2291,-4.1000867359e-03
20,3618,4.4162111761e-03
20,3619,-2.1821120365e-05
20,3620,-4.1267909359e-03
20,3621,7.5763883941e-03
20,3622,-3.2197859009e-05
20,3623,9.5941350533e-03
20,3708,3.7164719936e-03
20,3709,1.7186590246e-03
20,3710,-2.7802016884e-03
20,3711,-5.9517181934e-03
20,3712,-2.6789408407e-03
20,3713,6.5145702417e-03
21,18,-3.9165566846e-03
21,19,6.4337497942e-04
21,20,-4.4520643634e-03
21,21,5.0152137090e-02
21,22,-1.7783135837e-03
21,23,-1.0124641854e-02
21,606,-5.6669125432e-03
21,607,7.9811444842e-03
21,608,-6.4883275239e-03
21,609,6.4573436541e-04
21,610,-4.5527488874e-04
21,611,5.2578169752e-03
21,978,5.6965433982e-03
21,979,8.0480796484e-03
21,980,6.6236332485e-03
21,981,3.8648129474e-03
21,982,4.9553360377e-03
21,983,-2.3079403935e-03
21,1476,5.4371821326e-03
21,1477,-7.4922327745e-03
21,1478,5.7961411300e-03
21,1479,3.5348851949e-03
21,1480,-4.3542202375e-03
21,1481,-2.5125389841e-03
21,2286,-3.8772701639e-03
21,2287,-5.7891962676e-03
21,2288,-5.4024067566e-03
21,2289,1.2841288196e-03
21,2290,1.7750349076e-03
21,2291,3.5209683891e-03
21,3618,8.8863020541e-03
21,3619,-2.5902584004e-04
21,3620,-7.7535103048e-03
21,3621,1.5243091416e-02
21,3622,-4.3028952918e-04
21,3623,1.9297202565e-02
21,3708,-6.5592881930e-03
21,3709,-2.7418087167e-03
21,3710,5.0055356222e-03
21,3711,1.0552808373e-02
21,3712,4.2533477218e-03
21,3713,-1.1677007971e-02
22,18,6.4337497942e-04
22,19,-8.0146638213e-03
22,20,-2.0982150413e-04
22,21,-1.7783135837e-03
22,22,3.1194330962e-02
22,23,1.5523663905e-03
22,606,-4.7557474089e-03
22,607,6.4499665676e-03
22,608,-4.6581953507e-03
22,609,1.0254660761e-03
22,610,-1.0457601065e-03
22,611,4.3136532040e-03
22,978,-6.7665353381e-03
22,979,-9.2903486827e-03
22,980,-7.0463231127e-03
22,981,-5.1271865456e-03
22,982,-6.4079465573e-03
22,983,1.8084434439e-03
22,1476,6.1717946587e-03
22,1477,-8.1938143503e-03
22,1478,5.6611404048e-03
22,1479,4.5462921457e-03
22,1480,-5.4154656420e-03
22,1481,-1.9589227546e-03
22,2286,4.1101058461e-03
22,2287,6.0691892914e-03
22,2288,5.4851776494e-03
22,2289,-1.5026771413e-03
22,2290,-2.1005287329e-03
22,2291,-3.6999286580e-03
22,3618,-3.5654453095e-04
22,3619,2.0275261113e-03
22,3620,1.8197270794e-04
22,3621,-5.9706437973e-04
22,3622,3.4769394429e-03
22,3623,-7.1851659591e-04
22,3708,9.5355179366e-04
22,3709,-5.8882920780e-04
22,3710,-1.6302174989e-03
22,3711,-1.7000213972e-03
22,3712,9.0398082206e-04
22,3713,2.2949793469e-03
23,18,1.6796511912e-02
23,19,-1.0353850174e-03
23,20,-3.3892898129e-02
23,21,-1.0124641854e-02
23,22,1.5523663905e-03
23,23,6.2639701370e-02
23,606,1.1628337972e-03
23,607,1.0331803216e-03
23,608,-5.8225255400e-03
23,609,-5.3828116634e-03
23,610,4.9732554087e-03
23,611,5.1157685861e-03
23,978,-1.1637039697e-03
23,979,-2.7595367789e-03
23,980,-4.6902895241e-03
23,981,1.4470159673e-03
23,982,1.0561385599e-03
23,983,4.6141574743e-03
23,1476,-9.1102237607e-04
23,1477,2.4844402973e-03
23,1478,-4.5187470165e-03
23,1479,1.5337375527e-03
23,1480,-1.0306071636e-03
23,1481,4.2276204777e-03
23,2286,2.6280336471e-03
23,2287,2.2238156626e-03
23,2288,-1.3024988589e-03
23,2289,-4.5042670522e-03
23,2290,-4.7050503001e-03
23,2291,3.5560320123e-03
23,3618,-1.1262646712e-02
23,3619,3.4814100497e-04
23,3620,9.8256611020e-03
23,3621,-1.9317724254e-02
23,3622,5.7935434277e-04
23,3623,-2.4451334421e-02
23,3708,-7.2500062978e-03
23,3709,-3.2817946505e-03
23,3710,5.3039461248e-03
23,3711,1.1620584699e-02
23,3712,5.0882391330e-03
23,3713,-1.2750038303e-02
24,24,3.7057338387e-02
24,25,-1.5764899707e-03
24,26,3.1686244565e-02
24,27,-6.5201238067e-03
24,28,-1.4333016898e-03
24,29,3.3999917519e-02
24,636,-7.6575652276e-03
24,637,1.2780547257e-03
24,638,1.2997372661e-03
24,639,1.1845337459e-02
24,640,-2.6782590677e-03
24,641,-1.2011255068e-02
24,924,-7.0722975935e-03
24,925,1.1962302288e-02
24,926,-1.4711824551e-02
24,927,3.1548684035e-03
24,928,-5.3938854172e-03
24,929,1.9737678465e-03
24,3012,-3.4094354793e-03
24,3013,4.0053136245e-03
24,3014,-1.8206903545e-03
24,3015,4.7456878184e-03
24,3016,-5.3700909302e-03
24,3017,-3.7136330966e-03
25,24,-1.5764899707e-03
25,25,6.6681096380e-02
25,26,-3.9827326076e-03
25,27,-1.4333016898e-03
25,28,-1.5661956316e-02
25,29,-1.5153460476e-03
25,636,3.6455136740e-03
25,637,-5.6263012309e-03
25,638,1.2539124728e-03
25,639,-6.1988768228e-03
25,640,9.1304789422e-03
25,641,7.6541305232e-03
25,924,-1.1961408260e-02
25,925,2.0227725786e-02
25,926,-2.4866245699e-02
25,927,5.2780739935e-03
25,928,-9.0231315715e-03
25,929,3.3958658586e-03
25,3012,-4.2251886678e-03
25,3013,4.6680752553e-03
25,3014,-1.4798816843e-03
25,3015,6.0617187170e-03
25,3016,-6.4556616509e-03
25,3017,-5.1641507935e-03
26,24,3.1686244565e-02
26,25,-3.9827326076e-03
26,26,9.2739456553e-02
26,27,-1.0053179410e-02
26,28,-4.1120798511e-03
26,29,-1.3296640374e-02
26,636,2.1399574181e-03
26,637,4.9844439037e-03
26,638,-5.6449858893e-03
26,639,-2.7144454235e-03
26,640,-7.9416639299e-03
26,641,1.2548955243e-03
26,924,-1.4708426226e-02
26,925,2.4862358107e-02
26,926,-3.0535680285e-02
26,927,6.3427818516e-03
26,928,-1.0841225971e-02
26,929,4.3223444967e-03
26,3012,-2.3330480733e-03
26,3013,1.9217506634e-03
26,3014,8.7992064042e-04
26,3015,3.7477726549e-03
26,3016,-3.1083887128e-03
26,3017,-4.1079701038e-03
27,24,-6.5201238067e-03
27,25,-1.4333016898e-03
27,26,-1.0053179410e-02
27,27,6.8215543162e-02
27,28,-2.9459295718e-03
27,29,-2.2413911152e-02
27,636,-1.1715028797e-02
27,637,1.1901544901e-03
27,638,2.2739576684e-03
27,639,1.8035483038e-02
27,640,-2.8994690457e-03
27,641,-1.8077174823e-02
27,924,2.8794757993e-03
27,925,-4.9297514299e-03
27,926,6.2142438636e-03
27,927,-5.3010344939e-03
27,928,9.0162635276e-03
27,929,3.2028100385e-03
27,3012,-4.4842260761e-03
27,3013,5.5181790782e-03
27,3014,-3.0519501141e-03
27,3015,6.0875992529e-03
27,3016,-7.2301978176e-03
27,3017,-4.4046264417e-03
28,24,-1.4333016898e-03
28,25,-1.5661956316e-02
28,26,-4.1120798511e-03
28,27,-2.9459295718e-03
28,28,8.7021535428e-02
28,29,7.9349555468e-06
28,636,4.9655098101e-03
28,637,-8.1411565343e-03
28,638,1.4380287152e-03
28,639,-8.4962462392e-03
28,640,1.3138897302e-02
28,641,1.0602608339e-02
28,924,4.8105125411e-03
28,925,-8.2352741705e-03
28,926,1.0379727691e-02
28,927,-8.9155746496e-03
28,928,1.5161012282e-02
28,929,5.3807629793e-03
28,3012,-5.3349705840e-03
28,3013,6.1887311051e-03
28,3014,-2.6228798554e-03
28,3015,7.4723736718e-03
28,3016,-8.3586884375e-03
28,3017,-5.9483257981e-03
29,24,3.3999917519e-02
29,25,-1.5153460476e-03
29,26,-1.3296640374e-02
29,27,-2.2413911152e-02
29,28,7.9349555468e-06
29,29,8.8629050974e-02
29,636,-1.1579649919e-02
29,637,-6.8463408240e-04
29,638,2.8658759993e-03
29,639,1.7617209325e-02
29,640,4.0026609745e-05
29,641,-1.7143351805e-02
29,924,1.9709851887e-03
29,925,-3.2797820259e-03
29,926,3.8953083537e-03
29,927,2.7774673203e-03
29,928,-4.7360293309e-03
29,929,-6.4786601829e-03
29,3012,-2.9925903237e-03
29,3013,4.2515229229e-03
29,3014,-3.5494263107e-03
29,3015,3.7122042119e-03
29,3016,-5.1952438532e-03
29,3017,-1.8558206216e-03
30,30,3.4675672791e-02
30,31,-9.1799680746e-05
30,32,7.4189811428e-03
30,33,3.8022295608e-04
30,34,1.4314128442e-04
30,35,2.0366508598e-02
30,2010,-4.8161347038e-03
30,2011,-9.4521091156e-05
30,2012,4.3819263992e-03
30,2013,8.2777658264e-03
30,2014,1.5947790200e-04
30,2015,-1.0521573529e-02
30,2352,-6.5195530869e-03
30,2353,7.6778190995e-03
30,2354,-3.5210441253e-03
30,2355,-5.5159273694e-03
30,2356,5.4658089305e-03
30,2357,1.8704452289e-04
30,2430,-6.1089885736e-03
30,2431,7.3918591299e-03
30,2432,-3.7512196589e-03
30,2433,5.3092313527e-03
30,2434,-5.5525481891e-03
30,2435,4.5136356135e-05
30,2946,-6.2132717986e-03
30,2947,-7.5679534388e-03
30,2948,-3.9331781317e-03
30,2949,5.4851267139e-03
30,2950,5.8093671706e-03
30,2951,-1.1549172152e-04
30,3480,-6.2992090342e-03
30,3481,-7.7594778488e-03
30,3482,-4.1928359550e-03
30,3483,-5.2137266244e-03
30,3484,-5.5269583960e-03
30,3485,4.0114285333e-04
30,3738,-4.7185155940e-03
30,3739,2.6026244443e-05
30,3740,4.3297878873e-03
30,3741,-8.0926737811e-03
30,3742,5.1812722882e-05
30,3743,-1.0241923949e-02
31,30,-9.1799680746e-05
31,31,4.2280211592e-02
31,32,-2.1737176960e-04
31,33,1.4314128442e-04
31,34,8.0439885821e-04
31,35,-1.4804951234e-04
31,2010,-3.5802974023e-06
31,2011,-8.9130759693e-04
31,2012,-3.5854351749e-05
31,2013,3.1911756462e-06
31,2014,1.5318809236e-03
31,2015,3.5638246286e-06
31,2352,-7.8889130335e-03
31,2353,8.6967332324e-03
31,2354,-2.6970612444e-03
31,2355,-7.6433370200e-03
31,2356,7.2524724315e-03
31,2357,-1.6065775840e-03
31,2430,-7.4687195030e-03
31,2431,8.5265804530e-03
31,2432,-3.2047467736e-03
31,2433,7.3404867750e-03
31,2434,-7.3726325655e-03
31,2435,-1.5957373497e-03
31,2946,7.5930546766e-03
31,2947,8.7364252807e-03
31,2948,3.4116898014e-03
31,2949,-7.5669932468e-03
31,2950,-7.6994262527e-03
31,2951,1.8462565997e-03
31,3480,7.7577577120e-03
31,3481,9.0615874998e-03
31,3482,3.8013885434e-03
31,3483,7.3157715365e-03
31,3484,7.4996178083e-03
31,3485,1.1620803450e-03
31,3738,1.0220012613e-04
31,3739,-8.5504632518e-04
31,3740,-8.3241647579e-05
31,3741,1.8251703818e-04
31,3742,-1.4666757945e-03
31,3743,2.4957915722e-04
32,30,7.4189811428e-03
32,31,-2.1737176960e-04
32,32,3.6908369625e-02
32,33,4.6491671213e-04
32,34,3.1842280098e-04
32,35,-3.7473586307e-02
32,2010,4.3923166402e-03
32,2011,8.4721779847e-05
32,2012,-4.1613091442e-03
32,2013,-7.5493304357e-03
32,2014,-1.4338727497e-04
32,2015,9.5956960804e-03
32,2352,-4.0050724883e-03
32,2353,3.1100931532e-03
32,2354,2.0131070100e-03
32,2355,-6.0099558642e-03
32,2356,5.0064451999e-03
32,2357,-4.9881541933e-03
32,2430,-3.9325694191e-03
32,2431,3.3626213727e-03
32,2432,1.3187751954e-03
32,2433,5.7401474922e-03
32,2434,-5.1076564779e-03
32,2435,-4.6020579117e-03
32,2946,-3.9926732004e-03
32,2947,-3.4636406970e-03
32,2948,1.2419159155e-03
32,2949,5.8851475010e-03
32,2950,5.3086545494e-03
32,2951,-4.8535048450e-03
32,3480,-4.1886981489e-03
32,3481,-3.7977384152e-03
32,3482,9.2436656493e-04
32,3483,-5.9310908224e-03
32,3484,-5.5202115883e-03
32,3485,-4.4207260517e-03
32,3738,4.3077154738e-03
32,3739,1.7623806265e-05
32,3740,-4.1080808386e-03
32,3741,7.3877646604e-03
32,3742,2.4847607737e-05
32,3743,9.3488938855e-03
33,30,3.8022295608e-04
33,31,1.4314128442e-04
33,32,4.6491671213e-04
33,33,5.3481457067e-02
33,34,-2.2613463866e-04
33,35,7.1409449370e-04
33,2010,-8.2787464035e-03
33,2011,-1.6540735964e-04
33,2012,7.5322308290e-03
33,2013,1.4228590487e-02
33,2014,2.7915990287e-04
33,2015,-1.8083991206e-02
33,2352,5.4329766227e-03
33,2353,-7.4419219591e-03
33,2354,5.6826506731e-03
33,2355,2.8865918259e-03
33,2356,-3.4240657343e-03
33,2357,-3.3909814716e-03
33,2430,-5.4234681948e-03
33,2431,7.4262037130e-03
33,2432,-5.6674458588e-03
33,2433,3.2698084749e-03
33,2434,-3.9333886755e-03
33,2435,2.8455619281e-03
33,2946,-5.4576535825e-03
33,2947,-7.5177304220e-03
33,2948,-5.8247518704e-03
33,2949,3.3442474945e-03
33,2950,4.0758833003e-03
33,2951,2.8078913686e-03
33,3480,5.2545790500e-03
33,3481,7.3672942771e-03
33,3482,5.9616376767e-03
33,3483,2.7231517734e-03
33,3484,3.3479581938e-03
33,3485,-3.3438557650e-03
33,3738,8.0920895521e-03
33,3739,-3.7421524381e-05
33,3740,-7.4255240627e-03
33,3741,1.3878042931e-02
33,3742,-7.6483599383e-05
33,3743,1.7562188972e-02
34,30,1.4314128442e-04
34,31,8.0439885821e-04
34,32,3.1842280098e-04
34,33,-2.2613463866e-04
34,34,3.0669062000e-02
34,35,3.5052300625e-04
34,2010,-9.0774051406e-06
34,2011,-1.5321822981e-03
34,2012,-5.9456946627e-05
34,2013,1.0509102246e-05
34,2014,2.6332396913e-03
34,2015,-2.5908606646e-07
34,2352,5.5902653490e-03
34,2353,-7.3515850472e-03
34,2354,4.9565723142e-03
34,2355,3.4678667750e-03
34,2356,-3.9750979921e-03
34,2357,-2.7747179031e-03
34,2430,-5.7865531965e-03
34,2431,7.6045291421e-03
34,2432,-5.1193586451e-03
34,2433,4.0182321450e-03
34,2434,-4.6567663549e-03
34,2435,2.1864663731e-03
34,2946,5.8052832403e-03
34,2947,7.6845087935e-03
34,2948,5.2813913190e-03
34,2949,-4.0825771847e-03
34,2950,-4.7969494889e-03
34,2951,-2.1328960560e-03
34,3480,-5.5750925282e-03
34,3481,-7.5566922971e-03
34,3482,-5.5460529496e-03
34,3483,-3.3583861674e-03
34,3484,-4.0169156298e-03
34,3485,2.8860257074e-03
34,3738,-1.6796674381e-04
34,3739,1.4661781050e-03
34,3740,1.3722357709e-04
34,3741,-3.0047183762e-04
34,3742,2.5148413553e-03
34,3743,-4.1211441816e-04
35,30,2.0366508598e-02
35,31,-1.4804951234e-04
35,32,-3.7473586307e-02
35,33,7.1409449370e-04
35,34,3.5052300625e-04
35,35,7.2157888771e-02
35,2010,-1.0525361150e-02
35,2011,-2.1782931298e-04
35,2012,9.5759301682e-03
35,2013,1.8088358937e-02
35,2014,3.6783731808e-04
35,2015,-2.2985808780e-02
35,2352,2.8828380097e-04
35,2353,1.6053573375e-03
35,2354,-5.1325283173e-03
35,2355,3.4303648875e-03
35,2356,-2.5934982496e-03
35,2357,5.5713516127e-03
35,2430,-1.5435255998e-04
35,2431,1.9015741605e-03
35,2432,-4.8563032936e-03
35,2433,-2.7317097014e-03
35,2434,2.0195291431e-03
35,2435,5.2291662439e-03
35,2946,-5.9567430424e-05
35,2947,-1.7816237085e-03
35,2948,-4.8141266036e-03
35,2949,-2.8421792467e-03
35,2950,-2.1459272127e-03
35,2951,5.3634921941e-03
35,3480,3.2416428827e-04
35,3481,-1.2693536163e-03
35,3482,-4.5072415751e-03
35,3483,3.3011196499e-03
35,3484,2.8455796687e-03
35,3485,5.1725072180e-03
35,3738,-1.0239675547e-02
35,3739,2.8821240843e-05
35,3740,9.3964256519e-03
35,3741,-1.7559600952e-02
35,3742,6.4991976419e-05
35,3743,-2.2216978163e-02
36,36,3.4684904242e-02
36,37,-3.4157914388e-06
36,38,1.7501618315e-02
36,39,1.2869512910e-04
36,40,5.5963762179e-04
36,41,8.6842399890e-03
36,726,-5.5865317784e-03
36,727,-3.9926318441e-03
36,728,1.6823086926e-03
36,729,-7.4895843669e-03
36,730,-4.7731910998e-03
36,731,-5.2848123610e-03
36,774,-6.0177434523e-03
36,775,4.6067030193e-03
36,776,1.1266858109e-03
36,777,7.7820963086e-03
36,778,-5.2136215805e-03
36,779,-4.9392924283e-03
36,3672,-4.8167716143e-03
36,3673,8.0318256556e-03
36,3674,-9.5892313295e-03
36,3675,2.2517473953e-04
36,3676,-3.2319519938e-04
36,3677,4.3575456870e-03
36,3696,-6.3334960099e-03
36,3697,-5.4443382806e-03
36,3698,9.9072380518e-05
36,3699,7.6697532072e-03
36,3700,5.6590050789e-03
36,3701,-3.9249566279e-03
36,3756,-6.4121452710e-03
36,3757,5.7784410464e-03
36,3758,-2.5660241360e-04
36,3759,-7.5055187603e-03
36,3760,5.7929086381e-03
36,3761,-3.3863456595e-03
36,3822,-5.5182161165e-03
36,3823,-8.9542220659e-03
36,3824,-1.0088813295e-02
36,3825,-9.0397699280e-04
36,3826,-1.3315158301e-03
36,3827,4.5969858701e-03
37,36,-3.4157914388e-06
37,37,5.1480483140e-02
37,38,6.3138588458e-04
37,39,5.5963762179e-04
37,40,5.4319166243e-04
37,41,-2.9136610403e-04
37,726,4.0436888716e-03
37,727,1.6463501231e-03
37,728,-3.2051465769e-03
37,729,6.0065972353e-03
37,730,2.2060874651e-03
37,731,5.5802666478e-03
37,774,-4.7575105846e-03
37,775,2.1813859367e-03
37,776,3.3909095880e-03
37,777,6.8830958248e-03
37,778,-2.7923459932e-03
37,779,-6.0179035424e-03
37,3672,-8.0351464270e-03
37,3673,1.3393231052e-02
37,3674,-1.5977103556e-02
37,3675,4.2724214787e-04
37,3676,-6.2496469028e-04
37,3677,7.2636887265e-03
37,3696,5.5604161304e-03
37,3697,3.2462162516e-03
37,3698,-3.0347551147e-03
37,3699,-7.6468720236e-03
37,3700,-3.8961972623e-03
37,3701,5.9189423950e-03
37,3756,-5.7641179220e-03
37,3757,3.7546196855e-03
37,3758,2.6707406298e-03
37,3759,-7.7193424013e-03
37,3760,4.3983509405e-03
37,3761,-5.5890874690e-03
37,3822,8.9560857231e-03
37,3823,1.4515937303e-02
37,3824,1.6313122494e-02
37,3825,1.6018696717e-03
37,3826,2.3768909220e-03
37,3827,-7.4115801281e-03
38,36,1.7501618315e-02
38,37,6.3138588458e-04
38,38,6.3377199017e-02
38,39,4.6260196195e-04
38,40,9.1370586977e-04
38,41,-3.5418938505e-02
38,726,1.5678998900e-03
38,727,3.1334198024e-03
38,728,2.4674418724e-03
38,729,1.1544863022e-03
38,730,3.4775003624e-03
38,731,-1.4184330977e-03
38,774,9.1766892134e-04
38,775,-3.2845141227e-03
38,776,3.8930720220e-03
38,777,1.0503262519e-04
38,778,3.3038174672e-03
38,779,-3.0706514625e-03
38,3672,-9.6015964899e-03
38,3673,1.5991104287e-02
38,3674,-1.9042605219e-02
38,3675,6.4138227360e-04
38,3676,-9.6428865540e-04
38,3677,8.6655141048e-03
38,3696,-5.3688996188e-05
38,3697,2.9644723112e-03
38,3698,5.4158342059e-03
38,3699,1.8579387525e-03
38,3700,-2.2544284527e-03
38,3701,-5.0196688125e-03
38,3756,-2.3640974911e-04
38,3757,-2.6811728284e-03
38,3758,5.4987837878e-03
38,3759,-2.2312137403e-03
38,3760,-1.6081376408e-03
38,3761,-5.3876260629e-03
38,3822,-1.0095491891e-02
38,3823,-1.6320539990e-02
38,3824,-1.8235414572e-02
38,3825,-2.1426954193e-03
38,3826,-3.2188196992e-03
38,3827,8.2277542948e-03
39,36,1.2869512910e-04
39,37,5.5963762179e-04
39,38,4.6260196195e-04
39,39,4.2941213533e-02
39,40,-2.6244743635e-04
39,41,-1.9632622542e-04
39,726,7.5067911813e-03
39,727,5.9391275098e-03
39,728,-1.3431002458e-03
39,729,9.7928097150e-03
39,730,6.9897483643e-03
39,731,6.2884427801e-03
39,774,-7.7660680943e-03
39,775,6.6923552427e-03
39,776,1.7487951306e-04
39,777,9.6681292500e-03
39,778,-7.4077049754e-03
39,779,-5.2902445015e-03
39,3672,-5.3798777045e-04
39,3673,9.4930237462e-04
39,3674,-1.2657432519e-03
39,3675,-8.8449517990e-04
39,3676,1.4782673803e-03
39,3677,5.8178346222e-04
39,3696,-7.6450442571e-03
39,3697,-7.5116462420e-03
39,3698,-1.6869999025e-03
39,3699,8.6969594027e-03
39,3700,7.4867686193e-03
39,3701,-3.2184860570e-03
39,3756,7.5602146764e-03
39,3757,-7.7680601879e-03
39,3758,2.2269578527e-03
39,3759,8.2029419304e-03
39,3760,-7.3654282585e-03
39,3761,2.3007669102e-03
39,3822,7.5339913516e-04
39,3823,1.3589221046e-03
39,3824,1.8723531589e-03
39,3825,-1.1469531751e-03
39,3826,-1.8572539281e-03
39,3827,-1.0929688154e-03
40,36,5.5963762179e-04
40,37,5.4319166243e-04
40,38,9.1370586977e-04
40,39,-2.6244743635e-04
40,40,3.0835470444e-02
40,41,1.2059957207e-03
40,726,-4.8519351660e-03
40,727,-2.2120692905e-03
40,728,3.5818529337e-03
40,729,-7.0951126538e-03
40,730,-2.9324208026e-03
40,731,-6.3342157343e-03
40,774,-5.4035925883e-03
40,775,2.8424052054e-03
40,776,3.3891619412e-03
40,777,7.6345139096e-03
40,778,-3.5756408177e-03
40,779,-6.2642912445e-03
40,3672,-8.4567925689e-04
40,3673,1.4966862305e-03
40,3674,-2.0061555752e-03
40,3675,-1.4721349659e-03
40,3676,2.4590174799e-03
40,3677,9.3177576104e-04
40,3696,5.7906550395e-03
40,3697,3.9517082606e-03
40,3698,-2.2662707362e-03
40,3699,-7.6222352602e-03
40,3700,-4.5642774807e-03
40,3701,5.1675447263e-03
40,3756,5.8374887847e-03
40,3757,-4.4214256911e-03
40,3758,-1.6492018976e-03
40,3759,7.3982287903e-03
40,3760,-4.9169549024e-03
40,3761,4.4749054790e-03
40,3822,-1.0865744348e-03
40,3823,-1.9822384984e-03
40,3824,-2.7810339735e-03
40,3825,1.8654285308e-03
40,3826,3.0145312081e-03
40,3827,1.6814037565e-03
41,36,8.6842399890e-03
41,37,-2.9136610403e-04
41,38,-3.5418938505e-02
41,39,-1.9632622542e-04
41,40,1.2059957207e-03
41,41,3.7434768796e-02
41,726,-5.3316778185e-03
41,727,-5.5354877401e-03
41,728,-1.2099820508e-03
41,729,-6.3331279109e-03
41,730,-6.2607642517e-03
41,731,-2.6143664363e-03
41,774,-4.8980534584e-03
41,775,5.9059665007e-03
41,776,-2.8667773775e-03
41,777,5.2523030578e-03
41,778,-6.1623593689e-03
41,779,-9.1541256262e-04
41,3672,4.3001099955e-03
41,3673,-7.1572648934e-03
41,3674,8.5114667732e-03
41,3675,-4.2820349769e-04
41,3676,6.7554523068e-04
41,3677,-4.0381810852e-03
41,3696,-3.8675022666e-03
41,3697,-5.8614006581e-03
41,3698,-4.9549087134e-03
41,3699,3.1691166914e-03
41,3700,5.1514551420e-03
41,3701,1.6541178829e-03
41,3756,-3.5079242124e-03
41,3757,5.6790510014e-03
41,3758,-5.3559278271e-03
41,3759,-2.4018614650e-03
41,3760,4.4943680843e-03
41,3761,2.5427041164e-03
41,3822,4.6208077715e-03
41,3823,7.4563846630e-03
41,3824,8.2936436634e-03
41,3825,1.1447973945e-03
