0,0,6.5419887202e-06
0,1,-8.3972179500e-07
0,2,2.8883076483e-06
0,3,1.4218377462e-07
0,4,-6.0368695098e-07
0,5,2.4999033181e-06
0,102,-5.7161688519e-07
0,103,-7.1834039467e-07
0,104,-4.1832969721e-07
0,105,8.2808846315e-07
0,106,1.0149765624e-06
0,107,-7.1924974421e-07
0,132,-1.2269613198e-06
0,133,-2.0147302370e-06
0,134,-2.3306947881e-06
0,135,-1.9302186451e-07
0,136,-2.7782171439e-07
0,137,8.2112030558e-07
0,144,-1.1804520641e-06
0,145,-2.9648113842e-07
0,146,8.0510614792e-07
0,147,-1.7335918507e-06
0,148,-3.3274348019e-07
0,149,-1.5571812873e-06
0,234,-1.0356637304e-06
0,235,6.7594661618e-07
0,236,2.5243491072e-07
0,237,1.5760712352e-06
0,238,-9.5364215609e-07
0,239,-1.5407174615e-06
0,324,-9.7585085081e-07
0,325,1.1566578649e-06
0,326,-5.5047515745e-07
0,327,-9.2780450501e-07
0,328,9.6075367607e-07
0,329,-1.1720196190e-07
0,384,-9.1676142031e-07
0,385,1.2467433502e-06
0,386,-9.1796341520e-07
0,387,6.4524990133e-07
0,388,-7.8682092498e-07
0,389,2.9993148666e-07
1,0,-8.3972179500e-07
1,1,9.1253696167e-06
1,2,-2.4835497585e-06
1,3,-6.0368695098e-07
1,4,5.0018815011e-07
1,5,-8.1698935070e-07
1,102,7.3865472222e-07
1,103,8.8841547977e-07
1,104,4.2862737843e-07
1,105,-1.0938204889e-06
1,106,-1.2837038875e-06
1,107,1.0063569955e-06
1,132,2.0174917418e-06
1,133,3.3095895829e-06
1,134,3.8204999262e-06
1,135,3.5553680460e-07
1,136,5.1895984120e-07
1,137,-1.3367471530e-06
1,144,5.5315067107e-07
1,145,-2.8500746911e-07
1,146,-6.1535270254e-07
1,147,9.2513644892e-07
1,148,-4.3833662084e-07
1,149,1.1000646223e-06
1,234,-1.1375226067e-07
1,235,-2.6905185286e-07
1,236,5.2873521970e-07
1,237,2.4294973523e-07
1,238,3.7209799997e-07
1,239,-4.0688548981e-07
1,324,-1.1473148212e-06
1,325,1.2609423464e-06
1,326,-3.8494726744e-07
1,327,-1.2322153345e-06
1,328,1.2030738453e-06
1,329,-4.3838446543e-07
1,384,-1.2853499737e-06
1,385,1.7104785438e-06
1,386,-1.1729267724e-06
1,387,9.8509545678e-07
1,388,-1.1861213621e-06
1,389,2.9395405908e-07
2,0,2.8883076483e-06
2,1,-2.4835497585e-06
2,2,9.7794674130e-06
2,3,4.0026105992e-07
2,4,-7.1689147304e-07
2,5,-5.0169526292e-06
2,102,-4.6929191588e-07
2,103,-4.7463810978e-07
2,104,-2.2752393277e-08
2,105,7.4847248762e-07
2,106,7.5127818991e-07
2,107,-8.1376693487e-07
2,132,-2.3406583086e-06
2,133,-3.8315985935e-06
2,134,-4.4026382165e-06
2,135,-5.0849785804e-07
2,136,-7.5837305429e-07
2,137,1.5159104872e-06
2,144,5.0926841091e-07
2,145,5.7210945011e-07
2,146,-2.5011806251e-07
2,147,6.2972240456e-07
2,148,8.0244670206e-07
2,149,2.7293226830e-07
2,234,7.8657929370e-07
2,235,-5.9768941668e-07
2,236,-1.8246817701e-07
2,237,-1.1798619293e-06
2,238,8.6210274535e-07
2,239,1.1070849818e-06
2,324,-5.2965362883e-07
2,325,3.6765664424e-07
2,326,3.8063639467e-07
2,327,-8.7528199240e-07
2,328,7.0188855253e-07
2,329,-8.7433570636e-07
2,384,-1.0270792169e-06
2,385,1.2791273302e-06
2,386,-6.7222142110e-07
2,387,9.7501820877e-07
2,388,-1.1386300465e-06
2,389,-6.7828087065e-08
3,0,1.4218377462e-07
3,1,-6.0368695098e-07
3,2,4.0026105992e-07
3,3,8.7779702228e-06
3,4,-1.5704592850e-06
3,5,4.7725642937e-07
3,102,-8.1001295264e-07
3,103,-1.0464594484e-06
3,104,-6.7296962596e-07
3,105,1.1564397137e-06
3,106,1.4582373612e-06
3,107,-9.6412304683e-07
3,132,6.0648042673e-08
3,133,1.4197304443e-07
3,134,2.7083507085e-07
3,135,-4.9108427750e-07
3,136,-8.0165041397e-07
3,137,-2.1669322595e-07
3,144,1.7311154146e-06
3,145,5.3826633159e-07
3,146,-1.1225603075e-06
3,147,2.5147554043e-06
3,148,6.3301929405e-07
3,149,2.1931745579e-06
3,234,-1.5873316331e-06
3,235,1.1071368480e-06
3,236,2.8308687803e-07
3,237,2.4011267504e-06
3,238,-1.5604246096e-06
3,239,-2.3121677505e-06
3,324,9.7365461005e-07
3,325,-1.2846539720e-06
3,326,8.9537262401e-07
3,327,7.3910134573e-07
3,328,-8.6156923466e-07
3,329,-2.7980063625e-07
3,384,-4.9039536004e-07
3,385,7.5769343626e-07
3,386,-7.6710464870e-07
3,387,1.5059632307e-07
3,388,-2.2019139381e-07
3,389,4.6664598128e-07
4,0,-6.0368695098e-07
4,1,5.0018815011e-07
4,2,-7.1689147304e-07
4,3,-1.5704592850e-06
4,4,7.3477890160e-06
4,5,-1.3295803939e-06
4,102,1.0203167258e-06
4,103,1.2626286147e-06
4,104,6.8989257802e-07
4,105,-1.4897843958e-06
4,106,-1.7989464781e-06
4,107,1.3210224256e-06
4,132,-5.8397482629e-08
4,133,-1.6542712981e-07
4,134,-3.6614629931e-07
4,135,8.1210507860e-07
4,136,1.3233849743e-06
4,137,3.4191152708e-07
4,144,-6.9750038810e-07
4,145,3.9802223171e-07
4,146,8.3087465989e-07
4,147,-1.1768393280e-06
4,148,5.9897802832e-07
4,149,-1.4185419533e-06
4,234,-1.0811470624e-07
4,235,-4.4778139635e-07
4,236,8.0392117044e-07
4,237,2.6998367484e-07
4,238,6.1659875189e-07
4,239,-5.1881185911e-07
4,324,1.0118465447e-06
4,325,-1.2541435064e-06
4,326,7.0423077833e-07
4,327,8.8369402604e-07
4,328,-9.7060406149e-07
4,329,-6.9194517369e-08
4,384,-6.0705174518e-07
4,385,9.3276697671e-07
4,386,-9.3054517596e-07
4,387,1.9749695944e-07
4,388,-2.9036762867e-07
4,389,5.7548581971e-07
5,0,2.4999033181e-06
5,1,-8.1698935070e-07
5,2,-5.0169526292e-06
5,3,4.7725642937e-07
5,4,-1.3295803939e-06
5,5,8.5776629221e-06
5,102,-6.6536686076e-07
5,103,-9.2655888266e-07
5,104,-7.4240264382e-07
5,105,9.1001063618e-07
5,106,1.2439249016e-06
5,107,-6.6314649577e-07
5,132,7.6213643555e-07
5,133,1.2467803159e-06
5,134,1.4290632742e-06
5,135,1.7522994153e-07
5,136,2.7816199260e-07
5,137,-6.9484594081e-07
5,144,-1.5495430996e-06
5,145,-7.2851295280e-07
5,146,8.5719531650e-07
5,147,-2.1853531593e-06
5,148,-9.1028511725e-07
5,149,-1.7482415382e-06
5,234,-1.5774526994e-06
5,235,1.2733404545e-06
5,236,2.3823498803e-08
5,237,2.3509678699e-06
5,238,-1.7902543305e-06
5,239,-2.1781480855e-06
5,324,-1.9118930582e-07
5,325,5.1798473771e-07
5,326,-8.9757019985e-07
5,327,2.3456876888e-07
5,328,-5.0566707077e-08
5,329,8.2648913427e-07
5,384,5.1391445594e-07
5,385,-5.9030618910e-07
5,386,1.7538962920e-07
5,387,-5.9443089780e-07
5,388,6.9836230509e-07
5,389,1.5683390370e-07
6,6,6.4293252964e-06
6,7,-1.6038607320e-07
6,8,3.5206151864e-06
6,9,-5.6258000538e-08
6,10,6.9090930551e-08
6,11,1.0756899688e-06
6,198,-7.9336414335e-07
6,199,1.3650989091e-06
6,200,-1.7391268579e-06
6,201,-4.7801003423e-08
6,202,8.0131887436e-08
6,203,7.3815430227e-07
6,222,-1.0691777390e-06
6,223,9.1078451484e-07
6,224,1.9239261510e-08
6,225,1.2194508147e-06
6,226,-8.5324446949e-07
6,227,-4.9904476753e-07
6,246,-1.0013581675e-06
6,247,-9.0701457254e-07
6,248,-4.1073783455e-08
6,249,1.1655118335e-06
6,250,9.0296720206e-07
6,251,-5.1759386676e-07
6,258,-1.0233050526e-06
6,259,9.4013508256e-07
6,260,-7.3855769831e-08
6,261,-1.2403459180e-06
6,262,9.9528675390e-07
6,263,-6.3988755799e-07
6,264,-1.0219429015e-06
6,265,-7.2636741662e-07
6,266,2.3673149704e-07
6,267,-1.3237069332e-06
6,268,-8.0264925678e-07
6,269,-8.4704254627e-07
6,462,-8.9894368420e-07
6,463,-1.5490098762e-06
6,464,-1.9791973788e-06
6,465,9.7486982289e-08
6,466,1.6577658849e-07
6,467,7.6399588198e-07
7,6,-1.6038607320e-07
7,7,9.5782592482e-06
7,8,-4.1455528383e-07
7,9,6.9090930551e-08
7,10,-1.5455505949e-07
7,11,-1.7329768010e-07
7,198,-1.3651061104e-06
7,199,2.3488301180e-06
7,200,-2.9923053729e-06
7,201,-8.4364080779e-08
7,202,1.4151650593e-07
7,203,1.2698240630e-06
7,222,-8.9976315491e-07
7,223,4.8712100316e-07
7,224,5.4829224211e-07
7,225,1.2139489670e-06
7,226,-5.5934975423e-07
7,227,-8.9873095661e-07
7,246,8.8248899686e-07
7,247,5.7557706951e-07
7,248,-4.1702000701e-07
7,249,-1.1849923787e-06
7,250,-6.7829312784e-07
7,251,8.6694005125e-07
7,258,-8.9022385956e-07
7,259,5.8502287840e-07
7,260,4.1409431317e-07
7,261,-1.2278958038e-06
7,262,7.2037444886e-07
7,263,-9.6012291019e-07
7,264,8.6937247438e-07
7,265,3.3904599115e-07
7,266,-6.4461986897e-07
7,267,1.2572143204e-06
7,268,4.1479381794e-07
7,269,1.1003800273e-06
7,462,1.5487351493e-06
7,463,2.6686698890e-06
7,464,3.4097435127e-06
7,465,-1.7023768612e-07
7,466,-2.8953818097e-07
7,467,-1.3156881368e-06
8,6,3.5206151864e-06
8,7,-4.1455528383e-07
8,8,1.2737113722e-05
8,9,-1.0989945290e-07
8,10,2.6563046568e-07
8,11,-6.4651676204e-06
8,198,-1.7391545038e-06
8,199,2.9923371550e-06
8,200,-3.8118771641e-06
8,201,-1.1292345315e-07
8,202,1.8965312606e-07
8,203,1.6170255710e-06
8,222,3.2832787911e-08
8,223,-5.5363134536e-07
8,224,9.2770869330e-07
8,225,3.1580327515e-07
8,226,3.6869698560e-07
8,227,-9.1854741900e-07
8,246,-8.5117744844e-09
8,247,4.3325320804e-07
8,248,8.4277132840e-07
8,249,3.2094342671e-07
8,250,-2.5539038361e-07
8,251,-8.3879017917e-07
8,258,9.5805335661e-09
8,259,-4.6175191812e-07
8,260,8.7821711069e-07
8,261,-2.7795462114e-07
8,262,-3.2260139350e-07
8,263,-8.0048655100e-07
8,264,1.9854314955e-08
8,265,5.4460496481e-07
8,266,7.6242716987e-07
8,267,-2.2372221755e-07
8,268,5.5744547559e-07
8,269,-7.2283126476e-07
8,462,-1.9781407862e-06
8,463,-3.4085277318e-06
8,464,-4.3548924013e-06
8,465,2.2331798391e-07
8,466,3.7994103660e-07
8,467,1.6790470407e-06
9,6,-5.6258000538e-08
9,7,6.9090930551e-08
9,8,-1.0989945290e-07
9,9,7.3914516536e-06
9,10,-3.1538823042e-07
9,11,-9.9036042563e-08
9,198,3.3090353841e-09
9,199,-7.8294734975e-09
9,200,1.5471139488e-08
9,201,-1.3123312365e-07
9,202,2.2568590553e-07
9,203,-2.0786055397e-08
9,222,-1.3022729941e-06
9,223,1.2705989208e-06
9,224,-2.8371822203e-07
9,225,1.3769452736e-06
9,226,-1.1308691835e-06
9,227,-3.3148159563e-07
9,246,-1.2499455521e-06
9,247,-1.2622476825e-06
9,248,-3.1470654011e-07
9,249,1.3631070721e-06
9,250,1.1954178190e-06
9,251,-4.0731281824e-07
9,258,1.2506675334e-06
9,259,-1.2904692238e-06
9,260,3.8085181967e-07
9,261,1.4255032383e-06
9,262,-1.3047975099e-06
9,263,5.3696988117e-07
9,264,1.3144520147e-06
9,265,1.0753433150e-06
9,266,-8.0285426810e-08
9,267,1.6362585384e-06
9,268,1.1679685417e-06
9,269,8.9737291451e-07
9,462,3.4140273617e-08
9,463,5.6687143683e-08
9,464,6.6915103016e-08
9,465,-2.0259716249e-07
9,466,-3.4878811375e-07
9,467,1.9215387813e-08
10,6,6.9090930551e-08
10,7,-1.5455505949e-07
10,8,2.6563046568e-07
10,9,-3.1538823042e-07
10,10,5.3682515091e-06
10,11,-3.7862083343e-08
10,198,3.5596139816e-09
10,199,-9.7996587172e-09
10,200,2.1941730426e-08
10,201,-2.2592671174e-07
10,202,3.8852344283e-07
10,203,-3.4092256739e-08
10,222,-9.3278424552e-07
10,223,5.9004907760e-07
10,224,4.4409170973e-07
10,225,1.2013455440e-06
10,226,-6.5084438029e-07
10,227,-7.6893149688e-07
10,246,9.6715673494e-07
10,247,7.1134402204e-07
10,248,-3.1989107118e-07
10,249,-1.2418699545e-06
10,250,-8.0205948748e-07
10,251,7.8931890692e-07
10,258,9.4204812317e-07
10,259,-7.0395504703e-07
10,260,-2.9262755677e-07
10,261,1.2451176303e-06
10,262,-8.3179914452e-07
10,263,8.5718814213e-07
10,264,-9.8436315092e-07
10,265,-4.6096308309e-07
10,266,6.4182210816e-07
10,267,-1.3872648635e-06
10,268,-5.5821107894e-07
10,269,-1.1333512397e-06
10,462,-6.1033155773e-08
10,463,-1.0147858622e-07
10,464,-1.2015706724e-07
10,465,3.4936919364e-07
10,466,6.0145917034e-07
10,467,-3.1695446770e-08
11,6,1.0756899688e-06
11,7,-1.7329768010e-07
11,8,-6.4651676204e-06
11,9,-9.9036042563e-08
11,10,-3.7862083343e-08
11,11,6.4608468449e-06
11,198,7.3872259786e-07
11,199,-1.2710602283e-06
11,200,1.6192651974e-06
11,201,4.5734585749e-08
11,202,-7.7037370826e-08
11,203,-7.0892382686e-07
11,222,-6.8331953933e-07
11,223,1.0212662578e-06
11,224,-8.4857055426e-07
11,225,4.8422866488e-07
11,226,-7.8019147364e-07
11,227,4.2276207990e-07
11,246,-7.1220286791e-07
11,247,-1.0081403620e-06
11,248,-7.8140333265e-07
11,249,5.7288356640e-07
11,250,8.2217093559e-07
11,251,2.8992166261e-07
11,258,-6.6401763145e-07
11,259,9.9661799703e-07
11,260,-8.6161735674e-07
11,261,-5.5772409846e-07
11,262,8.7617135419e-07
11,263,2.4659451226e-07
11,264,-8.2337496183e-07
11,265,-9.9095850010e-07
11,266,-4.7357531831e-07
11,267,-8.7573086229e-07
11,268,-1.0284371762e-06
11,269,-1.3421640168e-07
11,462,7.8788602269e-07
11,463,1.3578233348e-06
11,464,1.7353781938e-06
11,465,-6.8552690983e-08
11,466,-1.1663486310e-07
11,467,-7.1771206995e-07
12,12,6.4479346998e-06
12,13,-3.8200713509e-08
12,14,9.7018262461e-07
12,15,-5.9437413814e-07
12,16,-5.2970923909e-07
12,17,2.3740614713e-06
12,126,-1.2234725516e-06
12,127,-1.4489410948e-06
12,128,-6.8742763804e-07
12,129,8.2660651031e-07
12,130,7.4294100539e-07
12,131,2.3461966211e-07
12,138,-1.0440345648e-06
12,139,2.0704482233e-07
12,140,8.2347764771e-07
12,141,-1.6621312752e-06
12,142,2.8698328156e-07
12,143,-1.7988571386e-06
12,150,-1.0284876598e-06
12,151,-1.2651010268e-06
12,152,-6.8653238043e-07
12,153,-8.6167603750e-07
12,154,-9.0846878826e-07
12,155,4.5936119786e-08
12,210,-1.3361063165e-06
12,211,1.2879183414e-06
12,212,-1.8797626338e-07
12,213,9.7884912962e-07
12,214,-6.0164314833e-07
12,215,1.9467269747e-07
12,348,-7.3793413952e-07
12,349,1.0814267806e-06
12,350,-9.6637621599e-07
12,351,-4.4828466656e-07
12,352,6.1750021569e-07
12,353,4.2101190047e-07
12,360,-4.6769834554e-07
12,361,9.9879667334e-08
12,362,4.6522706272e-07
12,363,8.0746180551e-07
12,364,-1.7205402600e-07
12,365,-1.0356973422e-06
13,12,-3.8200713509e-08
13,13,7.3156924194e-06
13,14,2.5045283026e-07
13,15,-5.2970923909e-07
13,16,-1.6382312057e-06
13,17,-1.3554053196e-07
13,126,1.4025221243e-06
13,127,1.5301451392e-06
13,128,4.4154162559e-07
13,129,-1.1999199554e-06
13,130,-1.0621139066e-06
13,131,1.1226996481e-07
13,138,-2.5271082681e-07
13,139,-2.3705131587e-07
13,140,3.2666575840e-07
13,141,-4.4827802419e-07
13,142,-3.7859910319e-07
13,143,-5.9901354291e-07
13,150,1.2511890996e-06
13,151,1.4503178224e-06
13,152,5.9116730113e-07
13,153,1.2037820741e-06
13,154,1.2221572041e-06
13,155,2.3547697656e-07
13,210,-1.3522496593e-06
13,211,1.0571816954e-06
13,212,3.4062815639e-07
13,213,1.3111470775e-06
13,214,-7.3738445390e-07
13,215,-3.2796230836e-07
13,348,-1.0763397322e-06
13,349,1.5594215885e-06
13,350,-1.3507823931e-06
13,351,-6.9433298091e-07
13,352,9.4909388260e-07
13,353,5.5910579845e-07
13,360,6.2794590047e-08
13,361,-4.2693919430e-08
13,362,-4.8479049328e-08
13,363,-1.0804052816e-07
13,364,7.3578329674e-08
13,365,1.3762079816e-07
14,12,9.7018262461e-07
14,13,2.5045283026e-07
14,14,6.6771235220e-06
14,15,-1.1670676810e-06
14,16,-7.0829706066e-07
14,17,-5.7842484789e-06
14,126,-5.8608085302e-07
14,127,-3.5869956667e-07
14,128,5.4486301967e-07
14,129,1.0428032367e-06
14,130,8.7119404979e-07
14,131,-9.1685302278e-07
14,138,7.5283081733e-07
14,139,-3.0472326833e-07
14,140,-6.0385589245e-07
14,141,1.1736538140e-06
14,142,-4.6075574788e-07
14,143,1.2065485820e-06
14,150,-6.5375351194e-07
14,151,-5.6281721610e-07
14,152,2.1975649221e-07
14,153,-9.7078686144e-07
14,154,-8.8366587264e-07
14,155,-7.8689043576e-07
14,210,-2.9442380839e-07
14,211,-2.7358764657e-07
14,212,1.1145917682e-06
14,213,9.4095215764e-07
14,214,-3.7048208723e-07
14,215,-1.2220589162e-06
14,348,-9.5076944420e-07
14,349,1.3348492514e-06
14,350,-1.0538906246e-06
14,351,-7.0957724011e-07
14,352,9.5263302116e-07
14,353,3.6091711253e-07
14,360,4.8178907962e-07
14,361,-9.4097213854e-08
14,362,-4.8527508870e-07
14,363,-8.3190047454e-07
14,364,1.6210393895e-07
14,365,1.0673311878e-06
15,12,-5.9437413814e-07
15,13,-5.2970923909e-07
15,14,-1.1670676810e-06
15,15,8.5713598328e-06
15,16,-1.5943185077e-07
15,17,-7.1904033307e-07
15,126,-9.5801003361e-07
15,127,-1.3465621638e-06
15,128,-1.0996917083e-06
15,129,2.3837886329e-07
15,130,2.4075202050e-07
15,131,8.0141676439e-07
15,138,1.6733923535e-06
15,139,-3.7120743942e-07
15,140,-1.3024300217e-06
15,141,2.6577881690e-06
15,142,-5.2138313827e-07
15,143,2.8608127354e-06
15,150,9.7606096296e-07
15,151,1.3353696081e-06
15,152,1.0221841118e-06
15,153,5.8152427950e-07
15,154,6.8448546186e-07
15,155,-4.8614387864e-07
15,210,-9.8573469378e-07
15,211,1.2862301596e-06
15,212,-8.6300560601e-07
15,213,2.8491369362e-07
15,214,-2.6858592259e-07
15,215,8.5991177663e-07
15,348,6.3393293824e-07
15,349,-9.6930927030e-07
15,350,9.6221932626e-07
15,351,2.9416060747e-07
15,352,-4.2167286124e-07
15,353,-4.8521390701e-07
15,360,-8.0727946579e-07
15,361,1.7281002093e-07
15,362,8.0281766812e-07
15,363,1.3937293171e-06
15,364,-2.9768527655e-07
15,365,-1.7876646100e-06
16,12,-5.2970923909e-07
16,13,-1.6382312057e-06
16,14,-7.0829706066e-07
16,15,-1.5943185077e-07
16,16,4.8117187694e-06
16,17,-4.7989301172e-07
16,126,8.7152158491e-07
16,127,1.1727085596e-06
16,128,8.4167018316e-07
16,129,-3.1769955662e-07
16,130,-3.3809686267e-07
16,131,-6.5214852168e-07
16,138,3.6263267631e-07
16,139,3.7883495280e-07
16,140,-4.9558664871e-07
16,141,6.4945481366e-07
16,142,6.0223438247e-07
16,143,8.8135080806e-07
16,150,-1.0490226279e-06
16,151,-1.3700992196e-06
16,152,-9.0916442272e-07
16,153,-7.3909801956e-07
16,154,-8.3777476000e-07
16,155,3.4067175229e-07
16,210,-6.8266241111e-07
16,211,8.1643844223e-07
16,212,-3.8204872986e-07
16,213,2.9402884367e-07
16,214,-2.8926012790e-07
16,215,5.3089415131e-07
16,348,8.8330907747e-07
16,349,-1.3378387243e-06
16,350,1.2979923300e-06
16,351,4.3871495539e-07
16,352,-6.2381739360e-07
16,353,-6.4137582752e-07
16,360,1.0878541874e-07
16,361,-7.3832718904e-08
16,362,-8.4024360720e-08
16,363,-1.8717118676e-07
16,364,1.2724235838e-07
16,365,2.3842081405e-07
17,12,2.3740614713e-06
17,13,-1.3554053196e-07
17,14,-5.7842484789e-06
17,15,-7.1904033307e-07
17,16,-4.7989301172e-07
17,17,1.0050633155e-05
17,126,1.1853377856e-07
17,127,-2.3082045232e-07
17,128,-9.5312263415e-07
17,129,-7.9598256173e-07
17,130,-7.3238684334e-07
17,131,9.2216247651e-07
17,138,-1.8379510098e-06
17,139,5.0553025409e-07
17,140,1.3856487210e-06
17,141,-2.9034966619e-06
17,142,7.2506870290e-07
17,143,-3.0864518661e-06
17,150,-1.2076720492e-07
17,151,-4.3451573357e-07
17,152,-8.8481589284e-07
17,153,4.0011660658e-07
17,154,2.9805012626e-07
17,155,8.9026331904e-07
17,210,2.0024488689e-07
17,211,3.6135257968e-07
17,212,-1.2512605350e-06
17,213,-8.6802942255e-07
17,214,4.7770180242e-07
17,215,1.0093908618e-06
17,348,1.1231515227e-07
17,349,-8.7193587181e-08
17,350,-1.0875467886e-07
17,351,2.4292811741e-07
17,352,-3.0742250437e-07
17,353,1.6201942402e-07
17,360,-1.0349942896e-06
17,361,2.2261471410e-07
17,362,1.0287678659e-06
17,363,1.7868546066e-06
17,364,-3.8348082361e-07
17,365,-2.2918714609e-06
18,18,6.3505306190e-06
18,19,7.2007797965e-07
18,20,3.0299315831e-06
18,21,-1.4397814960e-07
18,22,-8.9103945728e-08
18,23,1.1180630945e-06
18,216,-9.3688706090e-07
18,217,1.6119918132e-06
18,218,-2.0535148122e-06
18,219,9.2599976869e-08
18,220,-1.5625120623e-07
18,221,7.7988538806e-07
18,258,-8.8771947473e-07
18,259,8.3539750985e-07
18,260,-5.1371754028e-08
18,261,1.1377630887e-06
18,262,-9.7660877139e-07
18,263,-7.0496463864e-07
18,264,-1.2479366833e-06
18,265,-7.7201723532e-07
18,266,2.8471063750e-07
18,267,1.4582557539e-06
18,268,6.4113066808e-07
18,269,-6.5760388144e-07
18,282,-8.5826194446e-07
18,283,6.9006433307e-07
18,284,1.4425804721e-07
18,285,-1.1643170792e-06
18,286,8.5227506338e-07
18,287,-8.5146922918e-07
18,348,-7.0850886406e-07
18,349,-1.1680304020e-06
18,350,-1.3625739325e-06
18,351,-2.7544468965e-07
18,352,-4.4173698189e-07
18,353,5.6871841091e-07
18,468,-1.1088874772e-06
18,469,-8.7821027968e-07
18,470,9.6944761156e-08
18,471,-1.3998894994e-06
18,472,-9.4549162702e-07
18,473,-8.2722357292e-07
19,18,7.2007797965e-07
19,19,9.0605838138e-06
19,20,1.6781506754e-06
19,21,-8.9103945728e-08
19,22,-3.4384510707e-07
19,23,9.6691673503e-07
19,216,-1.6123311676e-06
19,217,2.7741095882e-06
19,218,-3.5338331660e-06
19,219,1.6233708473e-07
19,220,-2.7401903840e-07
19,221,1.3414818361e-06
19,258,-8.9428551652e-07
19,259,6.9482031634e-07
19,260,2.5706370270e-07
19,261,1.2397936395e-06
19,262,-8.8383668337e-07
19,263,-9.7847035219e-07
19,264,8.9046339980e-07
19,265,7.9144806948e-08
19,266,-8.5569938399e-07
19,267,-1.2792847354e-06
19,268,-5.3947261636e-08
19,269,1.0930629941e-06
19,282,-8.7957984652e-07
19,283,5.4923327489e-07
19,284,4.3185053257e-07
19,285,-1.2692000621e-06
19,286,7.2021703119e-07
19,287,-1.1030485824e-06
19,348,1.1637542942e-06
19,349,1.9167722545e-06
19,350,2.2315774237e-06
19,351,4.6567661871e-07
19,352,7.4672445774e-07
19,353,-9.2262656186e-07
19,468,6.8496173240e-07
19,469,2.1746456057e-07
19,470,-6.3544131872e-07
19,471,1.0270746190e-06
19,472,3.0231890215e-07
19,473,9.6930025365e-07
20,18,3.0299315831e-06
20,19,1.6781506754e-06
20,20,1.1368589178e-05
20,21,-2.2345805167e-07
20,22,-3.6184403048e-07
20,23,-5.8313892855e-06
20,216,-2.0548177066e-06
20,217,3.5353310580e-06
20,218,-4.5032609366e-06
20,219,2.1455222155e-07
20,220,-3.6239602180e-07
20,221,1.7079335946e-06
20,258,-1.7797823603e-07
20,259,-1.6309589496e-07
20,260,6.6107886339e-07
20,261,4.3898723726e-07
20,262,4.3293621067e-08
20,263,-7.5556525826e-07
20,264,2.0240151738e-07
20,265,8.7787332802e-07
20,266,8.1667056093e-07
20,267,1.4442051696e-07
20,268,-8.2855520671e-07
20,269,-9.3436872953e-07
20,282,-2.0823570962e-07
20,283,-1.9458133459e-07
20,284,6.5676270830e-07
20,285,-4.5657008525e-07
20,286,-1.5685931213e-07
20,287,-7.4136671193e-07
20,348,-1.3471153268e-06
20,349,-2.2143401865e-06
20,350,-2.5668270316e-06
20,351,-5.7237000720e-07
20,352,-9.1755610634e-07
20,353,1.0387812204e-06
20,468,4.0519755690e-07
20,469,7.6981382933e-07
20,470,6.6429251613e-07
20,471,2.8727636463e-07
20,472,7.7716251526e-07
20,473,-3.5454343237e-07
21,18,-1.4397814960e-07
21,19,-8.9103945728e-08
21,20,-2.2345805167e-07
21,21,7.3505566519e-06
21,22,1.5849145989e-06
21,23,-3.0757860182e-07
21,216,5.5353895332e-08
21,217,-9.2121272890e-08
21,218,1.0932486088e-07
21,219,-2.3902119436e-07
21,220,4.1076576167e-07
21,221,5.5387242708e-09
21,258,-1.1292018552e-06
21,259,1.1587566891e-06
21,260,-2.6758741423e-07
21,261,1.3859558268e-06
21,262,-1.3077577858e-06
21,263,-7.2103071347e-07
21,264,-1.4137993350e-06
21,265,-1.1521224539e-06
21,266,-6.1312630655e-08
21,267,1.5116263021e-06
21,268,9.6372280892e-07
21,269,-3.7803278281e-07
21,282,1.1424396286e-06
21,283,-1.0081095683e-06
21,284,-3.1008641541e-08
21,285,1.5067661082e-06
21,286,-1.2213401120e-06
21,287,1.0027591728e-06
21,348,8.4464061888e-08
21,349,1.5211848319e-07
21,350,2.0989210615e-07
21,351,-6.3805054273e-08
21,352,-1.0165563823e-07
21,353,-1.5181074428e-07
21,468,1.3884639008e-06
21,469,1.2663926567e-06
21,470,1.7393880851e-07
21,471,1.6695253271e-06
21,472,1.3284222793e-06
21,473,8.0061525584e-07
22,18,-8.9103945728e-08
22,19,-3.4384510707e-07
22,20,-3.6184403048e-07
22,21,1.5849145989e-06
22,22,5.3954984183e-06
22,23,-4.3535360513e-08
22,216,9.8282168250e-08
22,217,-1.6373144791e-07
22,218,1.9475507273e-07
22,219,-4.1181687608e-07
22,220,7.0770370143e-07
22,221,7.7197502248e-09
22,258,-1.0419343814e-06
22,259,8.9066593651e-07
22,260,1.4299920842e-07
22,261,1.3927350319e-06
22,262,-1.0931476917e-06
22,263,-9.8592024663e-07
22,264,7.5497299560e-07
22,265,1.3063613712e-07
22,266,-7.3143289971e-07
22,267,-1.0524769209e-06
22,268,-1.4255900408e-07
22,269,8.1869337204e-07
22,282,1.0896955876e-06
22,283,-7.5764976640e-07
22,284,-4.1093511163e-07
22,285,1.5352590875e-06
22,286,-9.7350102921e-07
22,287,1.2505059510e-06
22,348,-1.2493178239e-07
22,349,-2.2689368967e-07
22,350,-3.1740510961e-07
22,351,1.0858953672e-07
22,352,1.7286543297e-07
22,353,2.3851827495e-07
22,468,-6.9173392194e-07
22,469,-2.4389705956e-07
22,470,6.4243949881e-07
22,471,-1.0250987540e-06
22,472,-3.4588951387e-07
22,473,-9.3373067700e-07
23,18,1.1180630945e-06
23,19,9.6691673503e-07
23,20,-5.8313892855e-06
23,21,-3.0757860182e-07
23,22,-4.3535360513e-08
23,23,6.4337913496e-06
23,216,7.7887959342e-07
23,217,-1.3405390259e-06
23,218,1.7087616298e-06
23,219,-4.6127809639e-08
23,220,7.7546869377e-08
23,221,-7.1339582332e-07
23,258,-6.8342603408e-07
23,259,9.1651334442e-07
23,260,-6.2519675680e-07
23,261,7.0154616334e-07
23,262,-9.3218768352e-07
23,263,-4.7206789936e-08
23,264,-5.6247629641e-07
23,265,-1.0509397426e-06
23,266,-9.0580760941e-07
23,267,3.0148700244e-07
23,268,8.6238592772e-07
23,269,6.1743419854e-07
23,282,-7.9205876480e-07
23,283,9.0340361432e-07
23,284,-3.5546619035e-07
23,285,-9.4632200482e-07
23,286,1.0410773255e-06
23,287,-3.9911185185e-07
23,348,6.6829393091e-07
23,349,1.0983014618e-06
23,350,1.2723504580e-06
23,351,2.8557230890e-07
23,352,4.5937081357e-07
23,353,-5.2722509842e-07
23,468,-7.9914543958e-07
23,469,-1.0998168831e-06
23,470,-7.8207658984e-07
23,471,-7.7561150465e-07
23,472,-1.0749005702e-06
23,473,5.6021951099e-08
24,24,4.9274285986e-06
24,25,5.6848108226e-07
24,26,4.4032110585e-06
24,27,-1.0789017215e-06
24,28,-9.0735898533e-07
24,29,5.3148019491e-07
24,84,-1.0286533901e-06
24,85,-1.7181735385e-06
24,86,-2.0600243546e-06
24,87,-7.2713927944e-07
24,88,-1.1928489437e-06
24,89,1.7250146657e-07
24,306,-1.3136363768e-06
24,307,2.2064940128e-06
24,308,-2.6763241758e-06
24,309,-5.7517820162e-07
24,310,9.3644124259e-07
24,311,3.6712667119e-07
24,336,-1.2979137142e-06
24,337,-8.4503357922e-07
24,338,2.7077881332e-07
24,339,-1.4896128948e-06
24,340,-6.9655725412e-07
24,341,-6.2547746715e-07
24,360,-6.6046613652e-07
24,361,4.6902346421e-07
24,362,2.9232160048e-07
24,363,-9.6713436862e-07
24,364,6.5454458375e-07
24,365,-8.6257386405e-07
25,24,5.6848108226e-07
25,25,8.8657802970e-06
25,26,1.1211373321e-06
25,27,-9.0735898533e-07
25,28,1.7418530801e-06
25,29,9.2654864105e-07
25,84,1.7208896066e-06
25,85,2.8731739525e-06
25,86,3.4416531402e-06
25,87,1.2372438229e-06
25,88,2.0293949435e-06
25,89,-2.5575168107e-07
25,306,-2.2092348063e-06
25,307,3.7096634266e-06
25,308,-4.4966325124e-06
25,309,-9.9581169444e-07
25,310,1.6222352934e-06
25,311,5.8952524623e-07
25,336,6.9503672860e-07
25,337,-5.1798873435e-08
25,338,-8.7920677034e-07
25,339,1.0703142910e-06
25,340,-2.8298725161e-08
25,341,1.0345834431e-06
25,360,-7.1803922950e-07
25,361,4.4432842860e-07
25,362,4.2193927136e-07
25,363,-1.0835232380e-06
25,364,6.3835503223e-07
25,365,-1.0428160741e-06
26,24,4.4032110585e-06
26,25,1.1211373321e-06
26,26,1.1776493416e-05
26,27,3.1536997421e-06
26,28,-8.5863691107e-07
26,29,-1.9947888199e-06
26,84,-2.0700543975e-06
26,85,-3.4529597575e-06
26,86,-4.1281002645e-06
26,87,-1.5409995722e-06
26,88,-2.5269495202e-06
26,89,2.2388958027e-07
26,306,-2.6865198342e-06
26,307,4.5081686893e-06
26,308,-5.4570713813e-06
26,309,-1.2834510720e-06
26,310,2.0931802526e-06
26,311,6.4528313031e-07
26,336,4.7251225110e-07
26,337,9.1151863593e-07
26,338,5.8461564487e-07
26,339,2.1585789567e-07
26,340,8.2886571351e-07
26,341,-6.6731674108e-07
26,360,-2.0727606048e-07
26,361,-1.2229075413e-08
26,362,3.3838145879e-07
26,363,-3.8151295890e-07
26,364,2.4507144508e-08
26,365,-5.2764099446e-07
27,24,-1.0789017215e-06
27,25,-9.0735898533e-07
27,26,3.1536997421e-06
27,27,5.4027989364e-06
27,28,1.3972113806e-06
27,29,-8.9861766155e-07
27,84,-6.5718948370e-07
27,85,-1.0745713563e-06
27,86,-1.2296849058e-06
27,87,-8.4882033988e-07
27,88,-1.3875731884e-06
27,89,-4.9717426790e-07
27,306,-4.3949400500e-07
27,307,7.0616621844e-07
27,308,-7.7504200548e-07
27,309,-9.8439282673e-07
27,310,1.6295093789e-06
27,311,-6.5255419777e-07
27,336,1.4188370858e-06
27,337,1.2225516995e-06
27,338,1.3898108922e-07
27,339,1.4668782643e-06
27,340,9.9921292255e-07
27,341,2.6924270385e-07
27,360,9.2299343450e-07
27,361,-6.9576297934e-07
27,362,-3.4450938521e-07
27,363,1.3318387116e-06
27,364,-9.5973864728e-07
27,365,1.1408673632e-06
28,24,-9.0735898533e-07
28,25,1.7418530801e-06
28,26,-8.5863691107e-07
28,27,1.3972113806e-06
28,28,7.7453195790e-06
28,29,-1.2923703845e-06
28,84,1.1215989867e-06
28,85,1.8339086671e-06
28,86,2.0986072638e-06
28,87,1.4489674363e-06
28,88,2.3682622096e-06
28,89,8.5595365651e-07
28,306,-7.6989611004e-07
28,307,1.2389043983e-06
28,308,-1.3647041776e-06
28,309,-1.6785276467e-06
28,310,2.7776816079e-06
28,311,-1.1135457399e-06
28,336,-4.6172903685e-07
28,337,9.0682493632e-08
28,338,7.6983982697e-07
28,339,-7.4145359906e-07
28,340,1.3369512796e-08
28,341,-7.3501831745e-07
28,360,9.6335882346e-07
28,361,-6.3629450485e-07
28,362,-5.0590404314e-07
28,363,1.4340637496e-06
28,364,-9.0287198875e-07
28,365,1.3339074838e-06
29,24,5.3148019491e-07
29,25,9.2654864105e-07
29,26,-1.9947888199e-06
29,27,-8.9861766155e-07
29,28,-1.2923703845e-06
29,29,5.0373317620e-06
29,84,2.2252661994e-07
29,85,4.0474817618e-07
29,86,5.6859366093e-07
29,87,-3.9165256074e-07
29,88,-6.2777635967e-07
29,89,-1.0485606124e-06
29,306,3.4819242759e-07
29,307,-6.0882616449e-07
29,308,7.9864428825e-07
29,309,-4.4001248660e-07
29,310,7.1917188606e-07
29,311,-1.1548306359e-06
29,336,-4.8042311810e-07
29,337,-1.0431469701e-06
29,338,-1.0318367819e-06
29,339,-1.5656620544e-07
29,340,-8.0575153570e-07
29,341,7.6160363445e-07
29,360,-7.3124848338e-07
29,361,6.4524755912e-07
29,362,1.2117721906e-07
29,363,-1.0091602621e-06
29,364,8.6429946903e-07
29,365,-7.5383414909e-07
30,30,5.1947661482e-06
30,31,1.0694983687e-06
30,32,5.1640499063e-07
30,33,-1.3281088274e-07
30,34,-3.2785166291e-07
30,35,4.9694178408e-06
30,90,-1.3088652177e-06
30,91,4.3624384382e-07
30,92,3.4643921269e-07
30,93,-2.1849664131e-06
30,94,7.6650576703e-07
30,95,-2.6165837366e-06
30,300,-1.0514694291e-06
30,301,1.2342699864e-06
30,302,-5.6638365885e-07
30,303,9.5417802625e-07
30,304,-9.5874110870e-07
30,305,-5.8952423689e-08
30,318,-1.0166178730e-06
30,319,1.3587764856e-06
30,320,-9.5310007204e-07
30,321,-6.9547311651e-07
30,322,8.1527160432e-07
30,323,3.2922340186e-07
30,450,-1.1556479400e-06
30,451,6.3445316666e-07
30,452,2.9983648323e-07
30,453,1.9709817630e-06
30,454,-1.0941635984e-06
30,455,-2.4665773616e-06
31,30,1.0694983687e-06
31,31,5.6566528134e-06
31,32,8.5383339182e-07
31,33,-3.2785166291e-07
31,34,-2.7054174931e-07
31,35,-3.1134882427e-06
31,90,5.8683553148e-07
31,91,-9.7897921724e-07
31,92,4.2851525966e-07
31,93,1.0147504751e-06
31,94,-1.6631237795e-06
31,95,1.3042196218e-06
31,300,-1.1930375260e-06
31,301,1.2835705811e-06
31,302,-3.3585376555e-07
31,303,1.2553032458e-06
31,304,-1.1844326872e-06
31,305,-4.1723807390e-07
31,318,-1.3050286709e-06
31,319,1.6841683773e-06
31,320,-1.0439088211e-06
31,321,-1.0223265107e-06
31,322,1.1786070067e-06
31,323,2.2444933629e-07
31,450,6.9039848913e-07
31,451,-8.9611812352e-07
31,452,4.5565417219e-07
31,453,-1.1890847769e-06
31,454,1.5419372647e-06
31,455,1.5177861204e-06
32,30,5.1640499063e-07
32,31,8.5383339182e-07
32,32,5.2097271498e-06
32,33,-1.5398779013e-07
32,34,-2.0853157202e-07
32,35,-3.1317766575e-06
32,90,3.6537971204e-07
32,91,6.6360498093e-07
32,92,-1.1509195509e-06
32,93,5.7474939386e-07
32,94,1.1276437600e-06
32,95,5.9810041093e-07
32,300,-4.7772148006e-07
32,301,2.6423632134e-07
32,302,5.0803646901e-07
32,303,8.7156954396e-07
32,304,-6.6353316601e-07
32,305,-9.4401412786e-07
32,318,-8.1254623214e-07
32,319,9.1354263286e-07
32,320,-2.4985150313e-07
32,321,-9.2773181317e-07
32,322,1.0237971525e-06
32,323,-3.2221620797e-07
32,450,2.7645248447e-07
32,451,5.3898138862e-07
32,452,-1.1510686771e-06
32,453,-4.5600533522e-07
32,454,-9.2949659175e-07
32,455,5.3086059735e-07
33,30,-1.3281088274e-07
33,31,-3.2785166291e-07
33,32,-1.5398779013e-07
33,33,9.6395485885e-06
33,34,-1.7152901744e-06
33,35,-7.3489833295e-08
33,90,2.1800906509e-06
33,91,-6.8609131349e-07
33,92,-6.0724819189e-07
33,93,3.6375381546e-06
33,94,-1.2084513562e-06
33,95,4.3514903245e-06
33,300,-9.3674388974e-07
33,301,1.2641661548e-06
33,302,-9.3654351488e-07
33,303,6.0696679812e-07
33,304,-7.1810807823e-07
33,305,4.4077261152e-07
33,318,8.5513883060e-07
33,319,-1.2623454707e-06
33,320,1.1585441597e-06
33,321,3.2758540417e-07
33,322,-4.2339632651e-07
33,323,-6.7070499507e-07
33,450,-1.9711727784e-06
33,451,1.0701629209e-06
33,452,5.2617678169e-07
33,453,3.3616070147e-06
33,454,-1.8456598407e-06
33,455,-4.2061794936e-06
34,30,-3.2785166291e-07
34,31,-2.7054174931e-07
34,32,-2.0853157202e-07
34,33,-1.7152901744e-06
34,34,7.5960139276e-06
34,35,-9.4257154764e-07
34,90,-9.4025590693e-07
34,91,1.6000509702e-06
34,92,-6.8835389890e-07
34,93,-1.6272927474e-06
34,94,2.7168944724e-06
34,95,-2.0949066684e-06
34,300,-8.8673746506e-07
34,301,1.1234962414e-06
34,302,-6.7809002281e-07
34,303,6.8267448237e-07
34,304,-7.6188301350e-07
34,305,2.3357451277e-07
34,318,9.6238115603e-07
34,319,-1.3890104707e-06
34,320,1.2029490273e-06
34,321,4.3689402835e-07
34,322,-5.5820679879e-07
34,323,-6.7979179947e-07
34,450,1.1660797454e-06
34,451,-1.5149919690e-06
34,452,7.6657259472e-07
34,453,-2.0083910776e-06
34,454,2.6067237894e-06
34,455,2.5636553191e-06
35,30,4.9694178408e-06
35,31,-3.1134882427e-06
35,32,-3.1317766575e-06
35,33,-7.3489833295e-08
35,34,-9.4257154764e-07
35,35,1.3104961854e-05
35,90,-2.5986383943e-06
35,91,7.1516649037e-07
35,92,7.9907572415e-07
35,93,-4.3312954838e-06
35,94,1.2676231181e-06
35,95,-5.1697470116e-06
35,300,-3.4721688855e-08
35,301,3.6859066773e-07
35,302,-9.0495916469e-07
35,303,-4.5277069370e-07
35,304,2.7334597246e-07
35,305,9.2453212621e-07
35,318,3.1696886128e-08
35,319,1.8220662986e-07
35,320,-6.5547223297e-07
35,321,5.0586161019e-07
35,322,-5.4596458436e-07
35,323,6.6520258252e-07
35,450,-2.4673020992e-06
35,451,1.3087280867e-06
35,452,6.9628061467e-07
35,453,4.2070077523e-06
35,454,-2.2573144994e-06
35,455,-5.2622102844e-06
36,36,6.2654096032e-06
36,37,-8.9722348495e-07
36,38,2.3289603198e-06
36,39,-1.2497189448e-08
36,40,6.1197084645e-07
36,41,1.5463446738e-06
36,42,-1.3833922287e-06
36,43,1.4772450244e-06
36,44,-4.4443089871e-07
36,45,-6.7962248745e-07
36,46,3.7678403089e-07
36,47,5.0421795407e-07
36,168,-1.0793539861e-06
36,169,-3.5198382746e-07
36,170,7.4465700192e-07
36,171,-1.5864849036e-06
36,172,-4.3143051568e-07
36,173,-1.4280325906e-06
36,270,-9.5575952066e-07
36,271,9.7718660174e-07
36,272,-2.2781900295e-07
36,273,1.0603573385e-06
36,274,-9.4336994702e-07
36,275,-3.8476154968e-07
36,294,-1.1565154461e-06
36,295,-1.9272447364e-06
36,296,-2.2995177224e-06
36,297,-5.0230495302e-09
36,298,1.7058417721e-08
36,299,8.5757265271e-07
36,438,-1.1232014707e-06
36,439,-6.2689450412e-07
36,440,4.6754467463e-07
36,441,1.4061562468e-06
36,442,6.0974669401e-07
36,443,-8.0889821672e-07
37,36,-8.9722348495e-07
37,37,8.3484950400e-06
37,38,-3.0669967843e-06
37,39,6.1197084645e-07
37,40,3.5095345759e-07
37,41,-7.4472277481e-08
37,42,-1.5279050753e-06
37,43,1.4393399802e-06
37,44,-3.1875702683e-08
37,45,-1.0803247974e-06
37,46,6.7378581002e-07
37,47,1.9470049652e-07
37,168,6.0954416946e-07
37,169,-1.4258764446e-07
37,170,-6.6945130961e-07
37,171,9.9419840353e-07
37,172,-2.2606646602e-07
37,173,1.1294088125e-06
37,270,-9.8610910112e-07
37,271,8.4989417290e-07
37,272,1.2690315133e-07
37,273,1.2329360522e-06
37,274,-9.3969881823e-07
37,275,-7.4157913678e-07
37,294,1.9304477413e-06
37,295,3.2153535757e-06
37,296,3.8324136639e-06
37,297,3.2740259501e-08
37,298,1.2106412058e-08
37,299,-1.4312179179e-06
37,438,7.8657394279e-07
37,439,6.2796712703e-08
37,440,-7.9694428369e-07
37,441,-1.1701963094e-06
37,442,-5.9529533467e-08
37,443,1.0856688339e-06
38,36,2.3289603198e-06
38,37,-3.0669967843e-06
38,38,9.4049236833e-06
38,39,4.0635017662e-07
38,40,1.0227023108e-06
38,41,-5.1892807822e-06
38,42,-5.4308055289e-07
38,43,1.0520273114e-07
38,44,9.3234548549e-07
38,45,-1.0810629166e-06
38,46,7.4322485927e-07
38,47,-7.7512059702e-07
38,168,3.8547641603e-07
38,169,5.5677198594e-07
38,170,-5.9574811506e-08
38,171,4.4250846650e-07
38,172,7.7501207146e-07
38,173,9.3236618755e-08
38,270,-2.4362241189e-07
38,271,-1.1617720618e-07
38,272,7.5076271809e-07
38,273,5.9075450385e-07
38,274,-1.4230278296e-07
38,275,-9.1328062477e-07
38,294,-2.3113094235e-06
38,295,-3.8456852011e-06
38,296,-4.5734974492e-06
38,297,-1.0094500083e-07
38,298,-1.1734136405e-07
38,299,1.7124730195e-06
38,438,1.9432640958e-07
38,439,6.9757910902e-07
38,440,5.2832977755e-07
38,441,4.7148888535e-08
38,442,-7.3648868903e-07
38,443,-7.0369874134e-07
39,36,-1.2497189448e-08
39,37,6.1197084645e-07
39,38,4.0635017662e-07
39,39,7.6485023261e-06
39,40,-9.6383351491e-07
39,41,-5.2735661970e-07
39,42,8.2769940343e-07
39,43,-1.2311020831e-06
39,44,1.0950594349e-06
39,45,-1.8899074942e-07
39,46,2.3999648976e-07
39,47,-9.5597534866e-07
39,168,1.5874842354e-06
39,169,6.0331648169e-07
39,170,-1.0327813281e-06
39,171,2.3087102693e-06
39,172,7.5235874825e-07
39,173,2.0193004582e-06
39,270,-1.0835821897e-06
39,271,1.2431406574e-06
39,272,-5.6753166431e-07
39,273,1.0834904450e-06
39,274,-1.0982657486e-06
39,275,-1.4180404662e-07
39,294,1.7070743194e-07
39,295,3.1133627600e-07
39,296,4.3952696967e-07
39,297,-4.1071542689e-07
39,298,-6.8806267258e-07
39,299,-1.3057798740e-07
39,438,-1.4861837896e-06
39,439,-9.7858021030e-07
39,440,4.3256791325e-07
39,441,1.7870787480e-06
39,442,9.5242658753e-07
39,443,-8.6454935285e-07
40,36,6.1197084645e-07
40,37,3.5095345759e-07
40,38,1.0227023108e-06
40,39,-9.6383351491e-07
40,40,5.5801631372e-06
40,41,3.8513306996e-07
40,42,5.8605871359e-07
40,43,-8.9433386583e-07
40,44,7.8627462547e-07
40,45,-1.7265432058e-07
40,46,1.3407172678e-07
40,47,-8.4651789629e-07
40,168,-7.9858590148e-07
40,169,1.9328771792e-07
40,170,9.0601881699e-07
40,171,-1.3044001877e-06
40,172,2.9885577885e-07
40,173,-1.4838015044e-06
40,270,-9.8450443898e-07
40,271,9.6664062380e-07
40,272,-1.2332936598e-07
40,273,1.1272862319e-06
40,274,-9.7898742646e-07
40,275,-4.6782798265e-07
40,294,-2.5921206609e-07
40,295,-4.7656588477e-07
40,296,-6.8158514393e-07
40,297,6.8208012497e-07
40,298,1.1416875498e-06
40,299,2.0659495043e-07
40,438,8.8282191966e-07
40,439,9.9344987915e-08
40,440,-9.0310465132e-07
40,441,-1.2991559097e-06
40,442,-1.1470280426e-07
40,443,1.1678249624e-06
41,36,1.5463446738e-06
41,37,-7.4472277481e-08
41,38,-5.1892807822e-06
41,39,-5.2735661970e-07
41,40,3.8513306996e-07
41,41,7.0888165461e-06
41,42,3.3032192544e-07
41,43,1.1184115189e-07
41,44,-1.0903369825e-06
41,45,9.5913278405e-07
41,46,-8.4637434241e-07
41,47,4.9852267191e-07
41,168,-1.4311231463e-06
41,169,-7.4830779635e-07
41,170,7.7520426784e-07
41,171,-2.0224699126e-06
41,172,-9.5777653031e-07
41,173,-1.6275777161e-06
41,270,-4.3244075540e-07
41,271,7.8505026018e-07
41,272,-9.0619307364e-07
41,273,1.7890304173e-07
41,274,-4.8464624172e-07
41,275,5.5755268616e-07
41,294,7.7884383317e-07
41,295,1.2890167716e-06
41,296,1.5149225874e-06
41,297,1.3918601388e-07
41,298,2.2332839558e-07
41,299,-7.2259007978e-07
41,438,-1.0127857203e-06
41,439,-1.0063904472e-06
41,440,-1.4873777443e-07
41,441,1.0504560287e-06
41,442,9.7195228067e-07
41,443,-1.2541345623e-07
42,36,-1.3833922287e-06
42,37,-1.5279050753e-06
42,38,-5.4308055289e-07
42,39,8.2769940343e-07
42,40,5.8605871359e-07
42,41,3.3032192544e-07
42,42,4.9558956816e-06
42,43,-1.0504295719e-06
42,44,4.8723595562e-07
42,45,-5.5789488500e-07
42,46,9.9765447105e-07
42,47,4.2931997420e-06
42,168,-5.7554105246e-07
42,169,-8.5440756013e-07
42,170,-7.8777332464e-07
42,171,-4.2886464960e-07
42,172,-6.1470011570e-07
42,173,2.4030630341e-07
42,270,-1.0101502248e-06
42,271,-7.1683482676e-07
42,272,1.6712119796e-07
42,273,1.6965432012e-06
42,274,1.1858283500e-06
42,275,-2.0573135838e-06
42,366,-1.3557919346e-06
42,367,-5.8705417328e-07
42,368,3.7895536595e-07
42,369,-2.2356392616e-06
42,370,-9.1924130814e-07
42,371,-2.6092634132e-06
43,36,1.4772450244e-06
43,37,1.4393399802e-06
43,38,1.0520273114e-07
43,39,-1.2311020831e-06
43,40,-8.9433386583e-07
43,41,1.1184115189e-07
43,42,-1.0504295719e-06
43,43,5.3916927688e-06
43,44,-8.6436453385e-07
43,45,9.9765447105e-07
43,46,-1.5394117694e-06
43,47,3.1710758508e-06
43,168,8.2446115209e-07
43,169,1.2097120793e-06
43,170,1.0812644715e-06
43,171,6.4092624891e-07
43,172,9.0941373830e-07
43,173,-2.9995260156e-07
43,270,-6.7095016435e-07
43,271,-8.4374904244e-07
43,272,-4.7233290097e-07
43,273,1.1079614251e-06
43,274,1.3916460155e-06
43,275,-1.2955190057e-06
43,366,-4.0613187995e-07
43,367,-1.0168476798e-06
43,368,-7.0074226594e-07
43,369,-6.1589734911e-07
43,370,-1.6388287177e-06
43,371,-5.8325936391e-07
44,36,-4.4443089871e-07
44,37,-3.1875702683e-08
44,38,9.3234548549e-07
44,39,1.0950594349e-06
44,40,7.8627462547e-07
44,41,-1.0903369825e-06
44,42,4.8723595562e-07
44,43,-8.6436453385e-07
44,44,5.0834471292e-06
44,45,-1.0973692373e-06
44,46,1.4833672841e-06
44,47,-1.7884057803e-06
44,168,-6.9621360572e-07
44,169,-9.8798560020e-07
44,170,-8.0204600792e-07
44,171,-6.0391968566e-07
44,172,-8.3543020356e-07
44,173,1.4760951819e-07
44,270,2.0185614584e-07
44,271,-4.0275322450e-07
44,272,-1.0335625947e-06
44,273,-3.6708216645e-07
44,274,6.5397063432e-07
