0,0,6.3468244958e-07
0,1,-7.6841715445e-08
0,2,-1.8252771738e-07
0,3,1.9861896229e-08
0,4,-4.2588002620e-08
0,5,-2.0759775595e-07
1,0,-7.6841715445e-08
1,1,4.7142469605e-07
1,2,-8.4782166582e-08
1,3,-4.2588002620e-08
1,4,3.1722847947e-08
1,5,-3.0291447130e-09
2,0,-1.8252771738e-07
2,1,-8.4782166582e-08
2,2,4.7342188556e-07
2,3,1.3260947160e-08
2,4,-1.6490497440e-08
2,5,-2.7526891022e-08
3,0,1.9861896229e-08
3,1,-4.2588002620e-08
3,2,1.3260947160e-08
3,3,4.4900137187e-07
3,4,-7.9551064842e-08
3,5,1.9377770446e-08
4,0,-4.2588002620e-08
4,1,3.1722847947e-08
4,2,-1.6490497440e-08
4,3,-7.9551064842e-08
4,4,2.6372210552e-07
4,5,-3.8251470831e-08
5,0,-2.0759775595e-07
5,1,-3.0291447130e-09
5,2,-2.7526891022e-08
5,3,1.9377770446e-08
5,4,-3.8251470831e-08
5,5,4.4574786754e-07
6,6,6.2123360820e-07
6,7,-1.4882577565e-08
6,8,-1.4292424166e-07
6,9,-5.9076895444e-09
6,10,3.6748504298e-09
6,11,-2.8061641116e-07
7,6,-1.4882577565e-08
7,7,4.9339828021e-07
7,8,-1.2689601131e-08
7,9,3.6748504298e-09
7,10,-7.4973626552e-09
7,11,-8.8664975209e-10
8,6,-1.4292424166e-07
8,7,-1.2689601131e-08
8,8,5.5077561058e-07
8,9,-1.7773085689e-09
8,10,8.0232180527e-09
8,11,-7.3143229183e-08
9,6,-5.9076895444e-09
9,7,3.6748504298e-09
9,8,-1.7773085689e-09
9,9,3.7024265982e-07
9,10,-1.5675621212e-08
9,11,-2.5982851888e-09
10,6,3.6748504298e-09
10,7,-7.4973626552e-09
10,8,8.0232180527e-09
10,9,-1.5675621212e-08
10,10,1.8389274848e-07
10,11,-2.5349642252e-09
11,6,-2.8061641116e-07
11,7,-8.8664975209e-10
11,8,-7.3143229183e-08
11,9,-2.5982851888e-09
11,10,-2.5349642252e-09
11,11,4.2384615815e-07
12,12,6.1020112204e-07
12,13,-2.9951179682e-09
12,14,-2.8022509599e-07
12,15,-6.2012076608e-08
12,16,-3.5145520621e-08
12,17,-1.8855721524e-07
13,12,-2.9951179682e-09
13,13,3.5956017659e-07
13,14,1.5392249706e-08
13,15,-3.5145520621e-08
13,16,-8.1227628578e-08
13,17,-1.9355654783e-09
14,12,-2.8022509599e-07
14,13,1.5392249706e-08
14,14,4.2920574882e-07
14,15,-2.1483640214e-08
14,16,-1.3216079940e-08
14,17,-2.9826909145e-08
15,12,-6.2012076608e-08
15,13,-3.5145520621e-08
15,14,-2.1483640214e-08
15,15,4.4155042167e-07
15,16,-4.7263403620e-09
15,17,-7.7351753444e-09
16,12,-3.5145520621e-08
16,13,-8.1227628578e-08
16,14,-1.3216079940e-08
16,15,-4.7263403620e-09
16,16,1.6704794890e-07
16,17,-5.9274370721e-09
17,12,-1.8855721524e-07
17,13,-1.9355654783e-09
17,14,-2.9826909145e-08
17,15,-7.7351753444e-09
17,16,-5.9274370721e-09
17,17,4.8900223094e-07
18,18,6.0232911438e-07
18,19,7.3060875321e-08
18,20,-1.5061632174e-07
18,21,-1.6257853228e-08
18,22,-4.7532800382e-09
18,23,-2.7186991605e-07
19,18,7.3060875321e-08
19,19,4.6761378080e-07
19,20,5.2341351426e-08
19,21,-4.7532800382e-09
19,22,-1.8457802327e-08
19,23,6.1441399913e-09
20,18,-1.5061632174e-07
20,19,5.2341351426e-08
20,20,5.0825156136e-07
20,21,-2.4596178667e-09
20,22,-1.0883512707e-08
20,23,-4.7517355228e-08
21,18,-1.6257853228e-08
21,19,-4.7532800382e-09
21,20,-2.4596178667e-09
21,21,3.5916126905e-07
21,22,7.8556361195e-08
21,23,-7.8784100556e-09
22,18,-4.7532800382e-09
22,19,-1.8457802327e-08
22,20,-1.0883512707e-08
22,21,7.8556361195e-08
22,22,1.8643205129e-07
22,23,-1.8223036499e-09
23,18,-2.7186991605e-07
23,19,6.1441399913e-09
23,20,-4.7517355228e-08
23,21,-7.8784100556e-09
23,22,-1.8223036499e-09
23,23,4.1280895275e-07
24,24,6.2675898105e-07
24,25,5.7133381645e-08
24,26,-8.8126982631e-08
24,27,1.6624531007e-07
24,28,-5.4026322041e-08
24,29,-1.0947235905e-07
25,24,5.7133381645e-08
25,25,5.4793581152e-07
25,26,3.1916676103e-08
25,27,-5.4026322041e-08
25,28,2.1325419179e-07
25,29,7.4557641675e-09
26,24,-8.8126982631e-08
26,25,3.1916676103e-08
26,26,5.3876923336e-07
26,27,5.2557527534e-08
26,28,-1.2097432444e-08
26,29,1.0485730902e-08
27,24,1.6624531007e-07
27,25,-5.4026322041e-08
27,26,5.2557527534e-08
27,27,5.2884392646e-07
27,28,6.3802019846e-08
27,29,1.9067930679e-07
28,24,-5.4026322041e-08
28,25,2.1325419179e-07
28,26,-1.2097432444e-08
28,27,6.3802019846e-08
28,28,4.5840934165e-07
28,29,-2.0497499995e-08
29,24,-1.0947235905e-07
29,25,7.4557641675e-09
29,26,1.0485730902e-08
29,27,1.9067930679e-07
29,28,-2.0497499995e-08
29,29,5.5396239996e-07
30,30,6.6216568850e-07
30,31,-1.5133380762e-07
30,32,-1.3203052506e-07
30,33,-5.4980693269e-09
30,34,-2.6384133469e-08
30,35,-9.9547455501e-08
31,30,-1.5133380762e-07
31,31,5.4407399685e-07
31,32,-1.8988043276e-07
31,33,-2.6384133469e-08
31,34,-2.5685254034e-09
31,35,-5.0123077664e-08
32,30,-1.3203052506e-07
32,31,-1.8988043276e-07
32,32,5.7383747428e-07
32,33,3.2753296781e-09
32,34,-7.2408032645e-09
32,35,-3.6678063859e-08
33,30,-5.4980693269e-09
33,31,-2.6384133469e-08
33,32,3.2753296781e-09
33,33,5.7312773751e-07
33,34,-1.9616525118e-07
33,35,6.8631170938e-09
34,30,-2.6384133469e-08
34,31,-2.5685254034e-09
34,32,-7.2408032645e-09
34,33,-1.9616525118e-07
34,34,4.2569359476e-07
34,35,-3.3428399885e-08
35,30,-9.9547455501e-08
35,31,-5.0123077664e-08
35,32,-3.6678063859e-08
35,33,6.8631170938e-09
35,34,-3.3428399885e-08
35,35,5.7990348556e-07
36,36,5.6718695095e-07
36,37,-8.4671807871e-08
36,38,-1.8924924287e-07
36,39,3.6279021394e-09
36,40,3.8549073142e-08
36,41,-2.2083918961e-07
37,36,-8.4671807871e-08
37,37,3.9791728225e-07
37,38,-1.0022057255e-07
37,39,3.8549073142e-08
37,40,1.4110327267e-08
37,41,4.1126778303e-08
38,36,-1.8924924287e-07
38,37,-1.0022057255e-07
38,38,4.4686939133e-07
38,39,1.1719707577e-08
38,40,1.8226931304e-08
38,41,-2.0193013310e-08
39,36,3.6279021394e-09
39,37,3.8549073142e-08
39,38,1.1719707577e-08
39,39,3.6966237492e-07
39,40,-4.7886899079e-08
39,41,-2.2544581832e-08
40,36,3.8549073142e-08
40,37,1.4110327267e-08
40,38,1.8226931304e-08
40,39,-4.7886899079e-08
40,40,1.8423829557e-07
40,41,2.4411258548e-09
41,36,-2.2083918961e-07
41,37,4.1126778303e-08
41,38,-2.0193013310e-08
41,39,-2.2544581832e-08
41,40,2.4411258548e-09
41,41,3.8921098224e-07
42,42,6.3102024110e-07
42,43,1.7419456033e-07
42,44,-1.0859562469e-07
42,45,-5.5079222749e-08
42,46,6.1143872965e-08
42,47,-9.3483925047e-08
43,42,1.7419456033e-07
43,43,5.3388936155e-07
43,44,1.9382000456e-07
43,45,6.1143872965e-08
43,46,-6.8171004563e-08
43,47,4.9110224138e-08
44,42,-1.0859562469e-07
44,43,1.9382000456e-07
44,44,5.6112428506e-07
44,45,-1.4637057041e-08
44,46,2.4786136992e-08
44,47,2.0251648038e-08
45,42,-5.5079222749e-08
45,43,6.1143872965e-08
45,44,-1.4637057041e-08
45,45,5.4740567662e-07
45,46,2.1812008015e-07
45,47,-1.6630084258e-08
46,42,6.1143872965e-08
46,43,-6.8171004563e-08
46,44,2.4786136992e-08
46,45,2.1812008015e-07
46,46,4.6647611550e-07
46,47,1.4331051978e-08
47,42,-9.3483925047e-08
47,43,4.9110224138e-08
47,44,2.0251648038e-08
47,45,-1.6630084258e-08
47,46,1.4331051978e-08
47,47,5.3036859739e-07
48,48,6.1952569729e-07
48,49,-1.7997828264e-08
48,50,-1.9286753353e-07
48,51,-2.3617362291e-09
48,52,-1.5693007713e-08
48,53,-2.8259703572e-07
49,48,-1.7997828264e-08
49,49,4.4701973104e-07
49,50,-4.7661790778e-08
49,51,-1.5693007713e-08
49,52,-1.2035856109e-08
49,53,2.6606434224e-08
50,48,-1.9286753353e-07
50,49,-4.7661790778e-08
50,50,4.8711059287e-07
50,51,-1.0815994837e-08
50,52,2.0261559844e-08
50,53,-3.5658342482e-08
51,48,-2.3617362291e-09
51,49,-1.5693007713e-08
51,50,-1.0815994837e-08
51,51,3.6676322445e-07
51,52,5.7996899618e-09
51,53,2.9049602860e-09
52,48,-1.5693007713e-08
52,49,-1.2035856109e-08
52,50,2.0261559844e-08
52,51,5.7996899618e-09
52,52,1.6573058422e-07
52,53,-2.5561054698e-08
53,48,-2.8259703572e-07
53,49,2.6606434224e-08
53,50,-3.5658342482e-08
53,51,2.9049602860e-09
53,52,-2.5561054698e-08
53,53,4.2802969434e-07
54,54,6.4028253158e-07
54,55,-1.4752251152e-07
54,56,-1.2122575929e-07
54,57,-2.4879360781e-09
54,58,-5.2072731254e-09
54,59,-6.4494289378e-08
55,54,-1.4752251152e-07
55,55,5.3185491622e-07
55,56,-1.8690661698e-07
55,57,-5.2072731254e-09
55,58,-1.4033076155e-09
55,59,-6.8632533008e-08
56,54,-1.2122575929e-07
56,55,-1.8690661698e-07
56,56,5.5510266492e-07
56,57,1.2126514864e-09
56,58,-2.3649649469e-09
56,59,-3.2526989297e-08
57,54,-2.4879360781e-09
57,55,-5.2072731254e-09
57,56,1.2126514864e-09
57,57,5.8259708550e-07
57,58,-2.0890931523e-07
57,59,-8.2572767067e-10
58,54,-5.2072731254e-09
58,55,-1.4033076155e-09
58,56,-2.3649649469e-09
58,57,-2.0890931523e-07
58,58,4.4814787870e-07
58,59,-5.9787522286e-09
59,54,-6.4494289378e-08
59,55,-6.8632533008e-08
59,56,-3.2526989297e-08
59,57,-8.2572767067e-10
59,58,-5.9787522286e-09
59,59,6.0444011594e-07
60,60,6.1062042531e-07
60,61,4.7827135398e-08
60,62,-9.1227167311e-08
60,63,-1.4350288044e-07
60,64,3.4258411801e-08
60,65,-1.0280293942e-07
61,60,4.7827135398e-08
61,61,5.2902436631e-07
61,62,4.2235794858e-08
61,63,3.4258411801e-08
61,64,-1.9183763044e-07
61,65,1.9540901764e-09
62,60,-9.1227167311e-08
62,61,4.2235794858e-08
62,62,5.1639745495e-07
62,63,-5.4039893332e-08
62,64,1.9466295392e-09
62,65,4.8212378523e-09
63,60,-1.4350288044e-07
63,61,3.4258411801e-08
63,62,-5.4039893332e-08
63,63,5.1867068098e-07
63,64,4.9574926785e-08
63,65,-1.8015130600e-07
64,60,3.4258411801e-08
64,61,-1.9183763044e-07
64,62,1.9466295392e-09
64,63,4.9574926785e-08
64,64,4.4093161226e-07
64,65,1.8838217603e-08
65,60,-1.0280293942e-07
65,61,1.9540901764e-09
65,62,4.8212378523e-09
65,63,-1.8015130600e-07
65,64,1.8838217603e-08
65,65,5.3174856021e-07
66,66,6.1608694831e-07
66,67,8.4196349158e-09
66,68,-6.5538042910e-08
66,69,-1.4347015936e-07
66,70,1.3230373362e-08
66,71,-1.1429118605e-07
67,66,8.4196349158e-09
67,67,5.5746794069e-07
67,68,-3.4424793242e-09
67,69,1.3230373362e-08
67,70,-2.0321048444e-07
67,71,7.0761728778e-09
68,66,-6.5538042910e-08
68,67,-3.4424793242e-09
68,68,5.7314355055e-07
68,69,-6.6791713935e-08
68,70,1.2148585531e-09
68,71,-2.4485678804e-08
69,66,-1.4347015936e-07
69,67,1.3230373362e-08
69,68,-6.6791713935e-08
69,69,5.1386180382e-07
69,70,1.4748756346e-08
69,71,-1.8090162277e-07
70,66,1.3230373362e-08
70,67,-2.0321048444e-07
70,68,1.2148585531e-09
70,69,1.4748756346e-08
70,70,4.3565425315e-07
70,71,7.8707886385e-09
71,66,-1.1429118605e-07
71,67,7.0761728778e-09
71,68,-2.4485678804e-08
71,69,-1.8090162277e-07
71,70,7.8707886385e-09
71,71,5.3483088047e-07
72,72,6.2847043261e-07
72,73,-1.2326929437e-08
72,74,-2.6184258470e-07
72,75,-3.8619686533e-08
72,76,6.8752046609e-08
72,77,-1.6851310747e-07
73,72,-1.2326929437e-08
73,73,3.9427130509e-07
73,74,-1.8082953959e-09
73,75,6.8752046609e-08
73,76,-7.3840226430e-08
73,77,-4.6024774411e-08
74,72,-2.6184258470e-07
74,73,-1.8082953959e-09
74,74,4.2456127640e-07
74,75,-3.9377760707e-08
74,76,4.5110132841e-08
74,77,-8.1958793543e-09
75,72,-3.8619686533e-08
75,73,6.8752046609e-08
75,74,-3.9377760707e-08
75,75,4.7774772725e-07
75,76,-5.3492739130e-08
75,77,-7.0559057541e-09
76,72,6.8752046609e-08
76,73,-7.3840226430e-08
76,74,4.5110132841e-08
76,75,-5.3492739130e-08
76,76,2.3699189625e-07
76,77,3.0140488102e-08
77,72,-1.6851310747e-07
77,73,-4.6024774411e-08
77,74,-8.1958793543e-09
77,75,-7.0559057541e-09
77,76,3.0140488102e-08
77,77,4.7419543457e-07
78,78,6.1991248970e-07
78,79,-1.6120758780e-07
78,80,-1.1004272441e-07
78,81,-4.3247123731e-08
78,82,-3.3822806702e-08
78,83,-9.7499645654e-08
79,78,-1.6120758780e-07
79,79,5.2148728481e-07
79,80,-1.9111810781e-07
79,81,-3.3822806702e-08
79,82,-4.4220407960e-08
79,83,-6.0650360561e-08
80,78,-1.1004272441e-07
80,79,-1.9111810781e-07
80,80,5.4488382765e-07
80,81,-1.0881648486e-09
80,82,-1.3707475877e-08
80,83,5.5202502502e-09
81,78,-4.3247123731e-08
81,79,-3.3822806702e-08
81,80,-1.0881648486e-09
81,81,5.3270615551e-07
81,82,-2.1545491942e-07
81,83,-3.0688610015e-08
82,78,-3.3822806702e-08
82,79,-4.4220407960e-08
82,80,-1.3707475877e-08
82,81,-2.1545491942e-07
82,82,4.3869715083e-07
82,83,-1.2206710550e-09
83,78,-9.7499645654e-08
83,79,-6.0650360561e-08
83,80,5.5202502502e-09
83,81,-3.0688610015e-08
83,82,-1.2206710550e-09
83,83,5.2719597543e-07
84,84,7.0263972659e-07
84,85,-8.1999576270e-08
84,86,-7.3335448396e-08
84,87,9.0660581639e-08
84,88,6.2728915686e-08
84,89,-7.6573761691e-08
85,84,-8.1999576270e-08
85,85,6.3704650748e-07
85,86,-1.0260201059e-07
85,87,6.2728915686e-08
85,88,1.3129825801e-07
85,89,-3.4792035686e-08
86,84,-7.3335448396e-08
86,85,-1.0260201059e-07
86,86,6.4636856825e-07
86,87,4.5434303411e-08
86,88,4.5580037894e-08
86,89,-3.1207324300e-08
87,84,9.0660581639e-08
87,85,6.2728915686e-08
87,86,4.5434303411e-08
87,87,6.3415007202e-07
87,88,-1.1311851902e-07
87,89,1.1376671565e-07
88,84,6.2728915686e-08
88,85,1.3129825801e-07
88,86,4.5580037894e-08
88,87,-1.1311851902e-07
88,88,5.4359099347e-07
88,89,3.7294550845e-08
89,84,-7.6573761691e-08
89,85,-3.4792035686e-08
89,86,-3.1207324300e-08
89,87,1.1376671565e-07
89,88,3.7294550845e-08
89,89,6.3968378040e-07
90,90,6.2254129133e-07
90,91,-1.7551304689e-07
90,92,-1.0896343452e-07
90,93,5.7256789160e-08
90,94,5.9144367233e-08
90,95,-9.0002333185e-08
91,90,-1.7551304689e-07
91,91,5.2508143267e-07
91,92,-1.9250792165e-07
91,93,5.9144367233e-08
91,94,6.4169037174e-08
91,95,-5.3053098534e-08
92,90,-1.0896343452e-07
92,91,-1.9250792165e-07
92,92,5.5386837817e-07
92,93,7.7281282180e-09
92,94,1.8622232448e-08
92,95,1.4998210563e-08
93,90,5.7256789160e-08
93,91,5.9144367233e-08
93,92,7.7281282180e-09
93,93,5.4204075728e-07
93,94,-2.2296518079e-07
93,95,2.2171300364e-08
94,90,5.9144367233e-08
94,91,6.4169037174e-08
94,92,1.8622232448e-08
94,93,-2.2296518079e-07
94,94,4.5657946707e-07
94,95,1.4792655818e-08
95,90,-9.0002333185e-08
95,91,-5.3053098534e-08
95,92,1.4998210563e-08
95,93,2.2171300364e-08
95,94,1.4792655818e-08
95,95,5.3422160846e-07
96,96,6.0843179803e-07
96,97,6.1852285748e-09
96,98,-2.3715441929e-07
96,99,2.7173358768e-08
96,100,-8.8342313662e-09
96,101,-2.4288915052e-07
97,96,6.1852285748e-09
97,97,3.9631443695e-07
97,98,-4.9725463146e-08
97,99,-8.8342313662e-09
97,100,5.6497346577e-08
97,101,5.3888008587e-08
98,96,-2.3715441929e-07
98,97,-4.9725463146e-08
98,98,4.4947178948e-07
98,99,3.2785215057e-08
98,100,1.5216883891e-08
98,101,-1.8223006896e-08
99,96,2.7173358768e-08
99,97,-8.8342313662e-09
99,98,3.2785215057e-08
99,99,3.9118513740e-07
99,100,5.4384128724e-08
99,101,-2.9773681583e-08
100,96,-8.8342313662e-09
100,97,5.6497346577e-08
100,98,1.5216883891e-08
100,99,5.4384128724e-08
100,100,1.6448937081e-07
100,101,-1.9458100670e-08
101,96,-2.4288915052e-07
101,97,5.3888008587e-08
101,98,-1.8223006896e-08
101,99,-2.9773681583e-08
101,100,-1.9458100670e-08
101,101,4.4590530190e-07
102,102,6.4839821052e-07
102,103,1.4312892709e-07
102,104,-1.5612332153e-07
102,105,-4.2183656689e-08
102,106,4.0721126850e-08
102,107,-2.0476075918e-07
103,102,1.4312892709e-07
103,103,5.0875726660e-07
103,104,1.1415680006e-07
103,105,4.0721126850e-08
103,106,-5.8708623135e-08
103,107,1.9789848603e-08
104,102,-1.5612332153e-07
104,103,1.1415680006e-07
104,104,5.3012324556e-07
104,105,-1.8475474150e-08
104,106,4.1183770076e-09
104,107,-3.2315507128e-08
105,102,-4.2183656689e-08
105,103,4.0721126850e-08
105,104,-1.8475474150e-08
105,105,4.6525461987e-07
105,106,1.6082950579e-07
105,107,6.9500767888e-09
106,102,4.0721126850e-08
106,103,-5.8708623135e-08
106,104,4.1183770076e-09
106,105,1.6082950579e-07
106,106,2.9976127024e-07
106,107,-1.6924681895e-09
107,102,-2.0476075918e-07
107,103,1.9789848603e-08
107,104,-3.2315507128e-08
107,105,6.9500767888e-09
107,106,-1.6924681895e-09
107,107,4.7605301968e-07
108,108,5.9795460329e-07
108,109,2.4602617676e-08
108,110,-4.2051853666e-08
108,111,-1.0997168212e-07
108,112,3.4034484993e-08
108,113,-9.8810086177e-08
109,108,2.4602617676e-08
109,109,5.6034228194e-07
109,110,2.6988858091e-09
109,111,3.4034484993e-08
109,112,-1.4260142336e-07
109,113,2.7460424610e-08
110,108,-4.2051853666e-08
110,109,2.6988858091e-09
110,110,5.5509572500e-07
110,111,-3.6481159753e-08
110,112,4.3986994591e-09
110,113,-1.7998638166e-08
111,108,-1.0997168212e-07
111,109,3.4034484993e-08
111,110,-3.6481159753e-08
111,111,5.0957617547e-07
111,112,4.9163968124e-08
111,113,-1.5547903691e-07
112,108,3.4034484993e-08
112,109,-1.4260142336e-07
112,110,4.3986994591e-09
112,111,4.9163968124e-08
112,112,4.5756494359e-07
112,113,3.1531915608e-08
113,108,-9.8810086177e-08
113,109,2.7460424610e-08
113,110,-1.7998638166e-08
113,111,-1.5547903691e-07
113,112,3.1531915608e-08
113,113,5.1226538970e-07
114,114,6.6276701591e-07
114,115,4.9863568931e-08
114,116,-1.7966237459e-07
114,117,-7.5840783962e-08
114,118,-1.0040911657e-08
114,119,-2.4020213570e-07
115,114,4.9863568931e-08
115,115,5.0207210287e-07
115,116,4.5328484174e-08
115,117,-1.0040911657e-08
115,118,-1.0048043072e-07
115,119,4.2464177295e-09
116,114,-1.7966237459e-07
116,115,4.5328484174e-08
116,116,5.1035230265e-07
116,117,-2.7547962549e-08
116,118,-1.1326542930e-09
116,119,-3.8501000308e-08
117,114,-7.5840783962e-08
117,115,-1.0040911657e-08
117,116,-2.7547962549e-08
117,117,4.4792369441e-07
117,118,5.3661680412e-08
117,119,-4.8364398616e-08
118,114,-1.0040911657e-08
118,115,-1.0048043072e-07
118,116,-1.1326542930e-09
118,117,5.3661680412e-08
118,118,2.5642798113e-07
118,119,-2.6578977916e-08
119,114,-2.4020213570e-07
119,115,4.2464177295e-09
119,116,-3.8501000308e-08
119,117,-4.8364398616e-08
119,118,-2.6578977916e-08
119,119,4.6430173786e-07
120,120,6.2366926276e-07
120,121,5.8472906250e-09
120,122,-1.3783002455e-07
120,123,-3.6507947354e-08
120,124,4.1865279168e-08
120,125,-2.5726902649e-07
121,120,5.8472906250e-09
121,121,5.0039034107e-07
121,122,-3.6672143931e-09
121,123,4.1865279168e-08
121,124,-5.0117180748e-08
121,125,3.0641934169e-09
122,120,-1.3783002455e-07
122,121,-3.6672143931e-09
122,122,5.2795038576e-07
122,123,-1.5215585495e-08
122,124,-7.1309024964e-09
122,125,-5.6511563396e-08
123,120,-3.6507947354e-08
123,121,4.1865279168e-08
123,122,-1.5215585495e-08
123,123,3.9356085007e-07
123,124,8.5879885355e-09
123,125,-1.5458882128e-08
124,120,4.1865279168e-08
124,121,-5.0117180748e-08
124,122,-7.1309024964e-09
124,123,8.5879885355e-09
124,124,2.2507267766e-07
124,125,3.3985084978e-08
125,120,-2.5726902649e-07
125,121,3.0641934169e-09
125,122,-5.6511563396e-08
125,123,-1.5458882128e-08
125,124,3.3985084978e-08
125,125,4.2151717567e-07
126,126,6.2759308631e-07
126,127,-2.1515753522e-08
126,128,-2.7096004638e-07
126,129,1.1165805487e-08
126,130,2.5231400009e-08
126,131,-1.6299492736e-07
127,126,-2.1515753522e-08
127,127,3.8523905315e-07
127,128,-1.5344904473e-08
127,129,2.5231400009e-08
127,130,4.2117726330e-08
127,131,8.1223808428e-09
128,126,-2.7096004638e-07
128,127,-1.5344904473e-08
128,128,4.2734397839e-07
128,129,3.4605299520e-08
128,130,1.3042609555e-09
128,131,-5.1596692990e-08
129,126,1.1165805487e-08
129,127,2.5231400009e-08
129,128,3.4605299520e-08
129,129,4.8180599129e-07
129,130,-1.4250875241e-08
129,131,-3.7287252954e-08
130,126,2.5231400009e-08
130,127,4.2117726330e-08
130,128,1.3042609555e-09
130,129,-1.4250875241e-08
130,130,1.9817460373e-07
130,131,1.6706119358e-08
131,126,-1.6299492736e-07
131,127,8.1223808428e-09
131,128,-5.1596692990e-08
131,129,-3.7287252954e-08
131,130,1.6706119358e-08
131,131,5.1669506192e-07
132,132,6.5949683074e-07
132,133,5.6014343656e-08
132,134,-1.6913179990e-07
132,135,1.4155661796e-08
132,136,-2.3986566572e-08
132,137,-2.5716675862e-07
133,132,5.6014343656e-08
133,133,5.0822075005e-07
133,134,3.7311564408e-08
133,135,-2.3986566572e-08
133,136,-5.1015984253e-09
133,137,1.8696221686e-08
134,132,-1.6913179990e-07
134,133,3.7311564408e-08
134,134,5.1951918790e-07
134,135,-2.1530271458e-08
134,136,8.9587690468e-09
134,137,-4.4439493569e-08
135,132,1.4155661796e-08
135,133,-2.3986566572e-08
135,134,-2.1530271458e-08
135,135,4.2947988921e-07
135,136,7.2736752701e-08
135,137,1.9990511023e-08
136,132,-2.3986566572e-08
136,133,-5.1015984253e-09
136,134,8.9587690468e-09
136,135,7.2736752701e-08
136,136,2.4265221366e-07
136,137,-2.5031247625e-08
137,132,-2.5716675862e-07
137,133,1.8696221686e-08
137,134,-4.4439493569e-08
137,135,1.9990511023e-08
137,136,-2.5031247625e-08
137,137,4.5160000643e-07
138,138,6.5292452261e-07
138,139,-2.8756947360e-08
138,140,-2.7079154123e-07
138,141,-3.0296992476e-08
138,142,1.8409065152e-09
138,143,-1.8354894306e-07
139,138,-2.8756947360e-08
139,139,4.1072120505e-07
139,140,-2.4163511635e-08
139,141,1.8409065152e-09
139,142,-2.9480695464e-08
139,143,6.6582327927e-09
140,138,-2.7079154123e-07
140,139,-2.4163511635e-08
140,140,4.4346740010e-07
140,141,9.1264780366e-10
140,142,-2.8656563583e-09
140,143,-4.8793445921e-08
141,138,-3.0296992476e-08
141,139,1.8409065152e-09
141,140,9.1264780366e-10
141,141,4.8875335706e-07
141,142,-2.2801642907e-08
141,143,-2.6438264059e-08
142,138,1.8409065152e-09
142,139,-2.9480695464e-08
142,140,-2.8656563583e-09
142,141,-2.2801642907e-08
142,142,2.0751528276e-07
142,143,1.0305679232e-08
143,138,-1.8354894306e-07
143,139,6.6582327927e-09
143,140,-4.8793445921e-08
143,141,-2.6438264059e-08
143,142,1.0305679232e-08
143,143,5.1811909461e-07
144,144,7.0810540154e-07
144,145,-7.5713165959e-08
144,146,-1.7180650264e-07
144,147,-4.4520750087e-09
144,148,-2.1538620684e-08
144,149,-2.6024005884e-07
145,144,-7.5713165959e-08
145,145,5.5443699399e-07
145,146,-6.7768022012e-08
145,147,-2.1538620684e-08
145,148,-1.6454534676e-08
145,149,-5.8040179297e-09
146,144,-1.7180650264e-07
146,145,-6.7768022012e-08
146,146,5.5925948003e-07
146,147,-1.3419157856e-08
146,148,-2.9701881938e-08
146,149,-4.9561521136e-08
147,144,-4.4520750087e-09
147,145,-2.1538620684e-08
147,146,-1.3419157856e-08
147,147,4.7533961673e-07
147,148,-8.0904437412e-08
147,149,1.0302208528e-08
148,144,-2.1538620684e-08
148,145,-1.6454534676e-08
148,146,-2.9701881938e-08
148,147,-8.0904437412e-08
148,148,2.8202199227e-07
148,149,5.6455785922e-09
149,144,-2.6024005884e-07
149,145,-5.8040179297e-09
149,146,-4.9561521136e-08
149,147,1.0302208528e-08
149,148,5.6455785922e-09
149,149,4.8184016210e-07
150,150,6.2808595988e-07
150,151,3.3221647228e-09
150,152,-2.6171401970e-07
150,153,-2.2424330798e-08
150,154,-2.2113161048e-08
150,155,-1.2554560867e-07
151,150,3.3221647228e-09
151,151,3.9400182439e-07
151,152,4.9991628955e-09
151,153,-2.2113161048e-08
151,154,-2.9241106105e-08
151,155,5.2642743955e-10
152,150,-2.6171401970e-07
152,151,4.9991628955e-09
152,152,4.2379949172e-07
152,153,-7.6213864866e-09
152,154,-1.0017819531e-08
152,155,-7.7779827510e-08
153,150,-2.2424330798e-08
153,151,-2.2113161048e-08
153,152,-7.6213864866e-09
153,153,5.1579455377e-07
153,154,3.7930157388e-09
153,155,-1.6427596101e-08
154,150,-2.2113161048e-08
154,151,-2.9241106105e-08
154,152,-1.0017819531e-08
154,153,3.7930157388e-09
154,154,2.1948655628e-07
154,155,-1.1604261182e-08
155,150,-1.2554560867e-07
155,151,5.2642743955e-10
155,152,-7.7779827510e-08
155,153,-1.6427596101e-08
155,154,-1.1604261182e-08
155,155,5.6307343549e-07
156,156,6.0969201347e-07
156,157,1.0188417153e-07
156,158,-1.1900637657e-07
156,159,-6.7085854281e-09
156,160,4.6945871681e-08
156,161,-2.6889811538e-07
157,156,1.0188417153e-07
157,157,5.0324947437e-07
157,158,6.7553666987e-08
157,159,4.6945871681e-08
157,160,1.6230245369e-08
157,161,2.3733254803e-08
158,156,-1.1900637657e-07
158,157,6.7553666987e-08
158,158,5.4067335026e-07
158,159,2.5646392493e-08
158,160,2.3026719345e-08
158,161,-4.4143221136e-08
159,156,-6.7085854281e-09
159,157,4.6945871681e-08
159,158,2.5646392493e-08
159,159,3.6918222747e-07
159,160,1.2311183995e-07
159,161,5.9828478964e-09
160,156,4.6945871681e-08
160,157,1.6230245369e-08
160,158,2.3026719345e-08
160,159,1.2311183995e-07
160,160,2.2742511146e-07
160,161,2.3293877580e-08
161,156,-2.6889811538e-07
161,157,2.3733254803e-08
161,158,-4.4143221136e-08
161,159,5.9828478964e-09
161,160,2.3293877580e-08
161,161,4.2234379975e-07
162,162,6.3290452148e-07
162,163,-1.6281488286e-08
162,164,-1.7335691317e-07
162,165,2.4036568166e-09
162,166,-1.7204318966e-08
162,167,-2.8771132090e-07
163,162,-1.6281488286e-08
163,163,4.7784938460e-07
163,164,4.1464689930e-09
163,165,-1.7204318966e-08
163,166,7.7150012938e-09
163,167,-1.1841705616e-08
164,162,-1.7335691317e-07
164,163,4.1464689930e-09
164,164,5.2195993028e-07
164,165,5.9382636514e-09
164,166,-6.1860449545e-09
164,167,-5.2810336761e-08
165,162,2.4036568166e-09
165,163,-1.7204318966e-08
165,164,5.9382636514e-09
165,165,3.7556769292e-07
165,166,-2.6873031777e-08
165,167,-1.2543673531e-09
166,162,-1.7204318966e-08
166,163,7.7150012938e-09
166,164,-6.1860449545e-09
166,165,-2.6873031777e-08
166,166,1.7826428662e-07
166,167,-4.4428164896e-09
167,162,-2.8771132090e-07
167,163,-1.1841705616e-08
167,164,-5.2810336761e-08
167,165,-1.2543673531e-09
167,166,-4.4428164896e-09
167,167,4.3386654012e-07
168,168,6.9465507921e-07
168,169,-5.1903729317e-08
168,170,-2.2386487932e-07
168,171,-1.2261431204e-09
168,172,-9.5000483475e-09
168,173,-2.3254105483e-07
169,168,-5.1903729317e-08
169,169,4.9442424404e-07
169,170,-5.3938943813e-08
169,171,-9.5000483475e-09
169,172,2.8116051000e-08
169,173,9.7077693399e-09
170,168,-2.2386487932e-07
170,169,-5.3938943813e-08
170,170,5.1608284878e-07
170,171,3.2805570331e-08
170,172,1.4950936834e-08
170,173,-5.8591462154e-08
171,168,-1.2261431204e-09
171,169,-9.5000483475e-09
171,170,3.2805570331e-08
171,171,4.8666403675e-07
171,172,-4.3220836455e-08
171,173,-3.0332577756e-08
172,168,-9.5000483475e-09
172,169,2.8116051000e-08
172,170,1.4950936834e-08
172,171,-4.3220836455e-08
172,172,2.3956003185e-07
172,173,-2.8339201227e-08
173,168,-2.3254105483e-07
173,169,9.7077693399e-09
173,170,-5.8591462154e-08
173,171,-3.0332577756e-08
173,172,-2.8339201227e-08
173,173,5.0587724490e-07
174,174,6.4718505514e-07
174,175,-1.5176814049e-07
174,176,-1.2822401614e-07
174,177,-1.4500001434e-08
174,178,5.4918415616e-09
174,179,-8.1973448338e-08
175,174,-1.5176814049e-07
175,175,5.3249800856e-07
175,176,-1.8946763662e-07
175,177,5.4918415616e-09
175,178,-1.8087430795e-08
175,179,-5.9339039211e-08
176,174,-1.2822401614e-07
176,175,-1.8946763662e-07
176,176,5.6188011087e-07
176,177,-4.0108679586e-09
176,178,5.0606229972e-09
176,179,-3.5197315667e-08
177,174,-1.4500001434e-08
177,175,5.4918415616e-09
177,176,-4.0108679586e-09
177,177,5.7386577401e-07
177,178,-2.0484259065e-07
177,179,-2.2660922524e-08
178,174,5.4918415616e-09
178,175,-1.8087430795e-08
178,176,5.0606229972e-09
178,177,-2.0484259065e-07
178,178,4.3102087490e-07
178,179,2.1205386423e-08
179,174,-8.1973448338e-08
179,175,-5.9339039211e-08
179,176,-3.5197315667e-08
179,177,-2.2660922524e-08
179,178,2.1205386423e-08
179,179,5.8859820147e-07
180,180,6.1048821229e-07
180,181,1.6660039760e-07
180,182,-1.1103977696e-07
180,183,4.9872326640e-09
180,184,-2.0238527392e-08
180,185,-9.9406476326e-08
181,180,1.6660039760e-07
181,181,5.1117121650e-07
181,182,1.8922667398e-07
181,183,-2.0238527392e-08
181,184,1.0418473390e-08
181,185,7.5585137205e-08
182,180,-1.1103977696e-07
182,181,1.8922667398e-07
182,182,5.3942769754e-07
182,183,6.0723117333e-09
182,184,1.2261543632e-09
182,185,-1.9296447315e-09
183,180,4.9872326640e-09
183,181,-2.0238527392e-08
183,182,6.0723117333e-09
183,183,5.2157635691e-07
183,184,2.3420579955e-07
183,185,-1.4366218852e-08
184,180,-2.0238527392e-08
184,181,1.0418473390e-08
184,182,1.2261543632e-09
184,183,2.3420579955e-07
184,184,4.2071564533e-07
184,185,-1.7890515511e-08
185,180,-9.9406476326e-08
185,181,7.5585137205e-08
185,182,-1.9296447315e-09
185,183,-1.4366218852e-08
185,184,-1.7890515511e-08
185,185,5.3438850503e-07
186,186,5.8311879520e-07
186,187,-8.2309612802e-09
186,188,-6.5624971220e-08
186,189,-6.6581433960e-08
186,190,3.3196302963e-08
186,191,-8.5365217961e-08
187,186,-8.2309612802e-09
187,187,5.2442203653e-07
187,188,-4.0477900639e-08
187,189,3.3196302963e-08
187,190,-6.8561226760e-08
187,191,1.5221758679e-08
188,186,-6.5624971220e-08
188,187,-4.0477900639e-08
188,188,4.9994888238e-07
188,189,-2.2134756406e-09
188,190,2.4501982779e-08
188,191,-2.7750520052e-08
189,186,-6.6581433960e-08
189,187,3.3196302963e-08
189,188,-2.2134756406e-09
189,189,5.0676582309e-07
189,190,5.3837935772e-09
189,191,-1.1907875925e-07
190,186,3.3196302963e-08
190,187,-6.8561226760e-08
190,188,2.4501982779e-08
190,189,5.3837935772e-09
190,190,4.2586864838e-07
190,191,3.8270669751e-08
191,186,-8.5365217961e-08
191,187,1.5221758679e-08
191,188,-2.7750520052e-08
191,189,-1.1907875925e-07
191,190,3.8270669751e-08
191,191,4.9327149078e-07
192,192,6.1406909208e-07
192,193,-4.5664188141e-08
192,194,-1.5852896285e-07
192,195,1.6290397159e-08
192,196,-5.1555442452e-08
192,197,-2.6428333624e-07
193,192,-4.5664188141e-08
193,193,4.7227647715e-07
193,194,-2.2915704587e-08
193,195,-5.1555442452e-08
193,196,4.6749177033e-08
193,197,-2.3451947541e-08
194,192,-1.5852896285e-07
194,193,-2.2915704587e-08
194,194,4.8051880866e-07
194,195,3.4053951156e-08
194,196,-1.0009468438e-08
194,197,-2.4938385419e-08
195,192,1.6290397159e-08
195,193,-5.1555442452e-08
195,194,3.4053951156e-08
195,195,3.7768689002e-07
195,196,-6.6640247704e-08
195,197,4.6501471039e-09
196,192,-5.1555442452e-08
196,193,4.6749177033e-08
196,194,-1.0009468438e-08
196,195,-6.6640247704e-08
196,196,2.1594356675e-07
196,197,-4.1692678598e-08
197,192,-2.6428333624e-07
197,193,-2.3451947541e-08
197,194,-2.4938385419e-08
197,195,4.6501471039e-09
197,196,-4.1692678598e-08
197,197,4.1692223064e-07
198,198,6.2001086355e-07
198,199,1.5174870087e-08
198,200,-1.5080717255e-07
198,201,5.9456695980e-09
198,202,-1.6569632152e-08
198,203,-2.8088752499e-07
199,198,1.5174870087e-08
199,199,4.8512482783e-07
199,200,3.6470576898e-11
199,201,-1.6569632152e-08
199,202,7.1997239405e-09
199,203,8.8313037672e-09
200,198,-1.5080717255e-07
200,199,3.6470576898e-11
200,200,5.3713499856e-07
200,201,1.4020753787e-09
200,202,-3.8983289237e-11
200,203,-6.5768648287e-08
201,198,5.9456695980e-09
201,199,-1.6569632152e-08
201,200,1.4020753787e-09
201,201,3.6877742359e-07
201,202,2.3073828309e-08
201,203,6.2797834175e-10
202,198,-1.6569632152e-08
202,199,7.1997239405e-09
202,200,-3.8983289237e-11
202,201,2.3073828309e-08
202,202,1.8127646924e-07
202,203,-8.9818136557e-09
203,198,-2.8088752499e-07
203,199,8.8313037672e-09
203,200,-6.5768648287e-08
203,201,6.2797834175e-10
203,202,-8.9818136557e-09
203,203,4.2358564612e-07
204,204,6.2070577455e-07
204,205,-1.8780200628e-08
204,206,-1.3762596138e-07
204,207,-2.0225862238e-08
204,208,6.0749609246e-09
204,209,-2.6932931568e-07
205,204,-1.8780200628e-08
205,205,4.9760937251e-07
205,206,-6.4405454558e-09
205,207,6.0749609246e-09
205,208,-2.8099367278e-08
205,209,-8.7141957246e-09
206,204,-1.3762596138e-07
206,205,-6.4405454558e-09
206,206,5.4359431850e-07
206,207,-8.8028462451e-09
206,208,-9.2492034645e-09
206,209,-6.9658238258e-08
207,204,-2.0225862238e-08
207,205,6.0749609246e-09
207,206,-8.8028462451e-09
207,207,3.7981031128e-07
207,208,-2.6574414232e-08
207,209,-9.1378437591e-09
208,204,6.0749609246e-09
208,205,-2.8099367278e-08
208,206,-9.2492034645e-09
208,207,-2.6574414232e-08
208,208,2.0098731863e-07
208,209,1.2554668886e-08
209,204,-2.6932931568e-07
209,205,-8.7141957246e-09
209,206,-6.9658238258e-08
209,207,-9.1378437591e-09
209,208,1.2554668886e-08
209,209,4.2033378324e-07
210,210,5.6520243487e-07
210,211,1.2281043739e-07
210,212,-1.8082491596e-07
210,213,-2.1122472199e-09
210,214,-3.2911329933e-08
210,215,-2.3288783689e-07
211,210,1.2281043739e-07
211,211,4.0346771322e-07
211,212,1.1972569592e-07
211,213,-3.2911329933e-08
211,214,-3.1024696776e-09
211,215,-3.4765993469e-08
212,210,-1.8082491596e-07
212,211,1.1972569592e-07
212,212,4.6988241360e-07
212,213,-1.1071023641e-09
212,214,-1.3979584673e-08
212,215,-2.1611246637e-08
213,210,-2.1122472199e-09
213,211,-3.2911329933e-08
213,212,-1.1071023641e-09
213,213,3.5690122109e-07
213,214,9.1714787510e-08
213,215,-1.8618701376e-08
214,210,-3.2911329933e-08
214,211,-3.1024696776e-09
214,212,-1.3979584673e-08
214,213,9.1714787510e-08
214,214,1.7787750214e-07
214,215,-6.9522219699e-09
215,210,-2.3288783689e-07
215,211,-3.4765993469e-08
215,212,-2.1611246637e-08
215,213,-1.8618701376e-08
215,214,-6.9522219699e-09
215,215,3.9342194437e-07
216,216,5.9805589149e-07
216,217,-4.1917156584e-08
216,218,-1.5269789021e-07
216,219,-1.7319470313e-08
216,220,2.6735667505e-08
216,221,-2.6667016656e-07
217,216,-4.1917156584e-08
217,217,4.6147874648e-07
217,218,-4.9378573862e-08
217,219,2.6735667505e-08
217,220,-2.2404276959e-08
217,221,7.2790358940e-09
218,216,-1.5269789021e-07
218,217,-4.9378573862e-08
218,218,5.0656210119e-07
218,219,-5.6849866566e-09
218,220,3.8858492286e-09
218,221,-5.4195221332e-08
219,216,-1.7319470313e-08
219,217,2.6735667505e-08
219,218,-5.6849866566e-09
219,219,3.5953884349e-07
219,220,-3.5406588956e-08
219,221,-9.7632355072e-09
220,216,2.6735667505e-08
220,217,-2.2404276959e-08
220,218,3.8858492286e-09
220,219,-3.5406588956e-08
220,220,1.7960552141e-07
220,221,1.7538903196e-08
221,216,-2.6667016656e-07
221,217,7.2790358940e-09
221,218,-5.4195221332e-08
221,219,-9.7632355072e-09
221,220,1.7538903196e-08
221,221,4.0872032175e-07
222,222,6.3466585653e-07
222,223,5.2957209420e-09
222,224,-7.7055802770e-08
222,225,1.7060358046e-07
222,226,-1.7462066584e-09
222,227,-1.2639287821e-07
223,222,5.2957209420e-09
223,223,5.6574505131e-07
223,224,4.8347157838e-09
223,225,-1.7462066584e-09
223,226,2.3852281521e-07
223,227,1.7553549332e-09
224,222,-7.7055802770e-08
224,223,4.8347157838e-09
224,224,5.9289443096e-07
224,225,7.5936012937e-08
224,226,3.6706627177e-09
224,227,-2.3746783506e-08
225,222,1.7060358046e-07
225,223,-1.7462066584e-09
225,224,7.5936012937e-08
225,225,5.2161662951e-07
225,226,6.8657581241e-09
225,227,1.9632951400e-07
226,222,-1.7462066584e-09
226,223,2.3852281521e-07
226,224,3.6706627177e-09
226,225,6.8657581241e-09
226,226,4.3369839748e-07
226,227,1.3822472434e-09
227,222,-1.2639287821e-07
227,223,1.7553549332e-09
227,224,-2.3746783506e-08
227,225,1.9632951400e-07
227,226,1.3822472434e-09
227,227,5.5929435905e-07
228,228,6.1326870480e-07
228,229,-5.4532280699e-08
228,230,-1.7358865204e-07
228,231,-8.4226982879e-08
228,232,1.1098461035e-08
228,233,-1.7185449134e-07
229,228,-5.4532280699e-08
229,229,4.5800629437e-07
229,230,-7.1774312686e-08
229,231,1.1098461035e-08
229,232,-1.1769283222e-07
229,233,2.7590570209e-08
230,228,-1.7358865204e-07
230,229,-7.1774312686e-08
230,230,4.5118028978e-07
230,231,-3.7415957029e-08
230,232,-2.1178848405e-08
230,233,-2.9642017027e-09
231,228,-8.4226982879e-08
231,229,1.1098461035e-08
231,230,-3.7415957029e-08
231,231,4.5955737485e-07
231,232,-2.9854524489e-08
231,233,-5.6230796249e-08
232,228,1.1098461035e-08
232,229,-1.1769283222e-07
232,230,-2.1178848405e-08
232,231,-2.9854524489e-08
232,232,3.0192360306e-07
232,233,5.2546318629e-08
233,228,-1.7185449134e-07
233,229,2.7590570209e-08
233,230,-2.9642017027e-09
233,231,-5.6230796249e-08
233,232,5.2546318629e-08
233,233,4.3285856058e-07
234,234,5.5912478496e-07
234,235,-1.2787268381e-07
234,236,-1.4915098669e-07
234,237,1.4318154336e-08
234,238,-9.6804463946e-09
234,239,-1.6966690842e-07
235,234,-1.2787268381e-07
235,235,4.2572008690e-07
235,236,-1.4037433655e-07
235,237,-9.6804463946e-09
235,238,1.9055726569e-08
235,239,1.8546918707e-09
236,234,-1.4915098669e-07
236,235,-1.4037433655e-07
236,236,4.7087254902e-07
236,237,5.2967667806e-09
236,238,-1.4373237486e-08
236,239,-3.0164683157e-08
237,234,1.4318154336e-08
237,235,-9.6804463946e-09
237,236,5.2967667806e-09
237,237,4.0737008866e-07
237,238,-1.2621379697e-07
237,239,1.5198661590e-08
238,234,-9.6804463946e-09
238,235,1.9055726569e-08
238,236,-1.4373237486e-08
238,237,-1.2621379697e-07
238,238,2.4983364407e-07
238,239,-9.9531337906e-09
239,234,-1.6966690842e-07
239,235,1.8546918707e-09
239,236,-3.0164683157e-08
239,237,1.5198661590e-08
239,238,-9.9531337906e-09
239,239,4.1032391109e-07
240,240,6.2884348910e-07
240,241,4.2055186765e-09
240,242,-1.3500051059e-07
240,243,-4.9908493336e-08
240,244,5.4536829885e-08
240,245,-2.2726588673e-07
241,240,4.2055186765e-09
241,241,5.0809536163e-07
241,242,-8.3483082269e-09
241,243,5.4536829885e-08
241,244,-5.0598635110e-08
241,245,2.4696490874e-11
242,240,-1.3500051059e-07
242,241,-8.3483082269e-09
242,242,5.0257266840e-07
242,243,-7.7160196013e-10
242,244,3.7953386673e-09
242,245,-4.1666476037e-08
243,240,-4.9908493336e-08
243,241,5.4536829885e-08
243,242,-7.7160196013e-10
243,243,4.2557070042e-07
243,244,4.2276078894e-09
243,245,-4.5621362015e-08
244,240,5.4536829885e-08
244,241,-5.0598635110e-08
244,242,3.7953386673e-09
244,243,4.2276078894e-09
244,244,2.7148939212e-07
244,245,4.8723454218e-08
245,240,-2.2726588673e-07
245,241,2.4696490874e-11
245,242,-4.1666476037e-08
245,243,-4.5621362015e-08
245,244,4.8723454218e-08
245,245,4.3140645602e-07
246,246,6.2869332084e-07
246,247,1.4232503395e-08
246,248,-8.7335383729e-08
246,249,1.7305992259e-07
246,250,-6.3579846092e-09
246,251,-1.2161561499e-07
247,246,1.4232503395e-08
247,247,5.5057817890e-07
247,248,1.6348367090e-08
247,249,-6.3579846092e-09
247,250,2.4167196314e-07
247,251,-3.8714217131e-09
248,246,-8.7335383729e-08
248,247,1.6348367090e-08
248,248,5.7069616804e-07
248,249,7.6710593376e-08
248,250,2.7424924404e-09
248,251,-1.1983320113e-08
249,246,1.7305992259e-07
249,247,-6.3579846092e-09
249,248,7.6710593376e-08
249,249,5.1991700794e-07
249,250,1.0769798547e-08
249,251,1.9758322947e-07
250,246,-6.3579846092e-09
250,247,2.4167196314e-07
250,248,2.7424924404e-09
250,249,1.0769798547e-08
250,250,4.3221520991e-07
250,251,-2.0260136575e-09
251,246,-1.2161561499e-07
251,247,-3.8714217131e-09
251,248,-1.1983320113e-08
251,249,1.9758322947e-07
251,250,-2.0260136575e-09
251,251,5.5559463439e-07
252,252,5.2763739472e-07
252,253,-2.9699165557e-08
252,254,-1.1238960407e-07
252,255,-7.8176218812e-08
252,256,-3.7373398935e-10
252,257,-4.2489127437e-08
253,252,-2.9699165557e-08
253,253,4.2711307685e-07
253,254,-5.3642213603e-08
253,255,-3.7373398935e-10
253,256,-1.2105674649e-07
253,257,2.6054584311e-08
254,252,-1.1238960407e-07
254,253,-5.3642213603e-08
254,254,3.9426841282e-07
254,255,-4.7941887394e-08
254,256,-1.0940391443e-08
254,257,2.0048570757e-08
255,252,-7.8176218812e-08
255,253,-3.7373398935e-10
255,254,-4.7941887394e-08
255,255,4.8963396382e-07
255,256,-6.3952368992e-09
255,257,-1.0552237156e-07
256,252,-3.7373398935e-10
256,253,-1.2105674649e-07
256,254,-1.0940391443e-08
256,255,-6.3952368992e-09
256,256,4.0514850256e-07
256,257,1.7915378901e-08
257,252,-4.2489127437e-08
257,253,2.6054584311e-08
257,254,2.0048570757e-08
257,255,-1.0552237156e-07
257,256,1.7915378901e-08
257,257,4.7158288926e-07
258,258,6.0861077348e-07
258,259,-2.4302512646e-08
258,260,-1.6359584648e-07
258,261,-1.0076361459e-08
258,262,4.6956109617e-09
258,263,-2.8075719027e-07
259,258,-2.4302512646e-08
259,259,4.6228620005e-07
259,260,-6.6964793443e-09
259,261,4.6956109617e-09
259,262,-1.0358792409e-08
259,263,-8.4973388003e-09
260,258,-1.6359584648e-07
260,259,-6.6964793443e-09
260,260,5.1046925362e-07
260,261,-3.1576740197e-10
260,262,-2.5666706741e-09
260,263,-5.4038650300e-08
261,258,-1.0076361459e-08
261,259,4.6956109617e-09
261,260,-3.1576740197e-10
261,261,3.5749390844e-07
261,262,-3.1902763520e-08
261,263,-5.7532897799e-09
262,258,4.6956109617e-09
262,259,-1.0358792409e-08
262,260,-2.5666706741e-09
262,261,-3.1902763520e-08
262,262,1.6793841477e-07
262,263,5.9936633688e-09
263,258,-2.8075719027e-07
263,259,-8.4973388003e-09
263,260,-5.4038650300e-08
263,261,-5.7532897799e-09
263,262,5.9936633688e-09
263,263,4.1790834515e-07
264,264,6.1057114534e-07
264,265,-6.3899142775e-08
264,266,-1.2894114975e-07
264,267,1.1126421005e-08
264,268,3.2447593401e-08
264,269,-2.5773127191e-07
265,264,-6.3899142775e-08
265,265,4.9524267497e-07
265,266,-3.4226116171e-08
265,267,3.2447593401e-08
265,268,-2.4223977134e-09
265,269,-2.3760757315e-08
266,264,-1.2894114975e-07
266,265,-3.4226116171e-08
266,266,5.2256062536e-07
266,267,-1.5148039835e-08
266,268,1.3814568172e-08
266,269,-5.2285077299e-08
267,264,1.1126421005e-08
267,265,3.2447593401e-08
267,266,-1.5148039835e-08
267,267,3.8004928777e-07
267,268,-8.5151410196e-08
267,269,4.8618872914e-09
268,264,3.2447593401e-08
268,265,-2.4223977134e-09
268,266,1.3814568172e-08
268,267,-8.5151410196e-08
268,268,2.2289275556e-07
268,269,1.3991564704e-08
269,264,-2.5773127191e-07
269,265,-2.3760757315e-08
269,266,-5.2285077299e-08
269,267,4.8618872914e-09
