0,0,1.9040473487e-03
0,1,-2.3052514634e-04
0,2,-5.4758315214e-04
0,3,5.9585688686e-05
0,4,-1.2776400786e-04
0,5,-6.2279326785e-04
1,0,-2.3052514634e-04
1,1,1.4142740881e-03
1,2,-2.5434649974e-04
1,3,-1.2776400786e-04
1,4,9.5168543841e-05
1,5,-9.0874341390e-06
2,0,-5.4758315214e-04
2,1,-2.5434649974e-04
2,2,1.4202656567e-03
2,3,3.9782841480e-05
2,4,-4.9471492321e-05
2,5,-8.2580673065e-05
3,0,5.9585688686e-05
3,1,-1.2776400786e-04
3,2,3.9782841480e-05
3,3,1.3470041156e-03
3,4,-2.3865319453e-04
3,5,5.8133311338e-05
4,0,-1.2776400786e-04
4,1,9.5168543841e-05
4,2,-4.9471492321e-05
4,3,-2.3865319453e-04
4,4,7.9116631655e-04
4,5,-1.1475441249e-04
5,0,-6.2279326785e-04
5,1,-9.0874341390e-06
5,2,-8.2580673065e-05
5,3,5.8133311338e-05
5,4,-1.1475441249e-04
5,5,1.3372436026e-03
6,6,1.8637008246e-03
6,7,-4.4647732695e-05
6,8,-4.2877272498e-04
6,9,-1.7723068633e-05
6,10,1.1024551289e-05
6,11,-8.4184923348e-04
7,6,-4.4647732695e-05
7,7,1.4801948406e-03
7,8,-3.8068803392e-05
7,9,1.1024551289e-05
7,10,-2.2492087966e-05
7,11,-2.6599492563e-06
8,6,-4.2877272498e-04
8,7,-3.8068803392e-05
8,8,1.6523268317e-03
8,9,-5.3319257068e-06
8,10,2.4069654158e-05
8,11,-2.1942968755e-04
9,6,-1.7723068633e-05
9,7,1.1024551289e-05
9,8,-5.3319257068e-06
9,9,1.1107279795e-03
9,10,-4.7026863636e-05
9,11,-7.7948555665e-06
10,6,1.1024551289e-05
10,7,-2.2492087966e-05
10,8,2.4069654158e-05
10,9,-4.7026863636e-05
10,10,5.5167824544e-04
10,11,-7.6048926757e-06
11,6,-8.4184923348e-04
11,7,-2.6599492563e-06
11,8,-2.1942968755e-04
11,9,-7.7948555665e-06
11,10,-7.6048926757e-06
11,11,1.2715384744e-03
12,12,1.8306033661e-03
12,13,-8.9853539046e-06
12,14,-8.4067528796e-04
12,15,-1.8603622983e-04
12,16,-1.0543656186e-04
12,17,-5.6567164573e-04
13,12,-8.9853539046e-06
13,13,1.0786805298e-03
13,14,4.6176749119e-05
13,15,-1.0543656186e-04
13,16,-2.4368288573e-04
13,17,-5.8066964350e-06
14,12,-8.4067528796e-04
14,13,4.6176749119e-05
14,14,1.2876172465e-03
14,15,-6.4450920642e-05
14,16,-3.9648239819e-05
14,17,-8.9480727436e-05
15,12,-1.8603622983e-04
15,13,-1.0543656186e-04
15,14,-6.4450920642e-05
15,15,1.3246512650e-03
15,16,-1.4179021086e-05
15,17,-2.3205526033e-05
16,12,-1.0543656186e-04
16,13,-2.4368288573e-04
16,14,-3.9648239819e-05
16,15,-1.4179021086e-05
16,16,5.0114384670e-04
16,17,-1.7782311216e-05
17,12,-5.6567164573e-04
17,13,-5.8066964350e-06
17,14,-8.9480727436e-05
17,15,-2.3205526033e-05
17,16,-1.7782311216e-05
17,17,1.4670066928e-03
18,18,1.8069873431e-03
18,19,2.1918262596e-04
18,20,-4.5184896523e-04
18,21,-4.8773559684e-05
18,22,-1.4259840115e-05
18,23,-8.1560974814e-04
19,18,2.1918262596e-04
19,19,1.4028413424e-03
19,20,1.5702405428e-04
19,21,-1.4259840115e-05
19,22,-5.5373406982e-05
19,23,1.8432419974e-05
20,18,-4.5184896523e-04
20,19,1.5702405428e-04
20,20,1.5247546841e-03
20,21,-7.3788536001e-06
20,22,-3.2650538121e-05
20,23,-1.4255206568e-04
21,18,-4.8773559684e-05
21,19,-1.4259840115e-05
21,20,-7.3788536001e-06
21,21,1.0774838072e-03
21,22,2.3566908358e-04
21,23,-2.3635230167e-05
22,18,-1.4259840115e-05
22,19,-5.5373406982e-05
22,20,-3.2650538121e-05
22,21,2.3566908358e-04
22,22,5.5929615388e-04
22,23,-5.4669109496e-06
23,18,-8.1560974814e-04
23,19,1.8432419974e-05
23,20,-1.4255206568e-04
23,21,-2.3635230167e-05
23,22,-5.4669109496e-06
23,23,1.2384268583e-03
24,24,1.8802769432e-03
24,25,1.7140014493e-04
24,26,-2.6438094789e-04
24,27,4.9873593022e-04
24,28,-1.6207896612e-04
24,29,-3.2841707714e-04
25,24,1.7140014493e-04
25,25,1.6438074346e-03
25,26,9.5750028308e-05
25,27,-1.6207896612e-04
25,28,6.3976257537e-04
25,29,2.2367292503e-05
26,24,-2.6438094789e-04
26,25,9.5750028308e-05
26,26,1.6163077001e-03
26,27,1.5767258260e-04
26,28,-3.6292297332e-05
26,29,3.1457192706e-05
27,24,4.9873593022e-04
27,25,-1.6207896612e-04
27,26,1.5767258260e-04
27,27,1.5865317794e-03
27,28,1.9140605954e-04
27,29,5.7203792036e-04
28,24,-1.6207896612e-04
28,25,6.3976257537e-04
28,26,-3.6292297332e-05
28,27,1.9140605954e-04
28,28,1.3752280250e-03
28,29,-6.1492499985e-05
29,24,-3.2841707714e-04
29,25,2.2367292503e-05
29,26,3.1457192706e-05
29,27,5.7203792036e-04
29,28,-6.1492499985e-05
29,29,1.6618871999e-03
30,30,1.9864970655e-03
30,31,-4.5400142287e-04
30,32,-3.9609157518e-04
30,33,-1.6494207981e-05
30,34,-7.9152400406e-05
30,35,-2.9864236650e-04
31,30,-4.5400142287e-04
31,31,1.6322219905e-03
31,32,-5.6964129827e-04
31,33,-7.9152400406e-05
31,34,-7.7055762101e-06
31,35,-1.5036923299e-04
32,30,-3.9609157518e-04
32,31,-5.6964129827e-04
32,32,1.7215124229e-03
32,33,9.8259890342e-06
32,34,-2.1722409793e-05
32,35,-1.1003419158e-04
33,30,-1.6494207981e-05
33,31,-7.9152400406e-05
33,32,9.8259890342e-06
33,33,1.7193832125e-03
33,34,-5.8849575355e-04
33,35,2.0589351282e-05
34,30,-7.9152400406e-05
34,31,-7.7055762101e-06
34,32,-2.1722409793e-05
34,33,-5.8849575355e-04
34,34,1.2770807843e-03
34,35,-1.0028519965e-04
35,30,-2.9864236650e-04
35,31,-1.5036923299e-04
35,32,-1.1003419158e-04
35,33,2.0589351282e-05
35,34,-1.0028519965e-04
35,35,1.7397104567e-03
36,36,1.7015608528e-03
36,37,-2.5401542361e-04
36,38,-5.6774772861e-04
36,39,1.0883706418e-05
36,40,1.1564721943e-04
36,41,-6.6251756884e-04
37,36,-2.5401542361e-04
37,37,1.1937518467e-03
37,38,-3.0066171765e-04
37,39,1.1564721943e-04
37,40,4.2330981800e-05
37,41,1.2338033491e-04
38,36,-5.6774772861e-04
38,37,-3.0066171765e-04
38,38,1.3406081740e-03
38,39,3.5159122731e-05
38,40,5.4680793911e-05
38,41,-6.0579039931e-05
39,36,1.0883706418e-05
39,37,1.1564721943e-04
39,38,3.5159122731e-05
39,39,1.1089871248e-03
39,40,-1.4366069724e-04
39,41,-6.7633745495e-05
40,36,1.1564721943e-04
40,37,4.2330981800e-05
40,38,5.4680793911e-05
40,39,-1.4366069724e-04
40,40,5.5271488671e-04
40,41,7.3233775644e-06
41,36,-6.6251756884e-04
41,37,1.2338033491e-04
41,38,-6.0579039931e-05
41,39,-6.7633745495e-05
41,40,7.3233775644e-06
41,41,1.1676329467e-03
42,42,1.8930607233e-03
42,43,5.2258368098e-04
42,44,-3.2578687407e-04
42,45,-1.6523766825e-04
42,46,1.8343161890e-04
42,47,-2.8045177514e-04
43,42,5.2258368098e-04
43,43,1.6016680847e-03
43,44,5.8146001367e-04
43,45,1.8343161890e-04
43,46,-2.0451301369e-04
43,47,1.4733067241e-04
44,42,-3.2578687407e-04
44,43,5.8146001367e-04
44,44,1.6833728552e-03
44,45,-4.3911171124e-05
44,46,7.4358410977e-05
44,47,6.0754944113e-05
45,42,-1.6523766825e-04
45,43,1.8343161890e-04
45,44,-4.3911171124e-05
45,45,1.6422170299e-03
45,46,6.5436024045e-04
45,47,-4.9890252774e-05
46,42,1.8343161890e-04
46,43,-2.0451301369e-04
46,44,7.4358410977e-05
46,45,6.5436024045e-04
46,46,1.3994283465e-03
46,47,4.2993155934e-05
47,42,-2.8045177514e-04
47,43,1.4733067241e-04
47,44,6.0754944113e-05
47,45,-4.9890252774e-05
47,46,4.2993155934e-05
47,47,1.5911057922e-03
48,48,1.8585770919e-03
48,49,-5.3993484792e-05
48,50,-5.7860260060e-04
48,51,-7.0852086872e-06
48,52,-4.7079023139e-05
48,53,-8.4779110715e-04
49,48,-5.3993484792e-05
49,49,1.3410591931e-03
49,50,-1.4298537234e-04
49,51,-4.7079023139e-05
49,52,-3.6107568328e-05
49,53,7.9819302673e-05
50,48,-5.7860260060e-04
50,49,-1.4298537234e-04
50,50,1.4613317786e-03
50,51,-3.2447984512e-05
50,52,6.0784679533e-05
50,53,-1.0697502745e-04
51,48,-7.0852086872e-06
51,49,-4.7079023139e-05
51,50,-3.2447984512e-05
51,51,1.1002896734e-03
51,52,1.7399069885e-05
51,53,8.7148808580e-06
52,48,-4.7079023139e-05
52,49,-3.6107568328e-05
52,50,6.0784679533e-05
52,51,1.7399069885e-05
52,52,4.9719175265e-04
52,53,-7.6683164094e-05
53,48,-8.4779110715e-04
53,49,7.9819302673e-05
53,50,-1.0697502745e-04
53,51,8.7148808580e-06
53,52,-7.6683164094e-05
53,53,1.2840890830e-03
54,54,1.9208475947e-03
54,55,-4.4256753455e-04
54,56,-3.6367727787e-04
54,57,-7.4638082342e-06
54,58,-1.5621819376e-05
54,59,-1.9348286814e-04
55,54,-4.4256753455e-04
55,55,1.5955647487e-03
55,56,-5.6071985094e-04
55,57,-1.5621819376e-05
55,58,-4.2099228464e-06
55,59,-2.0589759902e-04
56,54,-3.6367727787e-04
56,55,-5.6071985094e-04
56,56,1.6653079948e-03
56,57,3.6379544591e-06
56,58,-7.0948948408e-06
56,59,-9.7580967890e-05
57,54,-7.4638082342e-06
57,55,-1.5621819376e-05
57,56,3.6379544591e-06
57,57,1.7477912565e-03
57,58,-6.2672794568e-04
57,59,-2.4771830120e-06
58,54,-1.5621819376e-05
58,55,-4.2099228464e-06
58,56,-7.0948948408e-06
58,57,-6.2672794568e-04
58,58,1.3444436361e-03
58,59,-1.7936256686e-05
59,54,-1.9348286814e-04
59,55,-2.0589759902e-04
59,56,-9.7580967890e-05
59,57,-2.4771830120e-06
59,58,-1.7936256686e-05
59,59,1.8133203478e-03
60,60,1.8318612759e-03
60,61,1.4348140619e-04
60,62,-2.7368150193e-04
60,63,-4.3050864132e-04
60,64,1.0277523540e-04
60,65,-3.0840881826e-04
61,60,1.4348140619e-04
61,61,1.5870730989e-03
61,62,1.2670738457e-04
61,63,1.0277523540e-04
61,64,-5.7551289131e-04
61,65,5.8622705292e-06
62,60,-2.7368150193e-04
62,61,1.2670738457e-04
62,62,1.5491923649e-03
62,63,-1.6211968000e-04
62,64,5.8398886177e-06
62,65,1.4463713557e-05
63,60,-4.3050864132e-04
63,61,1.0277523540e-04
63,62,-1.6211968000e-04
63,63,1.5560120429e-03
63,64,1.4872478036e-04
63,65,-5.4045391800e-04
64,60,1.0277523540e-04
64,61,-5.7551289131e-04
64,62,5.8398886177e-06
64,63,1.4872478036e-04
64,64,1.3227948368e-03
64,65,5.6514652809e-05
65,60,-3.0840881826e-04
65,61,5.8622705292e-06
65,62,1.4463713557e-05
65,63,-5.4045391800e-04
65,64,5.6514652809e-05
65,65,1.5952456806e-03
66,66,1.8482608449e-03
66,67,2.5258904747e-05
66,68,-1.9661412873e-04
66,69,-4.3041047809e-04
66,70,3.9691120087e-05
66,71,-3.4287355815e-04
67,66,2.5258904747e-05
67,67,1.6724038221e-03
67,68,-1.0327437972e-05
67,69,3.9691120087e-05
67,70,-6.0963145332e-04
67,71,2.1228518633e-05
68,66,-1.9661412873e-04
68,67,-1.0327437972e-05
68,68,1.7194306517e-03
68,69,-2.0037514180e-04
68,70,3.6445756592e-06
68,71,-7.3457036412e-05
69,66,-4.3041047809e-04
69,67,3.9691120087e-05
69,68,-2.0037514180e-04
69,69,1.5415854115e-03
69,70,4.4246269038e-05
69,71,-5.4270486832e-04
70,66,3.9691120087e-05
70,67,-6.0963145332e-04
70,68,3.6445756592e-06
70,69,4.4246269038e-05
70,70,1.3069627595e-03
70,71,2.3612365915e-05
71,66,-3.4287355815e-04
71,67,2.1228518633e-05
71,68,-7.3457036412e-05
71,69,-5.4270486832e-04
71,70,2.3612365915e-05
71,71,1.6044926414e-03
72,72,1.8854112978e-03
72,73,-3.6980788312e-05
72,74,-7.8552775409e-04
72,75,-1.1585905960e-04
72,76,2.0625613983e-04
72,77,-5.0553932240e-04
73,72,-3.6980788312e-05
73,73,1.1828139153e-03
73,74,-5.4248861876e-06
73,75,2.0625613983e-04
73,76,-2.2152067929e-04
73,77,-1.3807432323e-04
74,72,-7.8552775409e-04
74,73,-5.4248861876e-06
74,74,1.2736838292e-03
74,75,-1.1813328212e-04
74,76,1.3533039852e-04
74,77,-2.4587638063e-05
75,72,-1.1585905960e-04
75,73,2.0625613983e-04
75,74,-1.1813328212e-04
75,75,1.4332431817e-03
75,76,-1.6047821739e-04
75,77,-2.1167717262e-05
76,72,2.0625613983e-04
76,73,-2.2152067929e-04
76,74,1.3533039852e-04
76,75,-1.6047821739e-04
76,76,7.1097568875e-04
76,77,9.0421464306e-05
77,72,-5.0553932240e-04
77,73,-1.3807432323e-04
77,74,-2.4587638063e-05
77,75,-2.1167717262e-05
77,76,9.0421464306e-05
77,77,1.4225863037e-03
78,78,1.8597374691e-03
78,79,-4.8362276339e-04
78,80,-3.3012817323e-04
78,81,-1.2974137119e-04
78,82,-1.0146842011e-04
78,83,-2.9249893696e-04
79,78,-4.8362276339e-04
79,79,1.5644618544e-03
79,80,-5.7335432342e-04
79,81,-1.0146842011e-04
79,82,-1.3266122388e-04
79,83,-1.8195108168e-04
80,78,-3.3012817323e-04
80,79,-5.7335432342e-04
80,80,1.6346514829e-03
80,81,-3.2644945459e-06
80,82,-4.1122427631e-05
80,83,1.6560750751e-05
81,78,-1.2974137119e-04
81,79,-1.0146842011e-04
81,80,-3.2644945459e-06
81,81,1.5981184665e-03
81,82,-6.4636475827e-04
81,83,-9.2065830046e-05
82,78,-1.0146842011e-04
82,79,-1.3266122388e-04
82,80,-4.1122427631e-05
82,81,-6.4636475827e-04
82,82,1.3160914525e-03
82,83,-3.6620131649e-06
83,78,-2.9249893696e-04
83,79,-1.8195108168e-04
83,80,1.6560750751e-05
83,81,-9.2065830046e-05
83,82,-3.6620131649e-06
83,83,1.5815879263e-03
84,84,2.1079191798e-03
84,85,-2.4599872881e-04
84,86,-2.2000634519e-04
84,87,2.7198174492e-04
84,88,1.8818674706e-04
84,89,-2.2972128507e-04
85,84,-2.4599872881e-04
85,85,1.9111395224e-03
85,86,-3.0780603178e-04
85,87,1.8818674706e-04
85,88,3.9389477404e-04
85,89,-1.0437610706e-04
86,84,-2.2000634519e-04
86,85,-3.0780603178e-04
86,86,1.9391057048e-03
86,87,1.3630291023e-04
86,88,1.3674011368e-04
86,89,-9.3621972901e-05
87,84,2.7198174492e-04
87,85,1.8818674706e-04
87,86,1.3630291023e-04
87,87,1.9024502161e-03
87,88,-3.3935555705e-04
87,89,3.4130014696e-04
88,84,1.8818674706e-04
88,85,3.9389477404e-04
88,86,1.3674011368e-04
88,87,-3.3935555705e-04
88,88,1.6307729804e-03
88,89,1.1188365254e-04
89,84,-2.2972128507e-04
89,85,-1.0437610706e-04
89,86,-9.3621972901e-05
89,87,3.4130014696e-04
89,88,1.1188365254e-04
89,89,1.9190513412e-03
90,90,1.8676238740e-03
90,91,-5.2653914067e-04
90,92,-3.2689030356e-04
90,93,1.7177036748e-04
90,94,1.7743310170e-04
90,95,-2.7000699956e-04
91,90,-5.2653914067e-04
91,91,1.5752442980e-03
91,92,-5.7752376495e-04
91,93,1.7743310170e-04
91,94,1.9250711152e-04
91,95,-1.5915929560e-04
92,90,-3.2689030356e-04
92,91,-5.7752376495e-04
92,92,1.6616051345e-03
92,93,2.3184384654e-05
92,94,5.5866697343e-05
92,95,4.4994631689e-05
93,90,1.7177036748e-04
93,91,1.7743310170e-04
93,92,2.3184384654e-05
93,93,1.6261222718e-03
93,94,-6.6889554236e-04
93,95,6.6513901091e-05
94,90,1.7743310170e-04
94,91,1.9250711152e-04
94,92,5.5866697343e-05
94,93,-6.6889554236e-04
94,94,1.3697384012e-03
94,95,4.4377967453e-05
95,90,-2.7000699956e-04
95,91,-1.5915929560e-04
95,92,4.4994631689e-05
95,93,6.6513901091e-05
95,94,4.4377967453e-05
95,95,1.6026648254e-03
96,96,1.8252953941e-03
96,97,1.8555685724e-05
96,98,-7.1146325786e-04
96,99,8.1520076303e-05
96,100,-2.6502694099e-05
96,101,-7.2866745157e-04
97,96,1.8555685724e-05
97,97,1.1889433108e-03
97,98,-1.4917638944e-04
97,99,-2.6502694099e-05
97,100,1.6949203973e-04
97,101,1.6166402576e-04
98,96,-7.1146325786e-04
98,97,-1.4917638944e-04
98,98,1.3484153684e-03
98,99,9.8355645172e-05
98,100,4.5650651672e-05
98,101,-5.4669020687e-05
99,96,8.1520076303e-05
99,97,-2.6502694099e-05
99,98,9.8355645172e-05
99,99,1.1735554122e-03
99,100,1.6315238617e-04
99,101,-8.9321044748e-05
100,96,-2.6502694099e-05
100,97,1.6949203973e-04
100,98,4.5650651672e-05
100,99,1.6315238617e-04
100,100,4.9346811242e-04
100,101,-5.8374302011e-05
101,96,-7.2866745157e-04
101,97,1.6166402576e-04
101,98,-5.4669020687e-05
101,99,-8.9321044748e-05
101,100,-5.8374302011e-05
101,101,1.3377159057e-03
102,102,1.9451946316e-03
102,103,4.2938678127e-04
102,104,-4.6836996458e-04
102,105,-1.2655097007e-04
102,106,1.2216338055e-04
102,107,-6.1428227754e-04
103,102,4.2938678127e-04
103,103,1.5262717998e-03
103,104,3.4247040017e-04
103,105,1.2216338055e-04
103,106,-1.7612586941e-04
103,107,5.9369545808e-05
104,102,-4.6836996458e-04
104,103,3.4247040017e-04
104,104,1.5903697367e-03
104,105,-5.5426422450e-05
104,106,1.2355131023e-05
104,107,-9.6946521385e-05
105,102,-1.2655097007e-04
105,103,1.2216338055e-04
105,104,-5.5426422450e-05
105,105,1.3957638596e-03
105,106,4.8248851736e-04
105,107,2.0850230366e-05
106,102,1.2216338055e-04
106,103,-1.7612586941e-04
106,104,1.2355131023e-05
106,105,4.8248851736e-04
106,106,8.9928381072e-04
106,107,-5.0774045685e-06
107,102,-6.1428227754e-04
107,103,5.9369545808e-05
107,104,-9.6946521385e-05
107,105,2.0850230366e-05
107,106,-5.0774045685e-06
107,107,1.4281590590e-03
108,108,1.7938638099e-03
108,109,7.3807853027e-05
108,110,-1.2615556100e-04
108,111,-3.2991504636e-04
108,112,1.0210345498e-04
108,113,-2.9643025853e-04
109,108,7.3807853027e-05
109,109,1.6810268458e-03
109,110,8.0966574274e-06
109,111,1.0210345498e-04
109,112,-4.2780427009e-04
109,113,8.2381273831e-05
110,108,-1.2615556100e-04
110,109,8.0966574274e-06
110,110,1.6652871750e-03
110,111,-1.0944347926e-04
110,112,1.3196098377e-05
110,113,-5.3995914497e-05
111,108,-3.2991504636e-04
111,109,1.0210345498e-04
111,110,-1.0944347926e-04
111,111,1.5287285264e-03
111,112,1.4749190437e-04
111,113,-4.6643711073e-04
112,108,1.0210345498e-04
112,109,-4.2780427009e-04
112,110,1.3196098377e-05
112,111,1.4749190437e-04
112,112,1.3726948308e-03
112,113,9.4595746823e-05
113,108,-2.9643025853e-04
113,109,8.2381273831e-05
113,110,-5.3995914497e-05
113,111,-4.6643711073e-04
113,112,9.4595746823e-05
113,113,1.5367961691e-03
114,114,1.9883010477e-03
114,115,1.4959070679e-04
114,116,-5.3898712378e-04
114,117,-2.2752235189e-04
114,118,-3.0122734970e-05
114,119,-7.2060640709e-04
115,114,1.4959070679e-04
115,115,1.5062163086e-03
115,116,1.3598545252e-04
115,117,-3.0122734970e-05
115,118,-3.0144129217e-04
115,119,1.2739253188e-05
116,114,-5.3898712378e-04
116,115,1.3598545252e-04
116,116,1.5310569080e-03
116,117,-8.2643887647e-05
116,118,-3.3979628791e-06
116,119,-1.1550300092e-04
117,114,-2.2752235189e-04
117,115,-3.0122734970e-05
117,116,-8.2643887647e-05
117,117,1.3437710832e-03
117,118,1.6098504124e-04
117,119,-1.4509319585e-04
118,114,-3.0122734970e-05
118,115,-3.0144129217e-04
118,116,-3.3979628791e-06
118,117,1.6098504124e-04
118,118,7.6928394338e-04
118,119,-7.9736933749e-05
119,114,-7.2060640709e-04
119,115,1.2739253188e-05
119,116,-1.1550300092e-04
119,117,-1.4509319585e-04
119,118,-7.9736933749e-05
119,119,1.3929052136e-03
120,120,1.8710077883e-03
120,121,1.7541871875e-05
120,122,-4.1349007366e-04
120,123,-1.0952384206e-04
120,124,1.2559583751e-04
120,125,-7.7180707946e-04
121,120,1.7541871875e-05
121,121,1.5011710232e-03
121,122,-1.1001643179e-05
121,123,1.2559583751e-04
121,124,-1.5035154224e-04
121,125,9.1925802506e-06
122,120,-4.1349007366e-04
122,121,-1.1001643179e-05
122,122,1.5838511573e-03
122,123,-4.5646756484e-05
122,124,-2.1392707489e-05
122,125,-1.6953469019e-04
123,120,-1.0952384206e-04
123,121,1.2559583751e-04
123,122,-4.5646756484e-05
123,123,1.1806825502e-03
123,124,2.5763965607e-05
123,125,-4.6376646383e-05
124,120,1.2559583751e-04
124,121,-1.5035154224e-04
124,122,-2.1392707489e-05
124,123,2.5763965607e-05
124,124,6.7521803298e-04
124,125,1.0195525493e-04
125,120,-7.7180707946e-04
125,121,9.1925802506e-06
125,122,-1.6953469019e-04
125,123,-4.6376646383e-05
125,124,1.0195525493e-04
125,125,1.2645515270e-03
126,126,1.8827792589e-03
126,127,-6.4547260566e-05
126,128,-8.1288013915e-04
126,129,3.3497416460e-05
126,130,7.5694200028e-05
126,131,-4.8898478209e-04
127,126,-6.4547260566e-05
127,127,1.1557171595e-03
127,128,-4.6034713420e-05
127,129,7.5694200028e-05
127,130,1.2635317899e-04
127,131,2.4367142528e-05
128,126,-8.1288013915e-04
128,127,-4.6034713420e-05
128,128,1.2820319352e-03
128,129,1.0381589856e-04
128,130,3.9127828664e-06
128,131,-1.5479007897e-04
129,126,3.3497416460e-05
129,127,7.5694200028e-05
129,128,1.0381589856e-04
129,129,1.4454179739e-03
129,130,-4.2752625722e-05
129,131,-1.1186175886e-04
130,126,7.5694200028e-05
130,127,1.2635317899e-04
130,128,3.9127828664e-06
130,129,-4.2752625722e-05
130,130,5.9452381120e-04
130,131,5.0118358074e-05
131,126,-4.8898478209e-04
131,127,2.4367142528e-05
131,128,-1.5479007897e-04
131,129,-1.1186175886e-04
131,130,5.0118358074e-05
131,131,1.5500851858e-03
132,132,1.9784904922e-03
132,133,1.6804303097e-04
132,134,-5.0739539971e-04
132,135,4.2466985389e-05
132,136,-7.1959699716e-05
132,137,-7.7150027586e-04
133,132,1.6804303097e-04
133,133,1.5246622501e-03
133,134,1.1193469322e-04
133,135,-7.1959699716e-05
133,136,-1.5304795276e-05
133,137,5.6088665058e-05
134,132,-5.0739539971e-04
134,133,1.1193469322e-04
134,134,1.5585575637e-03
134,135,-6.4590814374e-05
134,136,2.6876307140e-05
134,137,-1.3331848071e-04
135,132,4.2466985389e-05
135,133,-7.1959699716e-05
135,134,-6.4590814374e-05
135,135,1.2884396676e-03
135,136,2.1821025810e-04
135,137,5.9971533068e-05
136,132,-7.1959699716e-05
136,133,-1.5304795276e-05
136,134,2.6876307140e-05
136,135,2.1821025810e-04
136,136,7.2795664099e-04
136,137,-7.5093742874e-05
137,132,-7.7150027586e-04
137,133,5.6088665058e-05
137,134,-1.3331848071e-04
137,135,5.9971533068e-05
137,136,-7.5093742874e-05
137,137,1.3548000193e-03
138,138,1.9587735678e-03
138,139,-8.6270842081e-05
138,140,-8.1237462369e-04
138,141,-9.0890977427e-05
138,142,5.5227195457e-06
138,143,-5.5064682918e-04
139,138,-8.6270842081e-05
139,139,1.2321636151e-03
139,140,-7.2490534906e-05
139,141,5.5227195457e-06
139,142,-8.8442086393e-05
139,143,1.9974698378e-05
140,138,-8.1237462369e-04
140,139,-7.2490534906e-05
140,140,1.3304022003e-03
140,141,2.7379434110e-06
140,142,-8.5969690749e-06
140,143,-1.4638033776e-04
141,138,-9.0890977427e-05
141,139,5.5227195457e-06
141,140,2.7379434110e-06
141,141,1.4662600712e-03
141,142,-6.8404928720e-05
141,143,-7.9314792176e-05
142,138,5.5227195457e-06
142,139,-8.8442086393e-05
142,140,-8.5969690749e-06
142,141,-6.8404928720e-05
142,142,6.2254584827e-04
142,143,3.0917037696e-05
143,138,-5.5064682918e-04
143,139,1.9974698378e-05
143,140,-1.4638033776e-04
143,141,-7.9314792176e-05
143,142,3.0917037696e-05
143,143,1.5543572838e-03
144,144,2.1243162046e-03
144,145,-2.2713949788e-04
144,146,-5.1541950791e-04
144,147,-1.3356225026e-05
144,148,-6.4615862052e-05
144,149,-7.8072017653e-04
145,144,-2.2713949788e-04
145,145,1.6633109820e-03
145,146,-2.0330406604e-04
145,147,-6.4615862052e-05
145,148,-4.9363604027e-05
145,149,-1.7412053789e-05
146,144,-5.1541950791e-04
146,145,-2.0330406604e-04
146,146,1.6777784401e-03
146,147,-4.0257473569e-05
146,148,-8.9105645815e-05
146,149,-1.4868456341e-04
147,144,-1.3356225026e-05
147,145,-6.4615862052e-05
147,146,-4.0257473569e-05
147,147,1.4260188502e-03
147,148,-2.4271331224e-04
147,149,3.0906625585e-05
148,144,-6.4615862052e-05
148,145,-4.9363604027e-05
148,146,-8.9105645815e-05
148,147,-2.4271331224e-04
148,148,8.4606597681e-04
148,149,1.6936735777e-05
149,144,-7.8072017653e-04
149,145,-1.7412053789e-05
149,146,-1.4868456341e-04
149,147,3.0906625585e-05
149,148,1.6936735777e-05
149,149,1.4455204863e-03
150,150,1.8842578796e-03
150,151,9.9664941683e-06
150,152,-7.8514205910e-04
150,153,-6.7272992395e-05
150,154,-6.6339483145e-05
150,155,-3.7663682602e-04
151,150,9.9664941683e-06
151,151,1.1820054732e-03
151,152,1.4997488687e-05
151,153,-6.6339483145e-05
151,154,-8.7723318315e-05
151,155,1.5792823186e-06
152,150,-7.8514205910e-04
152,151,1.4997488687e-05
152,152,1.2713984752e-03
152,153,-2.2864159460e-05
152,154,-3.0053458592e-05
152,155,-2.3333948253e-04
153,150,-6.7272992395e-05
153,151,-6.6339483145e-05
153,152,-2.2864159460e-05
153,153,1.5473836613e-03
153,154,1.1379047216e-05
153,155,-4.9282788303e-05
154,150,-6.6339483145e-05
154,151,-8.7723318315e-05
154,152,-3.0053458592e-05
154,153,1.1379047216e-05
154,154,6.5845966883e-04
154,155,-3.4812783547e-05
155,150,-3.7663682602e-04
155,151,1.5792823186e-06
155,152,-2.3333948253e-04
155,153,-4.9282788303e-05
155,154,-3.4812783547e-05
155,155,1.6892203065e-03
156,156,1.8290760404e-03
156,157,3.0565251458e-04
156,158,-3.5701912971e-04
156,159,-2.0125756284e-05
156,160,1.4083761504e-04
156,161,-8.0669434613e-04
157,156,3.0565251458e-04
157,157,1.5097484231e-03
157,158,2.0266100096e-04
157,159,1.4083761504e-04
157,160,4.8690736106e-05
157,161,7.1199764410e-05
158,156,-3.5701912971e-04
158,157,2.0266100096e-04
158,158,1.6220200508e-03
158,159,7.6939177478e-05
158,160,6.9080158035e-05
158,161,-1.3242966341e-04
159,156,-2.0125756284e-05
159,157,1.4083761504e-04
159,158,7.6939177478e-05
159,159,1.1075466824e-03
159,160,3.6933551986e-04
159,161,1.7948543689e-05
160,156,1.4083761504e-04
160,157,4.8690736106e-05
160,158,6.9080158035e-05
160,159,3.6933551986e-04
160,160,6.8227533438e-04
160,161,6.9881632741e-05
161,156,-8.0669434613e-04
161,157,7.1199764410e-05
161,158,-1.3242966341e-04
161,159,1.7948543689e-05
161,160,6.9881632741e-05
161,161,1.2670313992e-03
162,162,1.8987135645e-03
162,163,-4.8844464858e-05
162,164,-5.2007073951e-04
162,165,7.2109704499e-06
162,166,-5.1612956899e-05
162,167,-8.6313396269e-04
163,162,-4.8844464858e-05
163,163,1.4335481538e-03
163,164,1.2439406979e-05
163,165,-5.1612956899e-05
163,166,2.3145003881e-05
163,167,-3.5525116848e-05
164,162,-5.2007073951e-04
164,163,1.2439406979e-05
164,164,1.5658797909e-03
164,165,1.7814790954e-05
164,166,-1.8558134863e-05
164,167,-1.5843101028e-04
165,162,7.2109704499e-06
165,163,-5.1612956899e-05
165,164,1.7814790954e-05
165,165,1.1267030788e-03
165,166,-8.0619095330e-05
165,167,-3.7631020594e-06
166,162,-5.1612956899e-05
166,163,2.3145003881e-05
166,164,-1.8558134863e-05
166,165,-8.0619095330e-05
166,166,5.3479285986e-04
166,167,-1.3328449469e-05
167,162,-8.6313396269e-04
167,163,-3.5525116848e-05
167,164,-1.5843101028e-04
167,165,-3.7631020594e-06
167,166,-1.3328449469e-05
167,167,1.3015996204e-03
168,168,2.0839652376e-03
168,169,-1.5571118795e-04
168,170,-6.7159463796e-04
168,171,-3.6784293612e-06
168,172,-2.8500145042e-05
168,173,-6.9762316450e-04
169,168,-1.5571118795e-04
169,169,1.4832727321e-03
169,170,-1.6181683144e-04
169,171,-2.8500145042e-05
169,172,8.4348153001e-05
169,173,2.9123308020e-05
170,168,-6.7159463796e-04
170,169,-1.6181683144e-04
170,170,1.5482485463e-03
170,171,9.8416710994e-05
170,172,4.4852810503e-05
170,173,-1.7577438646e-04
171,168,-3.6784293612e-06
171,169,-2.8500145042e-05
171,170,9.8416710994e-05
171,171,1.4599921102e-03
171,172,-1.2966250937e-04
171,173,-9.0997733268e-05
172,168,-2.8500145042e-05
172,169,8.4348153001e-05
172,170,4.4852810503e-05
172,171,-1.2966250937e-04
172,172,7.1868009555e-04
172,173,-8.5017603680e-05
173,168,-6.9762316450e-04
173,169,2.9123308020e-05
173,170,-1.7577438646e-04
173,171,-9.0997733268e-05
173,172,-8.5017603680e-05
173,173,1.5176317347e-03
174,174,1.9415551654e-03
174,175,-4.5530442146e-04
174,176,-3.8467204842e-04
174,177,-4.3500004301e-05
174,178,1.6475524685e-05
174,179,-2.4592034501e-04
175,174,-4.5530442146e-04
175,175,1.5974940257e-03
175,176,-5.6840290985e-04
175,177,1.6475524685e-05
175,178,-5.4262292386e-05
175,179,-1.7801711763e-04
176,174,-3.8467204842e-04
176,175,-5.6840290985e-04
176,176,1.6856403326e-03
176,177,-1.2032603876e-05
176,178,1.5181868991e-05
176,179,-1.0559194700e-04
177,174,-4.3500004301e-05
177,175,1.6475524685e-05
177,176,-1.2032603876e-05
177,177,1.7215973220e-03
177,178,-6.1452777194e-04
177,179,-6.7982767571e-05
178,174,1.6475524685e-05
178,175,-5.4262292386e-05
178,176,1.5181868991e-05
178,177,-6.1452777194e-04
178,178,1.2930626247e-03
178,179,6.3616159269e-05
179,174,-2.4592034501e-04
179,175,-1.7801711763e-04
179,176,-1.0559194700e-04
179,177,-6.7982767571e-05
179,178,6.3616159269e-05
179,179,1.7657946044e-03
180,180,1.8314646369e-03
180,181,4.9980119280e-04
180,182,-3.3311933087e-04
180,183,1.4961697992e-05
180,184,-6.0715582175e-05
180,185,-2.9821942898e-04
181,180,4.9980119280e-04
181,181,1.5335136495e-03
181,182,5.6768002194e-04
181,183,-6.0715582175e-05
181,184,3.1255420171e-05
181,185,2.2675541162e-04
182,180,-3.3311933087e-04
182,181,5.6768002194e-04
182,182,1.6182830926e-03
182,183,1.8216935200e-05
182,184,3.6784630897e-06
182,185,-5.7889341945e-06
183,180,1.4961697992e-05
183,181,-6.0715582175e-05
183,182,1.8216935200e-05
183,183,1.5647290707e-03
183,184,7.0261739866e-04
183,185,-4.3098656556e-05
184,180,-6.0715582175e-05
184,181,3.1255420171e-05
184,182,3.6784630897e-06
184,183,7.0261739866e-04
184,184,1.2621469360e-03
184,185,-5.3671546534e-05
185,180,-2.9821942898e-04
185,181,2.2675541162e-04
185,182,-5.7889341945e-06
185,183,-4.3098656556e-05
185,184,-5.3671546534e-05
185,185,1.6031655151e-03
186,186,1.7493563856e-03
186,187,-2.4692883841e-05
186,188,-1.9687491366e-04
186,189,-1.9974430188e-04
186,190,9.9588908889e-05
186,191,-2.5609565388e-04
187,186,-2.4692883841e-05
187,187,1.5732661096e-03
187,188,-1.2143370192e-04
187,189,9.9588908889e-05
187,190,-2.0568368028e-04
187,191,4.5665276037e-05
188,186,-1.9687491366e-04
188,187,-1.2143370192e-04
188,188,1.4998466471e-03
188,189,-6.6404269219e-06
188,190,7.3505948337e-05
188,191,-8.3251560157e-05
189,186,-1.9974430188e-04
189,187,9.9588908889e-05
189,188,-6.6404269219e-06
189,189,1.5202974693e-03
189,190,1.6151380732e-05
189,191,-3.5723627776e-04
190,186,9.9588908889e-05
190,187,-2.0568368028e-04
190,188,7.3505948337e-05
190,189,1.6151380732e-05
190,190,1.2776059451e-03
190,191,1.1481200925e-04
191,186,-2.5609565388e-04
191,187,4.5665276037e-05
191,188,-8.3251560157e-05
191,189,-3.5723627776e-04
191,190,1.1481200925e-04
191,191,1.4798144723e-03
192,192,1.8422072762e-03
192,193,-1.3699256442e-04
192,194,-4.7558688854e-04
192,195,4.8871191476e-05
192,196,-1.5466632736e-04
192,197,-7.9285000872e-04
193,192,-1.3699256442e-04
193,193,1.4168294314e-03
193,194,-6.8747113761e-05
193,195,-1.5466632736e-04
193,196,1.4024753110e-04
193,197,-7.0355842624e-05
194,192,-4.7558688854e-04
194,193,-6.8747113761e-05
194,194,1.4415564260e-03
194,195,1.0216185347e-04
194,196,-3.0028405313e-05
194,197,-7.4815156256e-05
195,192,4.8871191476e-05
195,193,-1.5466632736e-04
195,194,1.0216185347e-04
195,195,1.1330606701e-03
195,196,-1.9992074311e-04
195,197,1.3950441312e-05
196,192,-1.5466632736e-04
196,193,1.4024753110e-04
196,194,-3.0028405313e-05
196,195,-1.9992074311e-04
196,196,6.4783070026e-04
196,197,-1.2507803579e-04
197,192,-7.9285000872e-04
197,193,-7.0355842624e-05
197,194,-7.4815156256e-05
197,195,1.3950441312e-05
197,196,-1.2507803579e-04
197,197,1.2507666919e-03
198,198,1.8600325907e-03
198,199,4.5524610262e-05
198,200,-4.5242151764e-04
198,201,1.7837008794e-05
198,202,-4.9708896456e-05
198,203,-8.4266257496e-04
199,198,4.5524610262e-05
199,199,1.4553744835e-03
199,200,1.0941173069e-07
199,201,-4.9708896456e-05
199,202,2.1599171822e-05
199,203,2.6493911302e-05
200,198,-4.5242151764e-04
200,199,1.0941173069e-07
200,200,1.6114049957e-03
200,201,4.2062261362e-06
200,202,-1.1694986771e-07
200,203,-1.9730594486e-04
201,198,1.7837008794e-05
201,199,-4.9708896456e-05
201,200,4.2062261362e-06
201,201,1.1063322708e-03
201,202,6.9221484926e-05
201,203,1.8839350252e-06
202,198,-4.9708896456e-05
202,199,2.1599171822e-05
202,200,-1.1694986771e-07
202,201,6.9221484926e-05
202,202,5.4382940772e-04
202,203,-2.6945440967e-05
203,198,-8.4266257496e-04
203,199,2.6493911302e-05
203,200,-1.9730594486e-04
203,201,1.8839350252e-06
203,202,-2.6945440967e-05
203,203,1.2707569384e-03
204,204,1.8621173237e-03
204,205,-5.6340601884e-05
204,206,-4.1287788414e-04
204,207,-6.0677586714e-05
204,208,1.8224882774e-05
204,209,-8.0798794704e-04
205,204,-5.6340601884e-05
205,205,1.4928281175e-03
205,206,-1.9321636367e-05
205,207,1.8224882774e-05
205,208,-8.4298101834e-05
205,209,-2.6142587174e-05
206,204,-4.1287788414e-04
206,205,-1.9321636367e-05
206,206,1.6307829555e-03
206,207,-2.6408538735e-05
206,208,-2.7747610393e-05
206,209,-2.0897471477e-04
207,204,-6.0677586714e-05
207,205,1.8224882774e-05
207,206,-2.6408538735e-05
207,207,1.1394309338e-03
207,208,-7.9723242695e-05
207,209,-2.7413531277e-05
208,204,1.8224882774e-05
208,205,-8.4298101834e-05
208,206,-2.7747610393e-05
208,207,-7.9723242695e-05
208,208,6.0296195588e-04
208,209,3.7664006659e-05
209,204,-8.0798794704e-04
209,205,-2.6142587174e-05
209,206,-2.0897471477e-04
209,207,-2.7413531277e-05
209,208,3.7664006659e-05
209,209,1.2610013497e-03
210,210,1.6956073046e-03
210,211,3.6843131217e-04
210,212,-5.4247474788e-04
210,213,-6.3367416596e-06
210,214,-9.8733989800e-05
210,215,-6.9866351068e-04
211,210,3.6843131217e-04
211,211,1.2104031397e-03
211,212,3.5917708776e-04
211,213,-9.8733989800e-05
211,214,-9.3074090327e-06
211,215,-1.0429798041e-04
212,210,-5.4247474788e-04
212,211,3.5917708776e-04
212,212,1.4096472408e-03
212,213,-3.3213070924e-06
212,214,-4.1938754019e-05
212,215,-6.4833739911e-05
213,210,-6.3367416596e-06
213,211,-9.8733989800e-05
213,212,-3.3213070924e-06
213,213,1.0707036633e-03
213,214,2.7514436253e-04
213,215,-5.5856104129e-05
214,210,-9.8733989800e-05
214,211,-9.3074090327e-06
214,212,-4.1938754019e-05
214,213,2.7514436253e-04
214,214,5.3363250642e-04
214,215,-2.0856665910e-05
215,210,-6.9866351068e-04
215,211,-1.0429798041e-04
215,212,-6.4833739911e-05
215,213,-5.5856104129e-05
215,214,-2.0856665910e-05
215,215,1.1802658331e-03
216,216,1.7941676745e-03
216,217,-1.2575146975e-04
216,218,-4.5809367062e-04
216,219,-5.1958410940e-05
216,220,8.0207002515e-05
216,221,-8.0001049968e-04
217,216,-1.2575146975e-04
217,217,1.3844362394e-03
217,218,-1.4813572159e-04
217,219,8.0207002515e-05
217,220,-6.7212830878e-05
217,221,2.1837107682e-05
218,216,-4.5809367062e-04
218,217,-1.4813572159e-04
218,218,1.5196863036e-03
218,219,-1.7054959970e-05
218,220,1.1657547686e-05
218,221,-1.6258566399e-04
219,216,-5.1958410940e-05
219,217,8.0207002515e-05
219,218,-1.7054959970e-05
219,219,1.0786165305e-03
219,220,-1.0621976687e-04
219,221,-2.9289706522e-05
220,216,8.0207002515e-05
220,217,-6.7212830878e-05
220,218,1.1657547686e-05
220,219,-1.0621976687e-04
220,220,5.3881656423e-04
220,221,5.2616709588e-05
221,216,-8.0001049968e-04
221,217,2.1837107682e-05
221,218,-1.6258566399e-04
221,219,-2.9289706522e-05
221,220,5.2616709588e-05
221,221,1.2261609653e-03
222,222,1.9039975696e-03
222,223,1.5887162826e-05
222,224,-2.3116740831e-04
222,225,5.1181074139e-04
222,226,-5.2386199753e-06
222,227,-3.7917863463e-04
223,222,1.5887162826e-05
223,223,1.6972351539e-03
223,224,1.4504147351e-05
223,225,-5.2386199753e-06
223,226,7.1556844564e-04
223,227,5.2660647996e-06
224,222,-2.3116740831e-04
224,223,1.4504147351e-05
224,224,1.7786832929e-03
224,225,2.2780803881e-04
224,226,1.1011988153e-05
224,227,-7.1240350517e-05
225,222,5.1181074139e-04
225,223,-5.2386199753e-06
225,224,2.2780803881e-04
225,225,1.5648498885e-03
225,226,2.0597274372e-05
225,227,5.8898854200e-04
226,222,-5.2386199753e-06
226,223,7.1556844564e-04
226,224,1.1011988153e-05
226,225,2.0597274372e-05
226,226,1.3010951924e-03
226,227,4.1467417303e-06
227,222,-3.7917863463e-04
227,223,5.2660647996e-06
227,224,-7.1240350517e-05
227,225,5.8898854200e-04
227,226,4.1467417303e-06
227,227,1.6778830772e-03
228,228,1.8398061144e-03
228,229,-1.6359684210e-04
228,230,-5.2076595611e-04
228,231,-2.5268094864e-04
228,232,3.3295383105e-05
228,233,-5.1556347402e-04
229,228,-1.6359684210e-04
229,229,1.3740188831e-03
229,230,-2.1532293806e-04
229,231,3.3295383105e-05
229,232,-3.5307849667e-04
229,233,8.2771710626e-05
230,228,-5.2076595611e-04
230,229,-2.1532293806e-04
230,230,1.3535408693e-03
230,231,-1.1224787109e-04
230,232,-6.3536545216e-05
230,233,-8.8926051080e-06
231,228,-2.5268094864e-04
231,229,3.3295383105e-05
231,230,-1.1224787109e-04
231,231,1.3786721246e-03
231,232,-8.9563573467e-05
231,233,-1.6869238875e-04
232,228,3.3295383105e-05
232,229,-3.5307849667e-04
232,230,-6.3536545216e-05
232,231,-8.9563573467e-05
232,232,9.0577080917e-04
232,233,1.5763895589e-04
233,228,-5.1556347402e-04
233,229,8.2771710626e-05
233,230,-8.8926051080e-06
233,231,-1.6869238875e-04
233,232,1.5763895589e-04
233,233,1.2985756818e-03
234,234,1.6773743549e-03
234,235,-3.8361805142e-04
234,236,-4.4745296007e-04
234,237,4.2954463007e-05
234,238,-2.9041339184e-05
234,239,-5.0900072525e-04
235,234,-3.8361805142e-04
235,235,1.2771602607e-03
235,236,-4.2112300964e-04
235,237,-2.9041339184e-05
235,238,5.7167179706e-05
235,239,5.5640756122e-06
236,234,-4.4745296007e-04
236,235,-4.2112300964e-04
236,236,1.4126176470e-03
236,237,1.5890300342e-05
236,238,-4.3119712457e-05
236,239,-9.0494049472e-05
237,234,4.2954463007e-05
237,235,-2.9041339184e-05
237,236,1.5890300342e-05
237,237,1.2221102660e-03
237,238,-3.7864139090e-04
237,239,4.5595984771e-05
238,234,-2.9041339184e-05
238,235,5.7167179706e-05
238,236,-4.3119712457e-05
238,237,-3.7864139090e-04
238,238,7.4950093221e-04
238,239,-2.9859401372e-05
239,234,-5.0900072525e-04
239,235,5.5640756122e-06
239,236,-9.0494049472e-05
239,237,4.5595984771e-05
239,238,-2.9859401372e-05
239,239,1.2309717333e-03
240,240,1.8865304673e-03
240,241,1.2616556029e-05
240,242,-4.0500153177e-04
240,243,-1.4972548001e-04
240,244,1.6361048965e-04
240,245,-6.8179766019e-04
241,240,1.2616556029e-05
241,241,1.5242860849e-03
241,242,-2.5044924681e-05
241,243,1.6361048965e-04
241,244,-1.5179590533e-04
241,245,7.4089472621e-08
242,240,-4.0500153177e-04
242,241,-2.5044924681e-05
242,242,1.5077180052e-03
242,243,-2.3148058804e-06
242,244,1.1386016002e-05
242,245,-1.2499942811e-04
243,240,-1.4972548001e-04
243,241,1.6361048965e-04
243,242,-2.3148058804e-06
243,243,1.2767121013e-03
243,244,1.2682823668e-05
243,245,-1.3686408605e-04
244,240,1.6361048965e-04
244,241,-1.5179590533e-04
244,242,1.1386016002e-05
244,243,1.2682823668e-05
244,244,8.1446817636e-04
244,245,1.4617036265e-04
245,240,-6.8179766019e-04
245,241,7.4089472621e-08
245,242,-1.2499942811e-04
245,243,-1.3686408605e-04
245,244,1.4617036265e-04
245,245,1.2942193681e-03
246,246,1.8860799625e-03
246,247,4.2697510186e-05
246,248,-2.6200615119e-04
246,249,5.1917976777e-04
246,250,-1.9073953828e-05
246,251,-3.6484684498e-04
247,246,4.2697510186e-05
247,247,1.6517345367e-03
247,248,4.9045101271e-05
247,249,-1.9073953828e-05
247,250,7.2501588943e-04
247,251,-1.1614265139e-05
248,246,-2.6200615119e-04
248,247,4.9045101271e-05
248,248,1.7120885041e-03
248,249,2.3013178013e-04
248,250,8.2274773212e-06
248,251,-3.5949960338e-05
249,246,5.1917976777e-04
249,247,-1.9073953828e-05
249,248,2.3013178013e-04
249,249,1.5597510238e-03
249,250,3.2309395642e-05
249,251,5.9274968840e-04
250,246,-1.9073953828e-05
250,247,7.2501588943e-04
250,248,8.2274773212e-06
250,249,3.2309395642e-05
250,250,1.2966456297e-03
250,251,-6.0780409724e-06
251,246,-3.6484684498e-04
251,247,-1.1614265139e-05
251,248,-3.5949960338e-05
251,249,5.9274968840e-04
251,250,-6.0780409724e-06
251,251,1.6667839032e-03
252,252,1.5829121842e-03
252,253,-8.9097496671e-05
252,254,-3.3716881222e-04
252,255,-2.3452865644e-04
252,256,-1.1212019680e-06
252,257,-1.2746738231e-04
253,252,-8.9097496671e-05
253,253,1.2813392306e-03
253,254,-1.6092664081e-04
253,255,-1.1212019680e-06
253,256,-3.6317023946e-04
253,257,7.8163752933e-05
254,252,-3.3716881222e-04
254,253,-1.6092664081e-04
254,254,1.1828052385e-03
254,255,-1.4382566218e-04
254,256,-3.2821174329e-05
254,257,6.0145712270e-05
255,252,-2.3452865644e-04
255,253,-1.1212019680e-06
255,254,-1.4382566218e-04
255,255,1.4689018915e-03
255,256,-1.9185710697e-05
255,257,-3.1656711469e-04
256,252,-1.1212019680e-06
256,253,-3.6317023946e-04
256,254,-3.2821174329e-05
256,255,-1.9185710697e-05
256,256,1.2154455077e-03
256,257,5.3746136703e-05
257,252,-1.2746738231e-04
257,253,7.8163752933e-05
257,254,6.0145712270e-05
257,255,-3.1656711469e-04
257,256,5.3746136703e-05
257,257,1.4147486678e-03
258,258,1.8258323205e-03
258,259,-7.2907537937e-05
258,260,-4.9078753945e-04
258,261,-3.0229084377e-05
258,262,1.4086832885e-05
258,263,-8.4227157080e-04
259,258,-7.2907537937e-05
259,259,1.3868586002e-03
259,260,-2.0089438033e-05
259,261,1.4086832885e-05
259,262,-3.1076377228e-05
259,263,-2.5492016401e-05
260,258,-4.9078753945e-04
260,259,-2.0089438033e-05
260,260,1.5314077609e-03
260,261,-9.4730220592e-07
260,262,-7.7000120222e-06
260,263,-1.6211595090e-04
261,258,-3.0229084377e-05
261,259,1.4086832885e-05
261,260,-9.4730220592e-07
261,261,1.0724817253e-03
261,262,-9.5708290559e-05
261,263,-1.7259869340e-05
262,258,1.4086832885e-05
262,259,-3.1076377228e-05
262,260,-7.7000120222e-06
262,261,-9.5708290559e-05
262,262,5.0381524431e-04
262,263,1.7980990106e-05
263,258,-8.4227157080e-04
263,259,-2.5492016401e-05
263,260,-1.6211595090e-04
263,261,-1.7259869340e-05
263,262,1.7980990106e-05
263,263,1.2537250355e-03
264,264,1.8317134360e-03
264,265,-1.9169742833e-04
264,266,-3.8682344924e-04
264,267,3.3379263015e-05
264,268,9.7342780204e-05
264,269,-7.7319381572e-04
265,264,-1.9169742833e-04
265,265,1.4857280249e-03
265,266,-1.0267834851e-04
265,267,9.7342780204e-05
265,268,-7.2671931403e-06
265,269,-7.1282271944e-05
266,264,-3.8682344924e-04
266,265,-1.0267834851e-04
266,266,1.5676818761e-03
266,267,-4.5444119504e-05
266,268,4.1443704516e-05
266,269,-1.5685523190e-04
267,264,3.3379263015e-05
267,265,9.7342780204e-05
267,266,-4.5444119504e-05
267,267,1.1401478633e-03
267,268,-2.5545423059e-04
267,269,1.4585661874e-05
268,264,9.7342780204e-05
268,265,-7.2671931403e-06
268,266,4.1443704516e-05
268,267,-2.5545423059e-04
268,268,6.6867826669e-04
268,269,4.1974694113e-05
269,264,-7.7319381572e-04
269,265,-7.1282271944e-05
269,266,-1.5685523190e-04
269,267,1.4585661874e-05
