0,0,2.0309838387e-03
0,1,-2.4589348943e-04
0,2,-5.8408869561e-04
0,3,6.3558067932e-05
0,4,-1.3628160838e-04
0,5,-6.6431281904e-04
1,0,-2.4589348943e-04
1,1,1.5085590273e-03
1,2,-2.7130293306e-04
1,3,-1.3628160838e-04
1,4,1.0151311343e-04
1,5,-9.6932630816e-06
2,0,-5.8408869561e-04
2,1,-2.7130293306e-04
2,2,1.5149500338e-03
2,3,4.2435030912e-05
2,4,-5.2769591809e-05
2,5,-8.8086051269e-05
3,0,6.3558067932e-05
3,1,-1.3628160838e-04
3,2,4.2435030912e-05
3,3,1.4368043900e-03
3,4,-2.5456340750e-04
3,5,6.2008865428e-05
4,0,-1.3628160838e-04
4,1,1.0151311343e-04
4,2,-5.2769591809e-05
4,3,-2.5456340750e-04
4,4,8.4391073766e-04
4,5,-1.2240470666e-04
5,0,-6.6431281904e-04
5,1,-9.6932630816e-06
5,2,-8.8086051269e-05
5,3,6.2008865428e-05
5,4,-1.2240470666e-04
5,5,1.4263931761e-03
6,6,1.9879475462e-03
6,7,-4.7624248208e-05
6,8,-4.5735757331e-04
6,9,-1.8904606542e-05
6,10,1.1759521375e-05
6,11,-8.9797251572e-04
7,6,-4.7624248208e-05
7,7,1.5788744967e-03
7,8,-4.0606723618e-05
7,9,1.1759521375e-05
7,10,-2.3991560497e-05
7,11,-2.8372792067e-06
8,6,-4.5735757331e-04
8,7,-4.0606723618e-05
8,8,1.7624819538e-03
8,9,-5.6873874206e-06
8,10,2.5674297769e-05
8,11,-2.3405833338e-04
9,6,-1.8904606542e-05
9,7,1.1759521375e-05
9,8,-5.6873874206e-06
9,9,1.1847765114e-03
9,10,-5.0161987878e-05
9,11,-8.3145126042e-06
10,6,1.1759521375e-05
10,7,-2.3991560497e-05
10,8,2.5674297769e-05
10,9,-5.0161987878e-05
10,10,5.8845679513e-04
10,11,-8.1118855207e-06
11,6,-8.9797251572e-04
11,7,-2.8372792067e-06
11,8,-2.3405833338e-04
11,9,-8.3145126042e-06
11,10,-8.1118855207e-06
11,11,1.3563077061e-03
12,12,1.9526435905e-03
12,13,-9.5843774983e-06
12,14,-8.9672030716e-04
12,15,-1.9843864515e-04
12,16,-1.1246566599e-04
12,17,-6.0338308877e-04
13,12,-9.5843774983e-06
13,13,1.1505925651e-03
13,14,4.9255199060e-05
13,15,-1.1246566599e-04
13,16,-2.5992841145e-04
13,17,-6.1938095307e-06
14,12,-8.9672030716e-04
14,13,4.9255199060e-05
14,14,1.3734583962e-03
14,15,-6.8747648685e-05
14,16,-4.2291455807e-05
14,17,-9.5446109265e-05
15,12,-1.9843864515e-04
15,13,-1.1246566599e-04
15,14,-6.8747648685e-05
15,15,1.4129613493e-03
15,16,-1.5124289158e-05
15,17,-2.4752561102e-05
16,12,-1.1246566599e-04
16,13,-2.5992841145e-04
16,14,-4.2291455807e-05
16,15,-1.5124289158e-05
16,16,5.3455343648e-04
16,17,-1.8967798631e-05
17,12,-6.0338308877e-04
17,13,-6.1938095307e-06
17,14,-9.5446109265e-05
17,15,-2.4752561102e-05
17,16,-1.8967798631e-05
17,17,1.5648071390e-03
18,18,1.9274531660e-03
18,19,2.3379480103e-04
18,20,-4.8197222958e-04
18,21,-5.2025130329e-05
18,22,-1.5210496122e-05
18,23,-8.6998373135e-04
19,18,2.3379480103e-04
19,19,1.4963640986e-03
19,20,1.6749232456e-04
19,21,-1.5210496122e-05
19,22,-5.9064967448e-05
19,23,1.9661247972e-05
20,18,-4.8197222958e-04
20,19,1.6749232456e-04
20,20,1.6264049964e-03
20,21,-7.8707771734e-06
20,22,-3.4827240662e-05
20,23,-1.5205553673e-04
21,18,-5.2025130329e-05
21,19,-1.5210496122e-05
21,20,-7.8707771734e-06
21,21,1.1493160610e-03
21,22,2.5138035582e-04
21,23,-2.5210912178e-05
22,18,-1.5210496122e-05
22,19,-5.9064967448e-05
22,20,-3.4827240662e-05
22,21,2.5138035582e-04
22,22,5.9658256414e-04
22,23,-5.8313716795e-06
23,18,-8.6998373135e-04
23,19,1.9661247972e-05
23,20,-1.5205553673e-04
23,21,-2.5210912178e-05
23,22,-5.8313716795e-06
23,23,1.3209886488e-03
24,24,2.0056287394e-03
24,25,1.8282682126e-04
24,26,-2.8200634442e-04
24,27,5.3198499223e-04
24,28,-1.7288423053e-04
24,29,-3.5031154895e-04
25,24,1.8282682126e-04
25,25,1.7533945969e-03
25,26,1.0213336353e-04
25,27,-1.7288423053e-04
25,28,6.8241341373e-04
25,29,2.3858445336e-05
26,24,-2.8200634442e-04
26,25,1.0213336353e-04
26,26,1.7240615468e-03
26,27,1.6818408811e-04
26,28,-3.8711783820e-05
26,29,3.3554338886e-05
27,24,5.3198499223e-04
27,25,-1.7288423053e-04
27,26,1.6818408811e-04
27,27,1.6923005647e-03
27,28,2.0416646351e-04
27,29,6.1017378172e-04
28,24,-1.7288423053e-04
28,25,6.8241341373e-04
28,26,-3.8711783820e-05
28,27,2.0416646351e-04
28,28,1.4669098933e-03
28,29,-6.5591999985e-05
29,24,-3.5031154895e-04
29,25,2.3858445336e-05
29,26,3.3554338886e-05
29,27,6.1017378172e-04
29,28,-6.5591999985e-05
29,29,1.7726796799e-03
30,30,2.1189302032e-03
30,31,-4.8426818440e-04
30,32,-4.2249768019e-04
30,33,-1.7593821846e-05
30,34,-8.4429227100e-05
30,35,-3.1855185760e-04
31,30,-4.8426818440e-04
31,31,1.7410367899e-03
31,32,-6.0761738482e-04
31,33,-8.4429227100e-05
31,34,-8.2192812908e-06
31,35,-1.6039384852e-04
32,30,-4.2249768019e-04
32,31,-6.0761738482e-04
32,32,1.8362799177e-03
32,33,1.0481054970e-05
32,34,-2.3170570446e-05
32,35,-1.1736980435e-04
33,30,-1.7593821846e-05
33,31,-8.4429227100e-05
33,32,1.0481054970e-05
33,33,1.8340087600e-03
33,34,-6.2772880379e-04
33,35,2.1961974700e-05
34,30,-8.4429227100e-05
34,31,-8.2192812908e-06
34,32,-2.3170570446e-05
34,33,-6.2772880379e-04
34,34,1.3622195032e-03
34,35,-1.0697087963e-04
35,30,-3.1855185760e-04
35,31,-1.6039384852e-04
35,32,-1.1736980435e-04
35,33,2.1961974700e-05
35,34,-1.0697087963e-04
35,35,1.8556911538e-03
36,36,1.8149982430e-03
36,37,-2.7094978519e-04
36,38,-6.0559757718e-04
36,39,1.1609286846e-05
36,40,1.2335703405e-04
36,41,-7.0668540676e-04
37,36,-2.7094978519e-04
37,37,1.2733353032e-03
37,38,-3.2070583216e-04
37,39,1.2335703405e-04
37,40,4.5153047254e-05
37,41,1.3160569057e-04
38,36,-6.0559757718e-04
38,37,-3.2070583216e-04
38,38,1.4299820523e-03
38,39,3.7503064246e-05
38,40,5.8326180172e-05
38,41,-6.4617642593e-05
39,36,1.1609286846e-05
39,37,1.2335703405e-04
39,38,3.7503064246e-05
39,39,1.1829195997e-03
39,40,-1.5323807705e-04
39,41,-7.2142661862e-05
40,36,1.2335703405e-04
40,37,4.5153047254e-05
40,38,5.8326180172e-05
40,39,-1.5323807705e-04
40,40,5.8956254583e-04
40,41,7.8116027353e-06
41,36,-7.0668540676e-04
41,37,1.3160569057e-04
41,38,-6.4617642593e-05
41,39,-7.2142661862e-05
41,40,7.8116027353e-06
41,41,1.2454751432e-03
42,42,2.0192647715e-03
42,43,5.5742259304e-04
42,44,-3.4750599901e-04
42,45,-1.7625351280e-04
42,46,1.9566039349e-04
42,47,-2.9914856015e-04
43,42,5.5742259304e-04
43,43,1.7084459570e-03
43,44,6.2022401458e-04
43,45,1.9566039349e-04
43,46,-2.1814721460e-04
43,47,1.5715271724e-04
44,42,-3.4750599901e-04
44,43,6.2022401458e-04
44,44,1.7955977122e-03
44,45,-4.6838582533e-05
44,46,7.9315638376e-05
44,47,6.4805273720e-05
45,42,-1.7625351280e-04
45,43,1.9566039349e-04
45,44,-4.6838582533e-05
45,45,1.7516981652e-03
45,46,6.9798425648e-04
45,47,-5.3216269626e-05
46,42,1.9566039349e-04
46,43,-2.1814721460e-04
46,44,7.9315638376e-05
46,45,6.9798425648e-04
46,46,1.4927235696e-03
46,47,4.5859366330e-05
47,42,-2.9914856015e-04
47,43,1.5715271724e-04
47,44,6.4805273720e-05
47,45,-5.3216269626e-05
47,46,4.5859366330e-05
47,47,1.6971795117e-03
48,48,1.9824822313e-03
48,49,-5.7593050445e-05
48,50,-6.1717610731e-04
48,51,-7.5575559331e-06
48,52,-5.0217624682e-05
48,53,-9.0431051429e-04
49,48,-5.7593050445e-05
49,49,1.4304631393e-03
49,50,-1.5251773049e-04
49,51,-5.0217624682e-05
49,52,-3.8514739550e-05
49,53,8.5140589518e-05
50,48,-6.1717610731e-04
50,49,-1.5251773049e-04
50,50,1.5587538972e-03
50,51,-3.4611183480e-05
50,52,6.4836991502e-05
50,53,-1.1410669594e-04
51,48,-7.5575559331e-06
51,49,-5.0217624682e-05
51,50,-3.4611183480e-05
51,51,1.1736423183e-03
51,52,1.8559007878e-05
51,53,9.2958729152e-06
52,48,-5.0217624682e-05
52,49,-3.8514739550e-05
52,50,6.4836991502e-05
52,51,1.8559007878e-05
52,52,5.3033786949e-04
52,53,-8.1795375034e-05
53,48,-9.0431051429e-04
53,49,8.5140589518e-05
53,50,-1.1410669594e-04
53,51,9.2958729152e-06
53,52,-8.1795375034e-05
53,53,1.3696950219e-03
54,54,2.0489041011e-03
54,55,-4.7207203686e-04
54,56,-3.8792242973e-04
54,57,-7.9613954498e-06
54,58,-1.6663274001e-05
54,59,-2.0638172601e-04
55,54,-4.7207203686e-04
55,55,1.7019357319e-03
55,56,-5.9810117434e-04
55,57,-1.6663274001e-05
55,58,-4.4905843695e-06
55,59,-2.1962410563e-04
56,54,-3.8792242973e-04
56,55,-5.9810117434e-04
56,56,1.7763285277e-03
56,57,3.8804847564e-06
56,58,-7.5678878302e-06
56,59,-1.0408636575e-04
57,54,-7.9613954498e-06
57,55,-1.6663274001e-05
57,56,3.8804847564e-06
57,57,1.8643106736e-03
57,58,-6.6850980873e-04
57,59,-2.6423285461e-06
58,54,-1.6663274001e-05
58,55,-4.4905843695e-06
58,56,-7.5678878302e-06
58,57,-6.6850980873e-04
58,58,1.4340732118e-03
58,59,-1.9132007132e-05
59,54,-2.0638172601e-04
59,55,-2.1962410563e-04
59,56,-1.0408636575e-04
59,57,-2.6423285461e-06
59,58,-1.9132007132e-05
59,59,1.9342083710e-03
60,60,1.9539853610e-03
60,61,1.5304683327e-04
60,62,-2.9192693539e-04
60,63,-4.5920921741e-04
60,64,1.0962691776e-04
60,65,-3.2896940615e-04
61,60,1.5304683327e-04
61,61,1.6928779722e-03
61,62,1.3515454355e-04
61,63,1.0962691776e-04
61,64,-6.1388041740e-04
61,65,6.2530885645e-06
62,60,-2.9192693539e-04
62,61,1.3515454355e-04
62,62,1.6524718559e-03
62,63,-1.7292765866e-04
62,64,6.2292145255e-06
62,65,1.5427961127e-05
63,60,-4.5920921741e-04
63,61,1.0962691776e-04
63,62,-1.7292765866e-04
63,63,1.6597461791e-03
63,64,1.5863976571e-04
63,65,-5.7648417920e-04
64,60,1.0962691776e-04
64,61,-6.1388041740e-04
64,62,6.2292145255e-06
64,63,1.5863976571e-04
64,64,1.4109811592e-03
64,65,6.0282296330e-05
65,60,-3.2896940615e-04
65,61,6.2530885645e-06
65,62,1.5427961127e-05
65,63,-5.7648417920e-04
65,64,6.0282296330e-05
65,65,1.7015953927e-03
66,66,1.9714782346e-03
66,67,2.6942831731e-05
66,68,-2.0972173731e-04
66,69,-4.5910450996e-04
66,70,4.2337194759e-05
66,71,-3.6573179536e-04
67,66,2.6942831731e-05
67,67,1.7838974102e-03
67,68,-1.1015933837e-05
67,69,4.2337194759e-05
67,70,-6.5027355021e-04
67,71,2.2643753209e-05
68,66,-2.0972173731e-04
68,67,-1.1015933837e-05
68,68,1.8340593618e-03
68,69,-2.1373348459e-04
68,70,3.8875473698e-06
68,71,-7.8354172172e-05
69,66,-4.5910450996e-04
69,67,4.2337194759e-05
69,68,-2.1373348459e-04
69,69,1.6443577722e-03
69,70,4.7196020307e-05
69,71,-5.7888519287e-04
70,66,4.2337194759e-05
70,67,-6.5027355021e-04
70,68,3.8875473698e-06
70,69,4.7196020307e-05
70,70,1.3940936101e-03
70,71,2.5186523643e-05
71,66,-3.6573179536e-04
71,67,2.2643753209e-05
71,68,-7.8354172172e-05
71,69,-5.7888519287e-04
71,70,2.5186523643e-05
71,71,1.7114588175e-03
72,72,2.0111053843e-03
72,73,-3.9446174199e-05
72,74,-8.3789627103e-04
72,75,-1.2358299691e-04
72,76,2.2000654915e-04
72,77,-5.3924194389e-04
73,72,-3.9446174199e-05
73,73,1.2616681763e-03
73,74,-5.7865452667e-06
73,75,2.2000654915e-04
73,76,-2.3628872458e-04
73,77,-1.4727927812e-04
74,72,-8.3789627103e-04
74,73,-5.7865452667e-06
74,74,1.3585960845e-03
74,75,-1.2600883426e-04
74,76,1.4435242509e-04
74,77,-2.6226813934e-05
75,72,-1.2358299691e-04
75,73,2.2000654915e-04
75,74,-1.2600883426e-04
75,75,1.5287927272e-03
75,76,-1.7117676522e-04
75,77,-2.2578898413e-05
76,72,2.2000654915e-04
76,73,-2.3628872458e-04
76,74,1.4435242509e-04
76,75,-1.7117676522e-04
76,76,7.5837406800e-04
76,77,9.6449561926e-05
77,72,-5.3924194389e-04
77,73,-1.4727927812e-04
77,74,-2.6226813934e-05
77,75,-2.2578898413e-05
77,76,9.6449561926e-05
77,77,1.5174253906e-03
78,78,1.9837199670e-03
78,79,-5.1586428094e-04
78,80,-3.5213671812e-04
78,81,-1.3839079594e-04
78,82,-1.0823298145e-04
78,83,-3.1199886609e-04
79,78,-5.1586428094e-04
79,79,1.6687593114e-03
79,80,-6.1157794498e-04
79,81,-1.0823298145e-04
79,82,-1.4150530547e-04
79,83,-1.9408115380e-04
80,78,-3.5213671812e-04
80,79,-6.1157794498e-04
80,80,1.7436282485e-03
80,81,-3.4821275157e-06
80,82,-4.3863922806e-05
80,83,1.7664800801e-05
81,78,-1.3839079594e-04
81,79,-1.0823298145e-04
81,80,-3.4821275157e-06
81,81,1.7046596976e-03
81,82,-6.8945574216e-04
81,83,-9.8203552050e-05
82,78,-1.0823298145e-04
82,79,-1.4150530547e-04
82,80,-4.3863922806e-05
82,81,-6.8945574216e-04
82,82,1.4038308826e-03
82,83,-3.9061473759e-06
83,78,-3.1199886609e-04
83,79,-1.9408115380e-04
83,80,1.7664800801e-05
83,81,-9.8203552050e-05
83,82,-3.9061473759e-06
83,83,1.6870271214e-03
84,84,2.2484471251e-03
84,85,-2.6239864406e-04
84,86,-2.3467343487e-04
84,87,2.9011386124e-04
84,88,2.0073253020e-04
84,89,-2.4503603741e-04
85,84,-2.6239864406e-04
85,85,2.0385488239e-03
85,86,-3.2832643390e-04
85,87,2.0073253020e-04
85,88,4.2015442565e-04
85,89,-1.1133451420e-04
86,84,-2.3467343487e-04
86,85,-3.2832643390e-04
86,86,2.0683794184e-03
86,87,1.4538977092e-04
86,88,1.4585612126e-04
86,89,-9.9863437761e-05
87,84,2.9011386124e-04
87,85,2.0073253020e-04
87,86,1.4538977092e-04
87,87,2.0292802305e-03
87,88,-3.6197926086e-04
87,89,3.6405349009e-04
88,84,2.0073253020e-04
88,85,4.2015442565e-04
88,86,1.4585612126e-04
88,87,-3.6197926086e-04
88,88,1.7394911791e-03
88,89,1.1934256270e-04
89,84,-2.4503603741e-04
89,85,-1.1133451420e-04
89,86,-9.9863437761e-05
89,87,3.6405349009e-04
89,88,1.1934256270e-04
89,89,2.0469880973e-03
90,90,1.9921321323e-03
90,91,-5.6164175005e-04
90,92,-3.4868299046e-04
90,93,1.8322172531e-04
90,94,1.8926197514e-04
90,95,-2.8800746619e-04
91,90,-5.6164175005e-04
91,91,1.6802605845e-03
91,92,-6.1602534927e-04
91,93,1.8926197514e-04
91,94,2.0534091896e-04
91,95,-1.6976991531e-04
92,90,-3.4868299046e-04
92,91,-6.1602534927e-04
92,92,1.7723788102e-03
92,93,2.4730010298e-05
92,94,5.9591143833e-05
92,95,4.7994273802e-05
93,90,1.8322172531e-04
93,91,1.8926197514e-04
93,92,2.4730010298e-05
93,93,1.7345304233e-03
93,94,-7.1348857851e-04
93,95,7.0948161163e-05
94,90,1.8926197514e-04
94,91,2.0534091896e-04
94,92,5.9591143833e-05
94,93,-7.1348857851e-04
94,94,1.4610542946e-03
94,95,4.7336498617e-05
95,90,-2.8800746619e-04
95,91,-1.6976991531e-04
95,92,4.7994273802e-05
95,93,7.0948161163e-05
95,94,4.7336498617e-05
95,95,1.7095091471e-03
96,96,1.9469817537e-03
96,97,1.9792731439e-05
96,98,-7.5889414172e-04
96,99,8.6954748056e-05
96,100,-2.8269540372e-05
96,101,-7.7724528168e-04
97,96,1.9792731439e-05
97,97,1.2682061982e-03
97,98,-1.5912148207e-04
97,99,-2.8269540372e-05
97,100,1.8079150905e-04
97,101,1.7244162748e-04
98,96,-7.5889414172e-04
98,97,-1.5912148207e-04
98,98,1.4383097263e-03
98,99,1.0491268818e-04
98,100,4.8694028450e-05
98,101,-5.8313622066e-05
99,96,8.6954748056e-05
99,97,-2.8269540372e-05
99,98,1.0491268818e-04
99,99,1.2517924397e-03
99,100,1.7402921192e-04
99,101,-9.5275781064e-05
100,96,-2.8269540372e-05
100,97,1.8079150905e-04
100,98,4.8694028450e-05
100,99,1.7402921192e-04
100,100,5.2636598658e-04
100,101,-6.2265922145e-05
101,96,-7.7724528168e-04
101,97,1.7244162748e-04
101,98,-5.8313622066e-05
101,99,-9.5275781064e-05
101,100,-6.2265922145e-05
101,101,1.4268969661e-03
102,102,2.0748742737e-03
102,103,4.5801256669e-04
102,104,-4.9959462889e-04
102,105,-1.3498770140e-04
102,106,1.3030760592e-04
102,107,-6.5523442937e-04
103,102,4.5801256669e-04
103,103,1.6280232531e-03
103,104,3.6530176018e-04
103,105,1.3030760592e-04
103,106,-1.8786759403e-04
103,107,6.3327515529e-05
104,102,-4.9959462889e-04
104,103,3.6530176018e-04
104,104,1.6963943858e-03
104,105,-5.9121517280e-05
104,106,1.3178806424e-05
104,107,-1.0340962281e-04
105,102,-1.3498770140e-04
105,103,1.3030760592e-04
105,104,-5.9121517280e-05
105,105,1.4888147836e-03
105,106,5.1465441851e-04
105,107,2.2240245724e-05
106,102,1.3030760592e-04
106,103,-1.8786759403e-04
106,104,1.3178806424e-05
106,105,5.1465441851e-04
106,106,9.5923606476e-04
106,107,-5.4158982064e-06
107,102,-6.5523442937e-04
107,103,6.3327515529e-05
107,104,-1.0340962281e-04
107,105,2.2240245724e-05
107,106,-5.4158982064e-06
107,107,1.5233696630e-03
108,108,1.9134547305e-03
108,109,7.8728376563e-05
108,110,-1.3456593173e-04
108,111,-3.5190938279e-04
108,112,1.0891035198e-04
108,113,-3.1619227576e-04
109,108,7.8728376563e-05
109,109,1.7930953022e-03
109,110,8.6364345892e-06
109,111,1.0891035198e-04
109,112,-4.5632455476e-04
109,113,8.7873358753e-05
110,108,-1.3456593173e-04
110,109,8.6364345892e-06
110,110,1.7763063200e-03
110,111,-1.1673971121e-04
110,112,1.4075838269e-05
110,113,-5.7595642130e-05
111,108,-3.5190938279e-04
111,109,1.0891035198e-04
111,110,-1.1673971121e-04
111,111,1.6306437615e-03
111,112,1.5732469800e-04
111,113,-4.9753291811e-04
112,108,1.0891035198e-04
112,109,-4.5632455476e-04
112,110,1.4075838269e-05
112,111,1.5732469800e-04
112,112,1.4642078195e-03
112,113,1.0090212994e-04
113,108,-3.1619227576e-04
113,109,8.7873358753e-05
113,110,-5.7595642130e-05
113,111,-4.9753291811e-04
113,112,1.0090212994e-04
113,113,1.6392492471e-03
114,114,2.1208544509e-03
114,115,1.5956342058e-04
114,116,-5.7491959870e-04
114,117,-2.4269050868e-04
114,118,-3.2130917302e-05
114,119,-7.6864683423e-04
115,114,1.5956342058e-04
115,115,1.6066307292e-03
115,116,1.4505114936e-04
115,117,-3.2130917302e-05
115,118,-3.2153737831e-04
115,119,1.3588536734e-05
116,114,-5.7491959870e-04
116,115,1.4505114936e-04
116,116,1.6331273685e-03
116,117,-8.8153480157e-05
116,118,-3.6244937377e-06
116,119,-1.2320320099e-04
117,114,-2.4269050868e-04
117,115,-3.2130917302e-05
117,116,-8.8153480157e-05
117,117,1.4333558221e-03
117,118,1.7171737732e-04
117,119,-1.5476607557e-04
118,114,-3.2130917302e-05
118,115,-3.2153737831e-04
118,116,-3.6244937377e-06
118,117,1.7171737732e-04
118,118,8.2056953960e-04
118,119,-8.5052729333e-05
119,114,-7.6864683423e-04
119,115,1.3588536734e-05
119,116,-1.2320320099e-04
119,117,-1.5476607557e-04
119,118,-8.5052729333e-05
119,119,1.4857655612e-03
120,120,1.9957416408e-03
120,121,1.8711330000e-05
120,122,-4.4105607857e-04
120,123,-1.1682543153e-04
120,124,1.3396889334e-04
120,125,-8.2326088475e-04
121,120,1.8711330000e-05
121,121,1.6012490914e-03
121,122,-1.1735086058e-05
121,123,1.3396889334e-04
121,124,-1.6037497839e-04
121,125,9.8054189340e-06
122,120,-4.4105607857e-04
122,121,-1.1735086058e-05
122,122,1.6894412344e-03
122,123,-4.8689873583e-05
122,124,-2.2818887989e-05
122,125,-1.8083700287e-04
123,120,-1.1682543153e-04
123,121,1.3396889334e-04
123,122,-4.8689873583e-05
123,123,1.2593947202e-03
123,124,2.7481563314e-05
123,125,-4.9468422809e-05
124,120,1.3396889334e-04
124,121,-1.6037497839e-04
124,122,-2.2818887989e-05
124,123,2.7481563314e-05
124,124,7.2023256851e-04
124,125,1.0875227193e-04
125,120,-8.2326088475e-04
125,121,9.8054189340e-06
125,122,-1.8083700287e-04
125,123,-4.9468422809e-05
125,124,1.0875227193e-04
125,125,1.3488549621e-03
126,126,2.0082978762e-03
126,127,-6.8850411271e-05
126,128,-8.6707214843e-04
126,129,3.5730577557e-05
126,130,8.0740480029e-05
126,131,-5.2158376756e-04
127,126,-6.8850411271e-05
127,127,1.2327649701e-03
127,128,-4.9103694315e-05
127,129,8.0740480029e-05
127,130,1.3477672426e-04
127,131,2.5991618697e-05
128,126,-8.6707214843e-04
128,127,-4.9103694315e-05
128,128,1.3675007309e-03
128,129,1.1073695846e-04
128,130,4.1736350574e-06
128,131,-1.6510941757e-04
129,126,3.5730577557e-05
129,127,8.0740480029e-05
129,128,1.1073695846e-04
129,129,1.5417791721e-03
129,130,-4.5602800770e-05
129,131,-1.1931920945e-04
130,126,8.0740480029e-05
130,127,1.3477672426e-04
130,128,4.1736350574e-06
130,129,-4.5602800770e-05
130,130,6.3415873195e-04
130,131,5.3459581946e-05
131,126,-5.2158376756e-04
131,127,2.5991618697e-05
131,128,-1.6510941757e-04
131,129,-1.1931920945e-04
131,130,5.3459581946e-05
131,131,1.6534241982e-03
132,132,2.1103898584e-03
132,133,1.7924589970e-04
132,134,-5.4122175969e-04
132,135,4.5298117748e-05
132,136,-7.6757013030e-05
132,137,-8.2293362758e-04
133,132,1.7924589970e-04
133,133,1.6263064002e-03
133,134,1.1939700611e-04
133,135,-7.6757013030e-05
133,136,-1.6325114961e-05
133,137,5.9827909395e-05
134,132,-5.4122175969e-04
134,133,1.1939700611e-04
134,134,1.6624614013e-03
134,135,-6.8896868665e-05
134,136,2.8668060950e-05
134,137,-1.4220637942e-04
135,132,4.5298117748e-05
135,133,-7.6757013030e-05
135,134,-6.8896868665e-05
135,135,1.3743356455e-03
135,136,2.3275760864e-04
135,137,6.3969635273e-05
136,132,-7.6757013030e-05
136,133,-1.6325114961e-05
136,134,2.8668060950e-05
136,135,2.3275760864e-04
136,136,7.7648708372e-04
136,137,-8.0099992399e-05
137,132,-8.2293362758e-04
137,133,5.9827909395e-05
137,134,-1.4220637942e-04
137,135,6.3969635273e-05
137,136,-8.0099992399e-05
137,137,1.4451200206e-03
138,138,2.0893584724e-03
138,139,-9.2022231553e-05
138,140,-8.6653293193e-04
138,141,-9.6950375922e-05
138,142,5.8909008487e-06
138,143,-5.8735661779e-04
139,138,-9.2022231553e-05
139,139,1.3143078561e-03
139,140,-7.7323237233e-05
139,141,5.8909008487e-06
139,142,-9.4338225485e-05
139,143,2.1306344936e-05
140,138,-8.6653293193e-04
140,139,-7.7323237233e-05
140,140,1.4190956803e-03
140,141,2.9204729717e-06
140,142,-9.1701003465e-06
140,143,-1.5613902695e-04
141,138,-9.6950375922e-05
141,139,5.8909008487e-06
141,140,2.9204729717e-06
141,141,1.5640107426e-03
141,142,-7.2965257301e-05
141,143,-8.4602444988e-05
142,138,5.8909008487e-06
142,139,-9.4338225485e-05
142,140,-9.1701003465e-06
142,141,-7.2965257301e-05
142,142,6.6404890482e-04
142,143,3.2978173542e-05
143,138,-5.8735661779e-04
143,139,2.1306344936e-05
143,140,-1.5613902695e-04
143,141,-8.4602444988e-05
143,142,3.2978173542e-05
143,143,1.6579811028e-03
144,144,2.2659372849e-03
144,145,-2.4228213107e-04
144,146,-5.4978080844e-04
144,147,-1.4246640028e-05
144,148,-6.8923586189e-05
144,149,-8.3276818829e-04
145,144,-2.4228213107e-04
145,145,1.7741983808e-03
145,146,-2.1685767044e-04
145,147,-6.8923586189e-05
145,148,-5.2654510962e-05
145,149,-1.8572857375e-05
146,144,-5.4978080844e-04
146,145,-2.1685767044e-04
146,146,1.7896303361e-03
146,147,-4.2941305140e-05
146,148,-9.5046022203e-05
146,149,-1.5859686763e-04
147,144,-1.4246640028e-05
147,145,-6.8923586189e-05
147,146,-4.2941305140e-05
147,147,1.5210867735e-03
147,148,-2.5889419972e-04
147,149,3.2967067291e-05
148,144,-6.8923586189e-05
148,145,-5.2654510962e-05
148,146,-9.5046022203e-05
148,147,-2.5889419972e-04
148,148,9.0247037526e-04
148,149,1.8065851495e-05
149,144,-8.3276818829e-04
149,145,-1.8572857375e-05
149,146,-1.5859686763e-04
149,147,3.2967067291e-05
149,148,1.8065851495e-05
149,149,1.5418885187e-03
150,150,2.0098750716e-03
150,151,1.0630927113e-05
150,152,-8.3748486304e-04
150,153,-7.1757858555e-05
150,154,-7.0762115355e-05
150,155,-4.0174594775e-04
151,150,1.0630927113e-05
151,151,1.2608058381e-03
151,152,1.5997321266e-05
151,153,-7.0762115355e-05
151,154,-9.3571539536e-05
151,155,1.6845678066e-06
152,150,-8.3748486304e-04
152,151,1.5997321266e-05
152,152,1.3561583735e-03
152,153,-2.4388436757e-05
152,154,-3.2057022498e-05
152,155,-2.4889544803e-04
153,150,-7.1757858555e-05
153,151,-7.0762115355e-05
153,152,-2.4388436757e-05
153,153,1.6505425721e-03
153,154,1.2137650364e-05
153,155,-5.2568307524e-05
154,150,-7.0762115355e-05
154,151,-9.3571539536e-05
154,152,-3.2057022498e-05
154,153,1.2137650364e-05
154,154,7.0235698009e-04
154,155,-3.7133635784e-05
155,150,-4.0174594775e-04
155,151,1.6845678066e-06
155,152,-2.4889544803e-04
155,153,-5.2568307524e-05
155,154,-3.7133635784e-05
155,155,1.8018349936e-03
156,156,1.9510144431e-03
156,157,3.2602934889e-04
156,158,-3.8082040502e-04
156,159,-2.1467473370e-05
156,160,1.5022678938e-04
156,161,-8.6047396920e-04
157,156,3.2602934889e-04
157,157,1.6103983180e-03
157,158,2.1617173436e-04
157,159,1.5022678938e-04
157,160,5.1936785179e-05
157,161,7.5946415371e-05
158,156,-3.8082040502e-04
158,157,2.1617173436e-04
158,158,1.7301547208e-03
158,159,8.2068455977e-05
158,160,7.3685501904e-05
158,161,-1.4125830763e-04
159,156,-2.1467473370e-05
159,157,1.5022678938e-04
159,158,8.2068455977e-05
159,159,1.1813831279e-03
159,160,3.9395788785e-04
159,161,1.9145113269e-05
160,156,1.5022678938e-04
160,157,5.1936785179e-05
160,158,7.3685501904e-05
160,159,3.9395788785e-04
160,160,7.2776035667e-04
160,161,7.4540408257e-05
161,156,-8.6047396920e-04
161,157,7.5946415371e-05
161,158,-1.4125830763e-04
161,159,1.9145113269e-05
161,160,7.4540408257e-05
161,161,1.3515001592e-03
162,162,2.0252944687e-03
162,163,-5.2100762515e-05
162,164,-5.5474212214e-04
162,165,7.6917018132e-06
162,166,-5.5053820693e-05
162,167,-9.2067622686e-04
163,162,-5.2100762515e-05
163,163,1.5291180307e-03
163,164,1.3268700778e-05
163,165,-5.5053820693e-05
163,166,2.4688004140e-05
163,167,-3.7893457971e-05
164,162,-5.5474212214e-04
164,163,1.3268700778e-05
164,164,1.6702717769e-03
164,165,1.9002443685e-05
164,166,-1.9795343854e-05
164,167,-1.6899307764e-04
165,162,7.6917018132e-06
165,163,-5.5053820693e-05
165,164,1.9002443685e-05
165,165,1.2018166173e-03
165,166,-8.5993701686e-05
165,167,-4.0139755300e-06
166,162,-5.5053820693e-05
166,163,2.4688004140e-05
166,164,-1.9795343854e-05
166,165,-8.5993701686e-05
166,166,5.7044571719e-04
166,167,-1.4217012767e-05
167,162,-9.2067622686e-04
167,163,-3.7893457971e-05
167,164,-1.6899307764e-04
167,165,-4.0139755300e-06
167,166,-1.4217012767e-05
167,167,1.3883729284e-03
168,168,2.2228962535e-03
168,169,-1.6609193381e-04
168,170,-7.1636761383e-04
168,171,-3.9236579853e-06
168,172,-3.0400154712e-05
168,173,-7.4413137547e-04
169,168,-1.6609193381e-04
169,169,1.5821575809e-03
169,170,-1.7260462020e-04
169,171,-3.0400154712e-05
169,172,8.9971363201e-05
169,173,3.1064861888e-05
170,168,-7.1636761383e-04
170,169,-1.7260462020e-04
170,170,1.6514651161e-03
170,171,1.0497782506e-04
170,172,4.7842997869e-05
170,173,-1.8749267889e-04
171,168,-3.9236579853e-06
171,169,-3.0400154712e-05
171,170,1.0497782506e-04
171,171,1.5573249176e-03
171,172,-1.3830667666e-04
171,173,-9.7064248819e-05
172,168,-3.0400154712e-05
172,169,8.9971363201e-05
172,170,4.7842997869e-05
172,171,-1.3830667666e-04
172,172,7.6659210192e-04
172,173,-9.0685443926e-05
173,168,-7.4413137547e-04
173,169,3.1064861888e-05
173,170,-1.8749267889e-04
173,171,-9.7064248819e-05
173,172,-9.0685443926e-05
173,173,1.6188071837e-03
174,174,2.0709921764e-03
174,175,-4.8565804956e-04
174,176,-4.1031685164e-04
174,177,-4.6400004588e-05
174,178,1.7573892997e-05
174,179,-2.6231503468e-04
175,174,-4.8565804956e-04
175,175,1.7039936274e-03
175,176,-6.0629643717e-04
175,177,1.7573892997e-05
175,178,-5.7879778545e-05
175,179,-1.8988492547e-04
176,174,-4.1031685164e-04
176,175,-6.0629643717e-04
176,176,1.7980163548e-03
176,177,-1.2834777468e-05
176,178,1.6193993591e-05
176,179,-1.1263141014e-04
177,174,-4.6400004588e-05
177,175,1.7573892997e-05
177,176,-1.2834777468e-05
177,177,1.8363704768e-03
177,178,-6.5549629007e-04
177,179,-7.2514952075e-05
178,174,1.7573892997e-05
178,175,-5.7879778545e-05
178,176,1.6193993591e-05
178,177,-6.5549629007e-04
178,178,1.3792667997e-03
178,179,6.7857236553e-05
179,174,-2.6231503468e-04
179,175,-1.8988492547e-04
179,176,-1.1263141014e-04
179,177,-7.2514952075e-05
179,178,6.7857236553e-05
179,179,1.8835142447e-03
180,180,1.9535622793e-03
180,181,5.3312127232e-04
180,182,-3.5532728626e-04
180,183,1.5959144525e-05
180,184,-6.4763287654e-05
180,185,-3.1810072424e-04
181,180,5.3312127232e-04
181,181,1.6357478928e-03
181,182,6.0552535673e-04
181,183,-6.4763287654e-05
181,184,3.3339114849e-05
181,185,2.4187243906e-04
182,180,-3.5532728626e-04
182,181,6.0552535673e-04
182,182,1.7261686321e-03
182,183,1.9431397547e-05
182,184,3.9236939623e-06
182,185,-6.1748631408e-06
183,180,1.5959144525e-05
183,181,-6.4763287654e-05
183,182,1.9431397547e-05
183,183,1.6690443421e-03
183,184,7.4945855857e-04
183,185,-4.5971900326e-05
184,180,-6.4763287654e-05
184,181,3.3339114849e-05
184,182,3.9236939623e-06
184,183,7.4945855857e-04
184,184,1.3462900650e-03
184,185,-5.7249649636e-05
185,180,-3.1810072424e-04
185,181,2.4187243906e-04
185,182,-6.1748631408e-06
185,183,-4.5971900326e-05
185,184,-5.7249649636e-05
185,185,1.7100432161e-03
186,186,1.8659801446e-03
186,187,-2.6339076097e-05
186,188,-2.0999990790e-04
186,189,-2.1306058867e-04
186,190,1.0622816948e-04
186,191,-2.7316869747e-04
187,186,-2.6339076097e-05
187,187,1.6781505169e-03
187,188,-1.2952928205e-04
187,189,1.0622816948e-04
187,190,-2.1939592563e-04
187,191,4.8709627773e-05
188,186,-2.0999990790e-04
188,187,-1.2952928205e-04
188,188,1.5998364236e-03
188,189,-7.0831220500e-06
188,190,7.8406344893e-05
188,191,-8.8801664167e-05
189,186,-2.1306058867e-04
189,187,1.0622816948e-04
189,188,-7.0831220500e-06
189,189,1.6216506339e-03
189,190,1.7228139447e-05
189,191,-3.8105202961e-04
190,186,1.0622816948e-04
190,187,-2.1939592563e-04
190,188,7.8406344893e-05
190,189,1.7228139447e-05
190,190,1.3627796748e-03
190,191,1.2246614320e-04
191,186,-2.7316869747e-04
191,187,4.8709627773e-05
191,188,-8.8801664167e-05
191,189,-3.8105202961e-04
191,190,1.2246614320e-04
191,191,1.5784687705e-03
192,192,1.9650210947e-03
192,193,-1.4612540205e-04
192,194,-5.0729268111e-04
192,195,5.2129270907e-05
192,196,-1.6497741585e-04
192,197,-8.4570667597e-04
193,192,-1.4612540205e-04
193,193,1.5112847269e-03
193,194,-7.3330254679e-05
193,195,-1.6497741585e-04
193,196,1.4959736651e-04
193,197,-7.5046232133e-05
194,192,-5.0729268111e-04
194,193,-7.3330254679e-05
194,194,1.5376601877e-03
194,195,1.0897264370e-04
194,196,-3.2030299000e-05
194,197,-7.9802833340e-05
195,192,5.2129270907e-05
195,193,-1.6497741585e-04
195,194,1.0897264370e-04
195,195,1.2085980481e-03
195,196,-2.1324879265e-04
195,197,1.4880470733e-05
196,192,-1.6497741585e-04
196,193,1.4959736651e-04
196,194,-3.2030299000e-05
196,195,-2.1324879265e-04
196,196,6.9101941361e-04
196,197,-1.3341657151e-04
197,192,-8.4570667597e-04
197,193,-7.5046232133e-05
197,194,-7.9802833340e-05
197,195,1.4880470733e-05
197,196,-1.3341657151e-04
197,197,1.3341511381e-03
198,198,1.9840347634e-03
198,199,4.8559584280e-05
198,200,-4.8258295215e-04
198,201,1.9026142713e-05
198,202,-5.3022822886e-05
198,203,-8.9884007995e-04
199,198,4.8559584280e-05
199,199,1.5523994491e-03
199,200,1.1670584607e-07
199,201,-5.3022822886e-05
199,202,2.3039116610e-05
199,203,2.8260172055e-05
200,198,-4.8258295215e-04
200,199,1.1670584607e-07
200,200,1.7188319954e-03
200,201,4.4866412120e-06
200,202,-1.2474652556e-07
200,203,-2.1045967452e-04
201,198,1.9026142713e-05
201,199,-5.3022822886e-05
201,200,4.4866412120e-06
201,201,1.1800877555e-03
201,202,7.3836250588e-05
201,203,2.0095306936e-06
202,198,-5.3022822886e-05
202,199,2.3039116610e-05
202,200,-1.2474652556e-07
202,201,7.3836250588e-05
202,202,5.8008470157e-04
202,203,-2.8741803698e-05
203,198,-8.9884007995e-04
203,199,2.8260172055e-05
203,200,-2.1045967452e-04
203,201,2.0095306936e-06
203,202,-2.8741803698e-05
203,203,1.3554740676e-03
204,204,1.9862584786e-03
204,205,-6.0096642009e-05
204,206,-4.4040307642e-04
204,207,-6.4722759162e-05
204,208,1.9439874959e-05
204,209,-8.6185381018e-04
205,204,-6.0096642009e-05
205,205,1.5923499920e-03
205,206,-2.0609745459e-05
205,207,1.9439874959e-05
205,208,-8.9917975289e-05
205,209,-2.7885426319e-05
206,204,-4.4040307642e-04
206,205,-2.0609745459e-05
206,206,1.7395018192e-03
206,207,-2.8169107984e-05
206,208,-2.9597451086e-05
206,209,-2.2290636242e-04
207,204,-6.4722759162e-05
207,205,1.9439874959e-05
207,206,-2.8169107984e-05
207,207,1.2153929961e-03
207,208,-8.5038125541e-05
207,209,-2.9241100029e-05
208,204,1.9439874959e-05
208,205,-8.9917975289e-05
208,206,-2.9597451086e-05
208,207,-8.5038125541e-05
208,208,6.4315941960e-04
208,209,4.0174940436e-05
209,204,-8.6185381018e-04
209,205,-2.7885426319e-05
209,206,-2.2290636242e-04
209,207,-2.9241100029e-05
209,208,4.0174940436e-05
209,209,1.3450681064e-03
210,210,1.8086477916e-03
210,211,3.9299339965e-04
210,212,-5.7863973108e-04
210,213,-6.7591911036e-06
210,214,-1.0531625579e-04
210,215,-7.4524107806e-04
211,210,3.9299339965e-04
211,211,1.2910966823e-03
211,212,3.8312222695e-04
211,213,-1.0531625579e-04
211,214,-9.9279029682e-06
211,215,-1.1125117910e-04
212,210,-5.7863973108e-04
212,211,3.8312222695e-04
212,212,1.5036237235e-03
212,213,-3.5427275652e-06
212,214,-4.4734670954e-05
212,215,-6.9155989239e-05
213,210,-6.7591911036e-06
213,211,-1.0531625579e-04
213,212,-3.5427275652e-06
213,213,1.1420839075e-03
213,214,2.9348732003e-04
213,215,-5.9579844404e-05
214,210,-1.0531625579e-04
214,211,-9.9279029682e-06
214,212,-4.4734670954e-05
214,213,2.9348732003e-04
214,214,5.6920800684e-04
214,215,-2.2247110304e-05
215,210,-7.4524107806e-04
215,211,-1.1125117910e-04
215,212,-6.9155989239e-05
215,213,-5.9579844404e-05
215,214,-2.2247110304e-05
215,215,1.2589502220e-03
216,216,1.9137788528e-03
216,217,-1.3413490107e-04
216,218,-4.8863324866e-04
216,219,-5.5422305002e-05
216,220,8.5554136016e-05
216,221,-8.5334453299e-04
217,216,-1.3413490107e-04
217,217,1.4767319887e-03
217,218,-1.5801143636e-04
217,219,8.5554136016e-05
217,220,-7.1693686270e-05
217,221,2.3292914861e-05
218,216,-4.8863324866e-04
218,217,-1.5801143636e-04
218,218,1.6209987238e-03
218,219,-1.8191957301e-05
218,220,1.2434717531e-05
218,221,-1.7342470826e-04
219,216,-5.5422305002e-05
219,217,8.5554136016e-05
219,218,-1.8191957301e-05
219,219,1.1505242992e-03
219,220,-1.1330108466e-04
219,221,-3.1242353623e-05
220,216,8.5554136016e-05
220,217,-7.1693686270e-05
220,218,1.2434717531e-05
220,219,-1.1330108466e-04
220,220,5.7473766852e-04
220,221,5.6124490227e-05
221,216,-8.5334453299e-04
221,217,2.3292914861e-05
221,218,-1.7342470826e-04
221,219,-3.1242353623e-05
221,220,5.6124490227e-05
221,221,1.3079050296e-03
222,222,2.0309307409e-03
222,223,1.6946307014e-05
222,224,-2.4657856886e-04
222,225,5.4593145749e-04
222,226,-5.5878613069e-06
222,227,-4.0445721027e-04
223,222,1.6946307014e-05
223,223,1.8103841642e-03
223,224,1.5471090508e-05
223,225,-5.5878613069e-06
223,226,7.6327300868e-04
223,227,5.6171357862e-06
224,222,-2.4657856886e-04
224,223,1.5471090508e-05
224,224,1.8972621791e-03
224,225,2.4299524140e-04
224,226,1.1746120697e-05
224,227,-7.5989707219e-05
225,222,5.4593145749e-04
225,223,-5.5878613069e-06
225,224,2.4299524140e-04
225,225,1.6691732144e-03
225,226,2.1970425997e-05
225,227,6.2825444480e-04
226,222,-5.5878613069e-06
226,223,7.6327300868e-04
226,224,1.1746120697e-05
226,225,2.1970425997e-05
226,226,1.3878348719e-03
226,227,4.4231911790e-06
227,222,-4.0445721027e-04
227,223,5.6171357862e-06
227,224,-7.5989707219e-05
227,225,6.2825444480e-04
227,226,4.4231911790e-06
227,227,1.7897419490e-03
228,228,1.9624598554e-03
228,229,-1.7450329824e-04
228,230,-5.5548368651e-04
228,231,-2.6952634521e-04
228,232,3.5515075312e-05
228,233,-5.4993437229e-04
229,228,-1.7450329824e-04
229,229,1.4656201420e-03
229,230,-2.2967780060e-04
229,231,3.5515075312e-05
229,232,-3.7661706311e-04
229,233,8.8289824668e-05
230,228,-5.5548368651e-04
230,229,-2.2967780060e-04
230,230,1.4437769273e-03
230,231,-1.1973106249e-04
230,232,-6.7772314897e-05
230,233,-9.4854454485e-06
231,228,-2.6952634521e-04
231,229,3.5515075312e-05
231,230,-1.1973106249e-04
231,231,1.4705835995e-03
231,232,-9.5534478365e-05
231,233,-1.7993854800e-04
232,228,3.5515075312e-05
232,229,-3.7661706311e-04
232,230,-6.7772314897e-05
232,231,-9.5534478365e-05
232,232,9.6615552979e-04
232,233,1.6814821961e-04
233,228,-5.4993437229e-04
233,229,8.8289824668e-05
233,230,-9.4854454485e-06
233,231,-1.7993854800e-04
233,232,1.6814821961e-04
233,233,1.3851473939e-03
234,234,1.7891993119e-03
234,235,-4.0919258818e-04
234,236,-4.7728315741e-04
234,237,4.5818093874e-05
234,238,-3.0977428463e-05
234,239,-5.4293410694e-04
235,234,-4.0919258818e-04
235,235,1.3623042781e-03
235,236,-4.4919787695e-04
235,237,-3.0977428463e-05
235,238,6.0978325020e-05
235,239,5.9350139863e-06
236,234,-4.7728315741e-04
236,235,-4.4919787695e-04
236,236,1.5067921569e-03
236,237,1.6949653698e-05
236,238,-4.5994359954e-05
236,239,-9.6526986103e-05
237,234,4.5818093874e-05
237,235,-3.0977428463e-05
237,236,1.6949653698e-05
237,237,1.3035842837e-03
237,238,-4.0388415029e-04
237,239,4.8635717089e-05
238,234,-3.0977428463e-05
238,235,6.0978325020e-05
238,236,-4.5994359954e-05
238,237,-4.0388415029e-04
238,238,7.9946766103e-04
238,239,-3.1850028130e-05
239,234,-5.4293410694e-04
239,235,5.9350139863e-06
239,236,-9.6526986103e-05
239,237,4.8635717089e-05
239,238,-3.1850028130e-05
239,239,1.3130365155e-03
240,240,2.0122991651e-03
240,241,1.3457659765e-05
240,242,-4.3200163389e-04
240,243,-1.5970717867e-04
240,244,1.7451785563e-04
240,245,-7.2725083754e-04
241,240,1.3457659765e-05
241,241,1.6259051572e-03
241,242,-2.6714586326e-05
241,243,1.7451785563e-04
241,244,-1.6191563235e-04
241,245,7.9028770796e-08
242,240,-4.3200163389e-04
242,241,-2.6714586326e-05
242,242,1.6082325389e-03
242,243,-2.4691262724e-06
242,244,1.2145083735e-05
242,245,-1.3333272332e-04
243,240,-1.5970717867e-04
243,241,1.7451785563e-04
243,242,-2.4691262724e-06
243,243,1.3618262413e-03
243,244,1.3528345246e-05
243,245,-1.4598835845e-04
244,240,1.7451785563e-04
244,241,-1.6191563235e-04
244,242,1.2145083735e-05
244,243,1.3528345246e-05
244,244,8.6876605478e-04
244,245,1.5591505350e-04
245,240,-7.2725083754e-04
245,241,7.9028770795e-08
245,242,-1.3333272332e-04
245,243,-1.4598835845e-04
245,244,1.5591505350e-04
245,245,1.3805006593e-03
246,246,2.0118186267e-03
246,247,4.5544010865e-05
246,248,-2.7947322793e-04
246,249,5.5379175229e-04
246,250,-2.0345550749e-05
246,251,-3.8916996798e-04
247,246,4.5544010865e-05
247,247,1.7618501725e-03
247,248,5.2314774689e-05
247,249,-2.0345550749e-05
247,250,7.7335028206e-04
247,251,-1.2388549482e-05
248,246,-2.7947322793e-04
248,247,5.2314774689e-05
248,248,1.8262277377e-03
248,249,2.4547389880e-04
248,250,8.7759758092e-06
248,251,-3.8346624360e-05
249,246,5.5379175229e-04
249,247,-2.0345550749e-05
249,248,2.4547389880e-04
249,249,1.6637344254e-03
249,250,3.4463355351e-05
249,251,6.3226633429e-04
250,246,-2.0345550749e-05
250,247,7.7335028206e-04
250,248,8.7759758092e-06
250,249,3.4463355351e-05
250,250,1.3830886717e-03
250,251,-6.4832437039e-06
251,246,-3.8916996798e-04
251,247,-1.2388549482e-05
251,248,-3.8346624360e-05
251,249,6.3226633429e-04
251,250,-6.4832437039e-06
251,251,1.7779028300e-03
252,252,1.6884396631e-03
252,253,-9.5037329783e-05
252,254,-3.5964673303e-04
252,255,-2.5016390020e-04
252,256,-1.1959487659e-06
252,257,-1.3596520780e-04
253,252,-9.5037329783e-05
253,253,1.3667618459e-03
253,254,-1.7165508353e-04
253,255,-1.1959487659e-06
253,256,-3.8738158875e-04
253,257,8.3374669795e-05
254,252,-3.5964673303e-04
254,253,-1.7165508353e-04
254,254,1.2616589210e-03
254,255,-1.5341403966e-04
254,256,-3.5009252618e-05
254,257,6.4155426422e-05
255,252,-2.5016390020e-04
255,253,-1.1959487659e-06
255,254,-1.5341403966e-04
255,255,1.5668286842e-03
255,256,-2.0464758077e-05
255,257,-3.3767158900e-04
256,252,-1.1959487659e-06
256,253,-3.8738158875e-04
256,254,-3.5009252618e-05
256,255,-2.0464758077e-05
256,256,1.2964752082e-03
256,257,5.7329212483e-05
257,252,-1.3596520780e-04
257,253,8.3374669795e-05
257,254,6.4155426422e-05
257,255,-3.3767158900e-04
257,256,5.7329212483e-05
257,257,1.5090652456e-03
258,258,1.9475544752e-03
258,259,-7.7768040466e-05
258,260,-5.2350670875e-04
258,261,-3.2244356668e-05
258,262,1.5025955077e-05
258,263,-8.9842300885e-04
259,258,-7.7768040466e-05
259,259,1.4793158402e-03
259,260,-2.1428733902e-05
259,261,1.5025955077e-05
259,262,-3.3148135710e-05
259,263,-2.7191484161e-05
260,258,-5.2350670875e-04
260,259,-2.1428733902e-05
260,260,1.6335016116e-03
260,261,-1.0104556863e-06
260,262,-8.2133461570e-06
260,263,-1.7292368096e-04
261,258,-3.2244356668e-05
261,259,1.5025955077e-05
261,260,-1.0104556863e-06
261,261,1.1439805070e-03
261,262,-1.0208884326e-04
261,263,-1.8410527296e-05
262,258,1.5025955077e-05
262,259,-3.3148135710e-05
262,260,-8.2133461570e-06
262,261,-1.0208884326e-04
262,262,5.3740292727e-04
262,263,1.9179722780e-05
263,258,-8.9842300885e-04
263,259,-2.7191484161e-05
263,260,-1.7292368096e-04
263,261,-1.8410527296e-05
263,262,1.9179722780e-05
263,263,1.3373067045e-03
264,264,1.9538276651e-03
264,265,-2.0447725688e-04
264,266,-4.1261167918e-04
264,267,3.5604547216e-05
264,268,1.0383229888e-04
264,269,-8.2474007010e-04
265,264,-2.0447725688e-04
265,265,1.5847765599e-03
265,266,-1.0952357175e-04
265,267,1.0383229888e-04
265,268,-7.7516726830e-06
265,269,-7.6034423407e-05
266,264,-4.1261167918e-04
266,265,-1.0952357175e-04
266,266,1.6721940012e-03
266,267,-4.8473727471e-05
266,268,4.4206618150e-05
266,269,-1.6731224736e-04
267,264,3.5604547216e-05
267,265,1.0383229888e-04
267,266,-4.8473727471e-05
267,267,1.2161577209e-03
267,268,-2.7248451263e-04
267,269,1.5558039332e-05
268,264,1.0383229888e-04
268,265,-7.7516726830e-06
268,266,4.4206618150e-05
268,267,-2.7248451263e-04
268,268,7.1325681780e-04
268,269,4.4773007054e-05
269,264,-8.2474007010e-04
269,265,-7.6034423407e-05
269,266,-1.6731224736e-04
269,267,1.5558039332e-05
