0,0,3.4002519317e-02
0,1,-5.1893944167e-03
0,2,1.6178995769e-02
0,3,6.8997280660e-04
0,4,-2.1759353093e-03
0,5,1.5101915603e-02
0,102,-3.0698846057e-03
0,103,-3.8364087203e-03
0,104,-2.1863521391e-03
0,105,4.3982293187e-03
0,106,5.3582420257e-03
0,107,-3.7038836082e-03
0,132,-7.1563301272e-03
0,133,-1.1676601680e-02
0,134,-1.3320598939e-02
0,135,-1.1157713967e-03
0,136,-1.5922143427e-03
0,137,4.7927686506e-03
0,144,-7.2054429908e-03
0,145,-1.7944755572e-03
0,146,4.9228998574e-03
0,147,-1.0448007232e-02
0,148,-1.9750793214e-03
0,149,-9.0656599117e-03
0,234,-6.3041440252e-03
0,235,4.1010280615e-03
0,236,1.5562840046e-03
0,237,9.4678663214e-03
0,238,-5.7022480730e-03
0,239,-8.9504627616e-03
0,324,-5.1504087239e-03
0,325,6.0591965750e-03
0,326,-2.7847757478e-03
0,327,-4.8234570197e-03
0,328,4.9405167373e-03
0,329,-4.6259421494e-04
0,384,-5.1163088443e-03
0,385,6.9011451865e-03
0,386,-4.9504638814e-03
0,387,3.5601871351e-03
0,388,-4.2956297231e-03
0,389,1.7381737577e-03
1,0,-5.1893944167e-03
1,1,4.9031837829e-02
1,2,-1.4536644407e-02
1,3,-2.1759353093e-03
1,4,2.4196657891e-03
1,5,-4.1044175110e-03
1,102,3.9471116257e-03
1,103,4.7185804702e-03
1,104,2.2128494388e-03
1,105,-5.7822566651e-03
1,106,-6.7416281581e-03
1,107,5.1698387031e-03
1,132,1.1694569879e-02
1,133,1.9061810350e-02
1,134,2.1696446889e-02
1,135,2.0457628151e-03
1,136,2.9617771350e-03
1,137,-7.7545966525e-03
1,144,3.3596758190e-03
1,145,-1.7510204550e-03
1,146,-3.7364518881e-03
1,147,5.5597318859e-03
1,148,-2.6599516127e-03
1,149,6.4582317190e-03
1,234,-6.7984940266e-04
1,235,-1.6474185753e-03
1,236,3.2075375514e-03
1,237,1.4459104536e-03
1,238,2.2470466489e-03
1,239,-2.3920681102e-03
1,324,-6.0090887489e-03
1,325,6.5467444499e-03
1,326,-1.8741639755e-03
1,327,-6.3731998018e-03
1,328,6.1518521505e-03
1,329,-2.1010158856e-03
1,384,-7.1230247551e-03
1,385,9.3979332462e-03
1,386,-6.2588061512e-03
1,387,5.4049696550e-03
1,388,-6.4391748170e-03
1,389,1.7222176092e-03
2,0,1.6178995769e-02
2,1,-1.4536644407e-02
2,2,5.3822723239e-02
2,3,1.9143187732e-03
2,4,-3.4205920149e-03
2,5,-2.8703774808e-02
2,102,-2.4629763634e-03
2,103,-2.4624394490e-03
2,104,-4.9059843437e-05
2,105,3.8944748992e-03
2,106,3.8662388045e-03
2,107,-4.1486042977e-03
2,132,-1.3385181638e-02
2,133,-2.1768267937e-02
2,134,-2.4653512621e-02
2,135,-2.8996637369e-03
2,136,-4.2924082324e-03
2,137,8.6741356917e-03
2,144,3.1260976736e-03
2,145,3.4765284177e-03
2,146,-1.5627358972e-03
2,147,3.8154230354e-03
2,148,4.8112447401e-03
2,149,1.5412662222e-03
2,234,4.7910393527e-03
2,235,-3.6206180361e-03
2,236,-1.1424582185e-03
2,237,-7.0929580523e-03
2,238,5.1496133261e-03
2,239,6.4295453884e-03
2,324,-2.6737623736e-03
2,325,1.7820248959e-03
2,326,2.0880933269e-03
2,327,-4.4491158846e-03
2,328,3.5084398352e-03
2,329,-4.4209810948e-03
2,384,-5.5742124207e-03
2,385,6.8651033496e-03
2,386,-3.4305675954e-03
2,387,5.2747480611e-03
2,388,-6.0915852130e-03
2,389,-3.1745520082e-04
3,0,6.8997280660e-04
3,1,-2.1759353093e-03
3,2,1.9143187732e-03
3,3,4.8608122711e-02
3,4,-8.9934379076e-03
3,5,2.4881257173e-03
3,102,-4.2956815422e-03
3,103,-5.5211228238e-03
3,104,-3.4864632566e-03
3,105,6.0622193497e-03
3,106,7.6015088936e-03
3,107,-4.8873931195e-03
3,132,3.4285702037e-04
3,133,8.0652742699e-04
3,134,1.5397414001e-03
3,135,-2.8664877445e-03
3,136,-4.6495072457e-03
3,137,-1.2476117603e-03
3,144,1.0431825884e-02
3,145,3.2293488816e-03
3,146,-6.7756369475e-03
3,147,1.4955759975e-02
3,148,3.7324578765e-03
3,149,1.2571895880e-02
3,234,-9.5429128004e-03
3,235,6.6406770718e-03
3,236,1.7263600238e-03
3,237,1.4241535272e-02
3,238,-9.2228321817e-03
3,239,-1.3244859828e-02
3,324,5.0698599471e-03
3,325,-6.6531112556e-03
3,326,4.5528582971e-03
3,327,3.7621102295e-03
3,328,-4.3483167419e-03
3,329,-1.6092890540e-03
3,384,-2.6959213152e-03
3,385,4.1425962286e-03
3,386,-4.1352738800e-03
3,387,7.8981229555e-04
3,388,-1.1506620229e-03
3,389,2.6059072844e-03
4,0,-2.1759353093e-03
4,1,2.4196657891e-03
4,2,-3.4205920149e-03
4,3,-8.9934379076e-03
4,4,4.0228615858e-02
4,5,-6.6449917479e-03
4,102,5.3810584819e-03
4,103,6.6216028307e-03
4,104,3.5348458050e-03
4,105,-7.7689021897e-03
4,106,-9.3239573385e-03
4,107,6.6793102547e-03
4,132,-3.1913516959e-04
4,133,-9.2358473772e-04
4,134,-2.0632408619e-03
4,135,4.7112347850e-03
4,136,7.6279896298e-03
4,137,1.9546920607e-03
4,144,-4.1697843352e-03
4,145,2.4135928319e-03
4,146,4.9739330815e-03
4,147,-6.9629988563e-03
4,148,3.5851266998e-03
4,149,-8.2037364862e-03
4,234,-6.2573967220e-04
4,235,-2.7095306856e-03
4,236,4.8161414588e-03
4,237,1.5731630629e-03
4,238,3.6784971737e-03
4,239,-3.0098121850e-03
4,324,5.2131360764e-03
4,325,-6.4220019585e-03
4,326,3.5164478097e-03
4,327,4.4658137167e-03
4,328,-4.8613552690e-03
4,329,-5.3147260069e-04
4,384,-3.3036000719e-03
4,385,5.0501546058e-03
4,386,-4.9696979050e-03
4,387,1.0229299784e-03
4,388,-1.5016982159e-03
4,389,3.1926520368e-03
5,0,1.5101915603e-02
5,1,-4.1044175110e-03
5,2,-2.8703774808e-02
5,3,2.4881257173e-03
5,4,-6.6449917479e-03
5,5,4.8397315641e-02
5,102,-3.4006307245e-03
5,103,-4.7279679951e-03
5,104,-3.7658013082e-03
5,105,4.5835325426e-03
5,106,6.2558965661e-03
5,107,-3.1812570990e-03
5,132,4.4464115133e-03
5,133,7.2285003366e-03
5,134,8.1713275227e-03
5,135,1.0060685742e-03
5,136,1.5856728258e-03
5,137,-4.0602350655e-03
5,144,-9.0161710721e-03
5,145,-4.2893270090e-03
5,146,4.9665751625e-03
5,147,-1.2521350753e-02
5,148,-5.2838843478e-03
5,149,-9.5571809325e-03
5,234,-9.1933040833e-03
5,235,7.4452480378e-03
5,236,1.0922722824e-04
5,237,1.3500618808e-02
5,238,-1.0310297093e-02
5,239,-1.2024734440e-02
5,324,-8.5522506296e-04
5,325,2.5219545578e-03
5,326,-4.5417878997e-03
5,327,1.3691815184e-03
5,328,-4.3103087028e-04
5,329,4.2784512253e-03
5,384,2.9170038263e-03
5,385,-3.3381923373e-03
5,386,9.7365268146e-04
5,387,-3.3095512340e-03
5,388,3.8563228027e-03
5,389,7.6947554054e-04
6,6,3.4485410578e-02
6,7,-7.8756716583e-04
6,8,2.0364198696e-02
6,9,-3.1360097297e-04
6,10,2.2410787239e-04
6,11,7.4948100948e-03
6,198,-4.5619812074e-03
6,199,7.8005062180e-03
6,200,-9.8115658603e-03
6,201,-2.7358915541e-04
6,202,4.5562334497e-04
6,203,4.2446868211e-03
6,222,-6.3925252946e-03
6,223,5.4103413368e-03
6,224,1.8201048697e-04
6,225,7.1753240132e-03
6,226,-4.9628364416e-03
6,227,-2.6887446731e-03
6,246,-6.0566390563e-03
6,247,-5.4536079082e-03
6,248,-1.8280671648e-04
6,249,6.9391780020e-03
6,250,5.3238790883e-03
6,251,-2.8434738698e-03
6,258,-6.2092476296e-03
6,259,5.6703911506e-03
6,260,-3.7789752223e-04
6,261,-7.4295976264e-03
6,262,5.9090241258e-03
6,263,-3.6208647667e-03
6,264,-6.1079787774e-03
6,265,-4.3088552260e-03
6,266,1.4665876616e-03
6,267,-7.8141027400e-03
6,268,-4.6858987457e-03
6,269,-4.7803273760e-03
6,462,-5.1570386123e-03
6,463,-8.8326303023e-03
6,464,-1.1147331356e-02
6,465,5.5818902370e-04
6,466,9.4335327496e-04
6,467,4.3831332338e-03
7,6,-7.8756716583e-04
7,7,5.3292503936e-02
7,8,-2.2365003492e-03
7,9,2.2410787239e-04
7,10,-8.6669870947e-04
7,11,-1.0438107440e-03
7,198,-7.8005866648e-03
7,199,1.3337455054e-02
7,200,-1.6774131736e-02
7,201,-4.7996153006e-04
7,202,7.9980413051e-04
7,203,7.2564121059e-03
7,222,-5.3440337205e-03
7,223,2.8525586603e-03
7,224,3.3133774611e-03
7,225,7.1201814818e-03
7,226,-3.2232894216e-03
7,227,-5.0631611263e-03
7,246,5.3041847294e-03
7,247,3.4224510171e-03
7,248,-2.5653319058e-03
7,249,-7.0311298226e-03
7,250,-3.9706500390e-03
7,251,4.9343611219e-03
7,258,-5.3664456018e-03
7,259,3.4876563000e-03
7,260,2.5589164472e-03
7,261,-7.3238461890e-03
7,262,4.2405253174e-03
7,263,-5.5445634686e-03
7,264,5.1652365728e-03
7,265,1.9768252781e-03
7,266,-3.8697601941e-03
7,267,7.3912735300e-03
7,268,2.3825758604e-03
7,269,6.2830888964e-03
7,462,8.8292118507e-03
7,463,1.5121363417e-02
7,464,1.9082245243e-02
7,465,-9.6874611898e-04
7,466,-1.6374240361e-03
7,467,-7.5010640530e-03
8,6,2.0364198696e-02
8,7,-2.2365003492e-03
8,8,7.1389628404e-02
8,9,-6.1207937542e-04
8,10,1.4506939726e-03
8,11,-3.6995114967e-02
8,198,-9.8118740317e-03
8,199,1.6774485639e-02
8,200,-2.1091950878e-02
8,201,-6.3488126435e-04
8,202,1.0592003957e-03
8,203,9.1231788280e-03
8,222,2.6324946751e-04
8,223,-3.3452793961e-03
8,224,5.4651841377e-03
8,225,1.8013925003e-03
8,226,2.1965164520e-03
8,227,-5.3486535576e-03
8,246,1.4500038222e-05
8,247,2.6638099898e-03
8,248,5.0349113398e-03
8,249,1.8516634161e-03
8,250,-1.5580726406e-03
8,251,-4.9294660414e-03
8,258,1.2677596854e-04
8,259,-2.8466245466e-03
8,260,5.2624457393e-03
8,261,-1.5928078700e-03
8,262,-1.9787290864e-03
8,263,-4.7245056095e-03
8,264,1.7735882174e-04
8,265,3.2772690230e-03
8,266,4.4746272197e-03
8,267,-1.2541663407e-03
8,268,3.3149373248e-03
8,269,-4.1982383706e-03
8,462,-1.1134208960e-02
8,463,-1.9067159929e-02
8,464,-2.4056789622e-02
8,465,1.2552498151e-03
8,466,2.1222369424e-03
8,467,9.4511636208e-03
9,6,-3.1360097297e-04
9,7,2.2410787239e-04
9,8,-6.1207937542e-04
9,9,4.2155866072e-02
9,10,-1.7443432546e-03
9,11,-5.8415736062e-04
9,198,1.7741147359e-05
9,199,-4.2602847617e-05
9,200,8.5059504069e-05
9,201,-7.5469600911e-04
9,202,1.2897621983e-03
9,203,-1.1785500578e-04
9,222,-7.6856594240e-03
9,223,7.4683445578e-03
9,224,-1.6046947942e-03
9,225,7.9771007220e-03
9,226,-6.4984031825e-03
9,227,-1.6018784053e-03
9,246,-7.4662442207e-03
9,247,-7.5090602987e-03
9,248,-1.8082977246e-03
9,249,7.9975686349e-03
9,250,6.9624855976e-03
9,251,-2.0791991844e-03
9,258,7.4941017984e-03
9,259,-7.7015201129e-03
9,260,2.2076841975e-03
9,261,8.4167956265e-03
9,262,-7.6556696300e-03
9,263,2.8980408663e-03
9,264,7.7567666959e-03
9,265,6.3146027680e-03
9,266,-5.3332055349e-04
9,267,9.5254053750e-03
9,268,6.7479801437e-03
9,269,4.9320245947e-03
9,462,1.9689497599e-04
9,463,3.2495415342e-04
9,464,3.7859548502e-04
9,465,-1.1623266117e-03
9,466,-1.9889426634e-03
9,467,1.0881039529e-04
10,6,2.2410787239e-04
10,7,-8.6669870947e-04
10,8,1.4506939726e-03
10,9,-1.7443432546e-03
10,10,3.0928400081e-02
10,11,-2.6960622889e-04
10,198,1.8050567156e-05
10,199,-5.1837553692e-05
10,200,1.1900650068e-04
10,201,-1.2911533339e-03
10,202,2.2064129145e-03
10,203,-1.9188159647e-04
10,222,-5.4491131670e-03
10,223,3.4090999530e-03
10,224,2.6564712425e-03
10,225,6.9218793390e-03
10,226,-3.6977799799e-03
10,227,-4.2112274565e-03
10,246,5.7251755442e-03
10,247,4.1750033202e-03
10,248,-1.9576989310e-03
10,249,-7.2480264076e-03
10,250,-4.6290192626e-03
10,251,4.3732053792e-03
10,258,5.5906438523e-03
10,259,-4.1413395603e-03
10,260,-1.8030094723e-03
10,261,7.3033809074e-03
10,262,-4.8274574039e-03
10,263,4.8309907816e-03
10,264,-5.7590487065e-03
10,265,-2.6583003510e-03
10,266,3.8036810592e-03
10,267,-8.0257659162e-03
10,268,-3.1725789389e-03
10,269,-6.3437719128e-03
10,462,-3.4981596252e-04
10,463,-5.7809953446e-04
10,464,-6.7557144589e-04
10,465,1.9918609393e-03
10,466,3.4082358139e-03
10,467,-1.7818907126e-04
11,6,7.4948100948e-03
11,7,-1.0438107440e-03
11,8,-3.6995114967e-02
11,9,-5.8415736062e-04
11,10,-2.6960622889e-04
11,11,3.6904611446e-02
11,198,4.2477948561e-03
11,199,-7.2631740619e-03
11,200,9.1353967944e-03
11,201,2.6131890137e-04
11,202,-4.3728995789e-04
11,203,-4.0766744628e-03
11,222,-3.8117301431e-03
11,223,5.8164710112e-03
11,224,-4.9387806832e-03
11,225,2.5317571086e-03
11,226,-4.3005403289e-03
11,227,2.7144898133e-03
11,246,-4.0454554740e-03
11,247,-5.8097850767e-03
11,248,-4.5872889961e-03
11,249,3.1005786975e-03
11,250,4.5924131964e-03
11,251,1.9801714778e-03
11,258,-3.7702251977e-03
11,259,5.7579608920e-03
11,260,-5.0748379350e-03
11,261,-3.0263620257e-03
11,262,4.9335971679e-03
11,263,1.7252133835e-03
11,264,-4.6350315061e-03
11,265,-5.6625003274e-03
11,266,-2.7774457907e-03
11,267,-4.7993705979e-03
11,268,-5.7701614370e-03
11,269,-4.2007756798e-04
11,462,4.5198373699e-03
11,463,7.7423225978e-03
11,464,9.7739564694e-03
11,465,-3.9180786544e-04
11,466,-6.6249220309e-04
11,467,-4.1175859200e-03
12,12,3.5102109140e-02
12,13,-4.1511285592e-04
12,14,7.5689190475e-03
12,15,-3.2025146888e-03
12,16,-1.7907225289e-03
12,17,1.3039414173e-02
12,126,-7.2822771199e-03
12,127,-8.5688061645e-03
12,128,-3.9447164397e-03
12,129,4.8386047421e-03
12,130,4.2881113243e-03
12,131,1.5195700682e-03
12,138,-5.9990539508e-03
12,139,1.1821890252e-03
12,140,4.7350516355e-03
12,141,-9.4229777729e-03
12,142,1.6117593448e-03
12,143,-9.8817671340e-03
12,150,-6.5794236449e-03
12,151,-8.0454114200e-03
12,152,-4.2607536990e-03
12,153,-5.4399042539e-03
12,154,-5.6826515385e-03
12,155,4.2948625242e-04
12,210,-8.5724293009e-03
12,211,8.1977331707e-03
12,212,-1.0648216715e-03
12,213,6.1887417519e-03
12,214,-3.7238944417e-03
12,215,1.3989629482e-03
12,348,-4.2089881655e-03
12,349,6.1307310878e-03
12,350,-5.3892382745e-03
12,351,-2.5234444301e-03
12,352,3.4502819813e-03
12,353,2.4467918457e-03
12,360,-2.4599369575e-03
12,361,5.2494722602e-04
12,362,2.4471233693e-03
12,363,4.1971724874e-03
12,364,-8.9364299043e-04
12,365,-5.2551441281e-03
13,12,-4.1511285592e-04
13,13,4.2367308672e-02
13,14,9.2289227664e-04
13,15,-1.7907225289e-03
13,16,-9.1642325512e-03
13,17,-9.6217389727e-04
13,126,8.2886705517e-03
13,127,8.9737542547e-03
13,128,2.4395956282e-03
13,129,-7.0086072451e-03
13,130,-6.1295031967e-03
13,131,5.0095673421e-04
13,138,-1.4440038951e-03
13,139,-1.3655209622e-03
13,140,1.8668519681e-03
13,141,-2.5320504024e-03
13,142,-2.1518919575e-03
13,143,-3.3054435221e-03
13,150,7.9551297361e-03
13,151,9.1597362676e-03
13,152,3.5988105683e-03
13,153,7.5717276899e-03
13,154,7.6172365865e-03
13,155,1.3191051617e-03
13,210,-8.6145887460e-03
13,211,6.6573392822e-03
13,212,2.3100314422e-03
13,213,8.2746581832e-03
13,214,-4.5666635622e-03
13,215,-1.9122965819e-03
13,348,-6.1007473540e-03
13,349,8.7836131568e-03
13,350,-7.4772343590e-03
13,351,-3.8881587680e-03
13,352,5.2752989056e-03
13,353,3.2374690375e-03
13,360,3.3065256324e-04
13,361,-2.2458373255e-04
13,362,-2.5543450757e-04
13,363,-5.6221557903e-04
13,364,3.8249912631e-04
13,365,6.9894036099e-04
14,12,7.5689190475e-03
14,13,9.2289227664e-04
14,14,3.7933615401e-02
14,15,-6.6091207943e-03
14,16,-3.8442304909e-03
14,17,-3.3288777011e-02
14,126,-3.3363420128e-03
14,127,-1.9425158382e-03
14,128,3.3273595731e-03
14,129,6.0377599428e-03
14,130,4.9991071848e-03
14,131,-5.2897875342e-03
14,138,4.3301617916e-03
14,139,-1.7414409922e-03
14,140,-3.4803199316e-03
14,141,6.6595416095e-03
14,142,-2.5952713795e-03
14,143,6.6222878389e-03
14,150,-4.0490088891e-03
14,151,-3.4157762746e-03
14,152,1.5270764442e-03
14,153,-6.0361575165e-03
14,154,-5.4382770902e-03
14,155,-4.8560206154e-03
14,210,-1.7500274135e-03
14,211,-1.8784322605e-03
14,212,7.0861847215e-03
14,213,5.8821938300e-03
14,214,-2.2738120358e-03
14,215,-7.6628526302e-03
14,348,-5.2976397465e-03
14,349,7.3838396773e-03
14,350,-5.7023814574e-03
14,351,-3.9233071946e-03
14,352,5.2265502631e-03
14,353,2.0654257587e-03
14,360,2.5339372227e-03
14,361,-4.9444546823e-04
14,362,-2.5524719134e-03
14,363,-4.3240179577e-03
14,364,8.4177288940e-04
14,365,5.4154620121e-03
15,12,-3.2025146888e-03
15,13,-1.7907225289e-03
15,14,-6.6091207943e-03
15,15,4.7754946591e-02
15,16,-1.2805668306e-03
15,17,-4.7157733967e-03
15,126,-5.6290193935e-03
15,127,-7.8847969450e-03
15,128,-6.3678299490e-03
15,129,1.3056222378e-03
15,130,1.2880670791e-03
15,131,4.7916025372e-03
15,138,9.4975194154e-03
15,139,-2.0975834538e-03
15,140,-7.3968138129e-03
15,141,1.4879476239e-02
15,142,-2.8990099534e-03
15,143,1.5508485044e-02
15,150,6.1796226723e-03
15,151,8.4181246691e-03
15,152,6.3576963844e-03
15,153,3.5974427188e-03
15,154,4.2009277057e-03
15,155,-3.1986038390e-03
15,210,-6.2344871027e-03
15,211,8.1173634445e-03
15,212,-5.3833232925e-03
15,213,1.6945601492e-03
15,214,-1.5806418974e-03
15,215,5.5477124295e-03
15,348,3.5816202511e-03
15,349,-5.4464419247e-03
15,350,5.3335019728e-03
15,351,1.6283166222e-03
15,352,-2.3176433938e-03
15,353,-2.7778627120e-03
15,360,-4.1927411538e-03
15,361,8.9687789475e-04
15,362,4.1698743880e-03
15,363,7.1525965878e-03
15,364,-1.5265704326e-03
15,365,-8.9526510757e-03
16,12,-1.7907225289e-03
16,13,-9.1642325512e-03
16,14,-3.8442304909e-03
16,15,-1.2805668306e-03
16,16,2.7845559762e-02
16,17,-2.2667653529e-03
16,126,5.0570572226e-03
16,127,6.7837576988e-03
16,128,4.8110596385e-03
16,129,-1.7496169748e-03
16,130,-1.8446876799e-03
16,131,-3.8968332046e-03
16,138,2.0422231286e-03
16,139,2.1555171137e-03
16,140,-2.7946214766e-03
16,141,3.6162714038e-03
16,142,3.3800928430e-03
16,143,4.7969176609e-03
16,150,-6.5859629614e-03
16,151,-8.5617504887e-03
16,152,-5.5884066192e-03
16,153,-4.5512272896e-03
16,154,-5.1195703655e-03
16,155,2.2872791151e-03
16,210,-4.2435842800e-03
16,211,5.0744658500e-03
16,212,-2.3449544364e-03
16,213,1.7383340483e-03
16,214,-1.7235384263e-03
16,215,3.4338029079e-03
16,348,4.9553223102e-03
16,349,-7.4631827074e-03
16,350,7.1389451596e-03
16,351,2.4148023180e-03
16,352,-3.4092699652e-03
16,353,-3.6515684302e-03
16,360,5.6566710888e-04
16,361,-3.8352014938e-04
16,362,-4.3719585205e-04
16,363,-9.6167981240e-04
16,364,6.5309113899e-04
16,365,1.1951956099e-03
17,12,1.3039414173e-02
17,13,-9.6217389727e-04
17,14,-3.3288777011e-02
17,15,-4.7157733967e-03
17,16,-2.2667653529e-03
17,17,5.6302807505e-02
17,126,8.3367454835e-04
17,127,-1.1991326190e-03
17,128,-5.5026112440e-03
17,129,-4.7617906554e-03
17,130,-4.3707392146e-03
17,131,5.2631174564e-03
17,138,-1.0138571446e-02
17,139,2.7979048697e-03
17,140,7.6413735963e-03
17,141,-1.5788006389e-02
17,142,3.9520021337e-03
17,143,-1.6218820915e-02
17,150,-6.3586980993e-04
17,151,-2.5870566835e-03
17,152,-5.4721345874e-03
17,153,2.6495639833e-03
17,154,2.0145849950e-03
17,155,5.5641146259e-03
17,210,1.4331825139e-03
17,211,2.1345911538e-03
17,212,-7.8584984342e-03
17,213,-5.5984373905e-03
17,214,3.0875505400e-03
17,215,6.2137877236e-03
17,348,7.0625808128e-04
17,349,-5.9199768921e-04
17,350,-5.3057031474e-04
17,351,1.4109669054e-03
17,352,-1.7808397325e-03
17,353,8.4924744812e-04
17,360,-5.2380880611e-03
17,361,1.1260044257e-03
17,362,5.2068869877e-03
17,363,8.9330174939e-03
17,364,-1.9159691004e-03
17,365,-1.1173614594e-02
18,18,3.4450540877e-02
18,19,3.9561649703e-03
18,20,1.7190277415e-02
18,21,-6.4612795207e-04
18,22,-7.4645844783e-04
18,23,8.1589963226e-03
18,216,-5.3281432367e-03
18,217,9.1098921452e-03
18,218,-1.1456801752e-02
18,219,5.2528771137e-04
18,220,-8.8061982616e-04
18,221,4.4355586068e-03
18,258,-5.4119824014e-03
18,259,5.0633821819e-03
18,260,-2.5086074112e-04
18,261,6.8524996883e-03
18,262,-5.8370035914e-03
18,263,-4.0574435094e-03
18,264,-7.7388648247e-03
18,265,-4.7455757988e-03
18,266,1.8236227462e-03
18,267,8.9262917517e-03
18,268,3.8545586844e-03
18,269,-3.7727482986e-03
18,282,-5.3178325436e-03
18,283,4.2473166534e-03
18,284,9.4480865740e-04
18,285,-7.1333970382e-03
18,286,5.1773312441e-03
18,287,-5.0307393087e-03
18,348,-3.9150878449e-03
18,349,-6.4153097950e-03
18,350,-7.3855318307e-03
18,351,-1.5115791516e-03
18,352,-2.4085191710e-03
18,353,3.1517394756e-03
18,468,-6.7386300255e-03
18,469,-5.3059218901e-03
18,470,6.4384617226e-04
18,471,-8.3954051839e-03
18,472,-5.6182742129e-03
18,473,-4.7118800836e-03
19,18,3.9561649703e-03
19,19,5.0360227493e-02
19,20,9.6588153173e-03
19,21,-7.4645844783e-04
19,22,-1.8268894007e-03
19,23,5.7221855675e-03
19,216,-9.1136419956e-03
19,217,1.5581389530e-02
19,218,-1.9593356890e-02
19,219,9.1541004262e-04
19,220,-1.5351229457e-03
19,221,7.5831706606e-03
19,258,-5.4225439849e-03
19,259,4.1784027019e-03
19,260,1.6207333898e-03
19,261,7.4361400193e-03
19,262,-5.2488772148e-03
19,263,-5.6799137505e-03
19,264,5.4836759164e-03
19,265,4.3712192407e-04
19,266,-5.3036664207e-03
19,267,-7.8050519836e-03
19,268,-2.6440717471e-04
19,269,6.4904143216e-03
19,282,-5.4242357261e-03
19,283,3.3533660574e-03
19,284,2.7120247207e-03
19,285,-7.7464086261e-03
19,286,4.3433768404e-03
19,287,-6.5419865127e-03
19,348,6.3888604678e-03
19,349,1.0458695381e-02
19,350,1.2014861358e-02
19,351,2.5397719113e-03
19,352,4.0461985931e-03
19,353,-5.0800841335e-03
19,468,4.1317203521e-03
19,469,1.2780822574e-03
19,470,-3.8723936379e-03
19,471,6.1336981538e-03
19,472,1.7604471660e-03
19,473,5.6362518916e-03
20,18,1.7190277415e-02
20,19,9.6588153173e-03
20,20,6.3386699164e-02
20,21,-1.3040095127e-03
20,22,-2.2093421438e-03
20,23,-3.3405037640e-02
20,216,-1.1471168053e-02
20,217,1.9609856007e-02
20,218,-2.4653555423e-02
20,219,1.1956262545e-03
20,220,-2.0062461682e-03
20,221,9.5351680804e-03
20,258,-1.0186639503e-03
20,259,-1.0518273022e-03
20,260,3.9990183539e-03
20,261,2.5674435454e-03
20,262,3.2878190411e-04
20,263,-4.4409304844e-03
20,264,1.3163948240e-03
20,265,5.4426184181e-03
20,266,4.9395994815e-03
20,267,8.2657204255e-04
20,268,-5.0645224520e-03
20,269,-5.6889250282e-03
20,282,-1.2313818475e-03
20,283,-1.2492667753e-03
20,284,4.0260616578e-03
20,285,-2.7244060864e-03
20,286,-1.0168737502e-03
20,287,-4.4236587711e-03
20,348,-7.2902782148e-03
20,349,-1.1908825324e-02
20,350,-1.3616601838e-02
20,351,-3.0814148786e-03
20,352,-4.9074103603e-03
20,353,5.6372387323e-03
20,468,2.5048198269e-03
20,469,4.6802941993e-03
20,470,3.9494991493e-03
20,471,1.7686417635e-03
20,472,4.6560065856e-03
20,473,-2.1591072670e-03
21,18,-6.4612795207e-04
21,19,-7.4645844783e-04
21,20,-1.3040095127e-03
21,21,4.2765297402e-02
21,22,9.1976182243e-03
21,23,-1.8204771444e-03
21,216,3.1615598666e-04
21,217,-5.2282633415e-04
21,218,6.1203839057e-04
21,219,-1.3593855033e-03
21,220,2.3214485749e-03
21,221,2.9610100203e-05
21,258,-6.7985101207e-03
21,259,6.9460640055e-03
21,260,-1.5399368844e-03
21,261,8.2329907200e-03
21,262,-7.7227728761e-03
21,263,-4.0349220084e-03
21,264,-8.6432172168e-03
21,265,-7.0203120087e-03
21,266,-3.2194488902e-04
21,267,9.0965811920e-03
21,268,5.7538624987e-03
21,269,-1.9624075165e-03
21,282,6.9923597512e-03
21,283,-6.1392032593e-03
21,284,-2.5210830837e-04
21,285,9.1114762147e-03
21,286,-7.3371823690e-03
21,287,5.8105093219e-03
21,348,4.5581595816e-04
21,349,8.1793103367e-04
21,350,1.1201026268e-03
21,351,-3.5806786175e-04
21,352,-5.6727286115e-04
21,353,-8.2800533433e-04
21,468,8.3235235935e-03
21,469,7.5667456551e-03
21,470,9.8807976724e-04
21,471,9.8618119294e-03
21,472,7.8014639186e-03
21,473,4.4043940762e-03
22,18,-7.4645844783e-04
22,19,-1.8268894007e-03
22,20,-2.2093421438e-03
22,21,9.1976182243e-03
22,22,3.1507788247e-02
22,23,-2.8056924776e-04
22,216,5.5797179990e-04
22,217,-9.2363178000e-04
22,218,1.0836670019e-03
22,219,-2.3278906594e-03
22,220,3.9751320877e-03
22,221,4.0321431378e-05
22,258,-6.2283658226e-03
22,259,5.2896612347e-03
22,260,9.2232007146e-04
22,261,8.2267113734e-03
22,262,-6.4050472615e-03
22,263,-5.5980592243e-03
22,264,4.5497200442e-03
22,265,7.4142397702e-04
22,266,-4.4623879345e-03
22,267,-6.2822487680e-03
22,268,-8.0143154937e-04
22,269,4.7362353747e-03
22,282,6.6292251526e-03
22,283,-4.5730698843e-03
22,284,-2.5578185809e-03
22,285,9.2373532561e-03
22,286,-5.8009104520e-03
22,287,7.2842743608e-03
22,348,-6.6743205653e-04
22,349,-1.2083795211e-03
22,350,-1.6792126315e-03
22,351,6.0530115061e-04
22,352,9.5810264999e-04
22,353,1.2912386085e-03
22,468,-4.0946606698e-03
22,469,-1.4053890493e-03
22,470,3.8587096119e-03
22,471,-6.0078775551e-03
22,472,-1.9809005974e-03
22,473,-5.3215676409e-03
23,18,8.1589963226e-03
23,19,5.7221855675e-03
23,20,-3.3405037640e-02
23,21,-1.8204771444e-03
23,22,-2.8056924776e-04
23,23,3.7288165315e-02
23,216,4.4293646091e-03
23,217,-7.5755407330e-03
23,218,9.5331429831e-03
23,219,-2.6044965746e-04
23,220,4.3493968209e-04
23,221,-4.0572975720e-03
23,258,-3.9228336838e-03
23,259,5.3146699716e-03
23,260,-3.6853899641e-03
23,261,3.9133257434e-03
23,262,-5.2908763469e-03
23,263,1.6011852614e-05
23,264,-3.1734274687e-03
23,265,-6.2418808052e-03
23,266,-5.5245562004e-03
23,267,1.4805151588e-03
23,268,5.0249159244e-03
23,269,3.9761645292e-03
23,282,-4.6509113432e-03
23,283,5.3448272500e-03
23,284,-2.1427144674e-03
23,285,-5.4503265013e-03
23,286,6.0598315506e-03
23,287,-2.0484486064e-03
23,348,3.6957776907e-03
23,349,6.0374557739e-03
23,350,6.9027896265e-03
23,351,1.5659388563e-03
23,352,2.5029315599e-03
23,353,-2.9280204220e-03
23,468,-4.5369661268e-03
23,469,-6.3699363778e-03
23,470,-4.6440853328e-03
23,471,-4.2488565214e-03
23,472,-6.0941987500e-03
23,473,6.9918515564e-04
24,24,3.5840086123e-02
24,25,2.5929096221e-03
24,26,2.4343460693e-02
24,27,1.2115653034e-02
24,28,-4.1749097943e-03
24,29,2.6473152298e-02
24,84,-5.7014351484e-03
24,85,-9.4603710568e-03
24,86,-1.1183332388e-02
24,87,-4.0223848883e-03
24,88,-6.5539588324e-03
24,89,9.6855299591e-04
24,306,-7.4435528136e-03
24,307,1.2422762881e-02
24,308,-1.4864376421e-02
24,309,-3.2525598250e-03
24,310,5.2600635991e-03
24,311,2.0867519767e-03
24,336,-7.8307871921e-03
24,337,-5.0631707827e-03
24,338,1.6849896844e-03
24,339,-8.8472813142e-03
24,340,-4.0709431664e-03
24,341,-3.4141986302e-03
24,360,-3.5010248622e-03
24,361,2.4677173284e-03
24,362,1.5789274749e-03
24,363,-5.0647528940e-03
24,364,3.3986076470e-03
24,365,-4.3697799654e-03
25,24,2.5929096221e-03
25,25,5.8150897425e-02
25,26,6.2777314156e-03
25,27,-4.1749097943e-03
25,28,2.8026716340e-02
25,29,4.9525058539e-03
25,84,9.4781115801e-03
25,85,1.5719400530e-02
25,86,1.8563060735e-02
25,87,6.8019009725e-03
25,88,1.1080904816e-02
25,89,-1.4286233505e-03
25,306,-1.2441482768e-02
25,307,2.0756594609e-02
25,308,-2.4817489945e-02
25,309,-5.5978614268e-03
25,310,9.0580325348e-03
25,311,3.3301992387e-03
25,336,4.1582706152e-03
25,337,-3.5426314390e-04
25,338,-5.2941008108e-03
25,339,6.3422447023e-03
25,340,-2.1305214634e-04
25,341,5.9667527081e-03
25,360,-3.7878090498e-03
25,361,2.3221325387e-03
25,362,2.2563186320e-03
25,363,-5.6493725294e-03
25,364,3.2936060330e-03
25,365,-5.2768024640e-03
26,24,2.4343460693e-02
26,25,6.2777314156e-03
26,26,7.4924154090e-02
26,27,1.7629753847e-02
26,28,-4.2247751392e-03
26,29,-1.1331519791e-02
26,84,-1.1248603602e-02
26,85,-1.8636514939e-02
26,86,-2.1959195868e-02
26,87,-8.3636249334e-03
26,88,-1.3620155434e-02
26,89,1.2338776560e-03
26,306,-1.4933769735e-02
26,307,2.4895879268e-02
26,308,-2.9719152102e-02
26,309,-7.1286952636e-03
26,310,1.1547576227e-02
26,311,3.5937317173e-03
26,336,2.8929158629e-03
26,337,5.4835648474e-03
26,338,3.4186560654e-03
26,339,1.3161424193e-03
26,340,4.8948883891e-03
26,341,-4.0156323962e-03
26,360,-1.0540032190e-03
26,361,-9.8312168535e-05
26,362,1.7666529299e-03
26,363,-1.9354181951e-03
26,364,8.0597709735e-05
26,365,-2.6520571865e-03
27,24,1.2115653034e-02
27,25,-4.1749097943e-03
27,26,1.7629753847e-02
27,27,6.0906112920e-02
27,28,7.1490656803e-03
27,29,3.5221120797e-02
27,84,-3.6509459663e-03
27,85,-5.9298321175e-03
27,86,-6.6857645009e-03
27,87,-4.7055932572e-03
27,88,-7.6404706254e-03
27,89,-2.7397154222e-03
27,306,-2.4974785478e-03
27,307,3.9866138102e-03
27,308,-4.3099996966e-03
27,309,-5.5788505527e-03
27,310,9.1749531051e-03
27,311,-3.6845364275e-03
27,336,8.4071914998e-03
27,337,7.2378687091e-03
27,338,7.9628644753e-04
27,339,8.5212689999e-03
27,340,5.7746402130e-03
27,341,1.1965771429e-03
27,360,4.8153241359e-03
27,361,-3.6073682533e-03
27,362,-1.8355486714e-03
27,363,6.8601839772e-03
27,364,-4.9083133905e-03
27,365,5.6675995614e-03
28,24,-4.1749097943e-03
28,25,2.8026716340e-02
28,26,-4.2247751392e-03
28,27,7.1490656803e-03
28,28,7.3893235979e-02
28,29,-6.7805850173e-03
28,84,6.1922268693e-03
28,85,1.0056807571e-02
28,86,1.1337588850e-02
28,87,7.9829747618e-03
28,88,1.2959320965e-02
28,89,4.6882837677e-03
28,306,-4.3488131037e-03
28,307,6.9520245397e-03
28,308,-7.5431971931e-03
28,309,-9.4551008904e-03
28,310,1.5544322945e-02
28,311,-6.2494795969e-03
28,336,-2.6653429923e-03
28,337,5.8663824694e-04
28,338,4.5392265074e-03
28,339,-4.2575960257e-03
28,340,1.1471088241e-04
28,341,-4.1262917954e-03
28,360,4.9968390210e-03
28,361,-3.2745106407e-03
28,362,-2.6625790888e-03
28,363,7.3475494550e-03
28,364,-4.5847352639e-03
28,365,6.6165753854e-03
29,24,2.6473152298e-02
29,25,4.9525058539e-03
29,26,-1.1331519791e-02
29,27,3.5221120797e-02
29,28,-6.7805850173e-03
29,29,7.8449057016e-02
29,84,1.2213887153e-03
29,85,2.2101694770e-03
29,86,3.0737959547e-03
29,87,-2.1879729328e-03
29,88,-3.4840272971e-03
29,89,-5.8141433509e-03
29,306,1.9676450574e-03
29,307,-3.4200319071e-03
29,308,4.4330307414e-03
29,309,-2.5069948419e-03
29,310,4.0711562037e-03
29,311,-6.5466795646e-03
29,336,-2.5241584701e-03
29,337,-5.9580349678e-03
29,338,-6.1254678329e-03
29,339,-5.0567722134e-04
29,340,-4.4808693709e-03
29,341,4.7038708398e-03
29,360,-3.6346284320e-03
29,361,3.2177476620e-03
29,362,5.9257794412e-04
29,363,-4.9322732680e-03
29,364,4.2415784147e-03
29,365,-3.4859322095e-03
30,30,3.4823831023e-02
30,31,-9.9669079110e-03
30,32,2.3414823120e-02
30,33,3.6872768250e-05
30,34,-1.9516166812e-03
30,35,2.6415688427e-02
30,90,-7.4546632197e-03
30,91,2.4891630247e-03
30,92,1.9697747542e-03
30,93,-1.2293250522e-02
30,94,4.3227914849e-03
30,95,-1.4338166829e-02
30,300,-5.9749513776e-03
30,301,6.9645245910e-03
30,302,-3.0893560946e-03
30,303,5.3489876036e-03
30,304,-5.3175716533e-03
30,305,-1.8664837079e-04
30,318,-5.3305959118e-03
30,319,7.0755111384e-03
30,320,-4.8505608490e-03
30,321,-3.5931172247e-03
30,322,4.1696021993e-03
30,323,1.8082143736e-03
30,450,-6.5867371877e-03
30,451,3.6178530362e-03
30,452,1.7068376894e-03
30,453,1.1091288327e-02
30,454,-6.1609856234e-03
30,455,-1.3514956911e-02
31,30,-9.9669079110e-03
31,31,5.6390370878e-02
31,32,-3.0255517772e-02
31,33,-1.9516166812e-03
31,34,9.8365794671e-05
31,35,-1.5125617355e-02
31,90,3.3381748062e-03
31,91,-5.5764373809e-03
31,92,2.4492906970e-03
31,93,5.7047704285e-03
31,94,-9.3602883262e-03
31,95,7.1576677383e-03
31,300,-6.7267666253e-03
31,301,7.1762574078e-03
31,302,-1.7458620066e-03
31,303,7.0025104667e-03
31,304,-6.5345449774e-03
31,305,-2.1728306619e-03
31,318,-6.7871120990e-03
31,319,8.6932189930e-03
31,320,-5.2392435776e-03
31,321,-5.2536209779e-03
31,322,5.9970672579e-03
31,323,1.2792916577e-03
31,450,3.9333489540e-03
31,451,-5.1076415881e-03
31,452,2.6004600040e-03
31,453,-6.6893507702e-03
31,454,8.6781206358e-03
31,455,8.3193324758e-03
32,30,2.3414823120e-02
32,31,-3.0255517772e-02
32,32,7.1731222762e-02
32,33,7.4541100947e-05
32,34,-2.3645525262e-03
32,35,-1.9290649488e-02
32,90,2.0851932654e-03
32,91,3.7713568936e-03
32,92,-6.5571728334e-03
32,93,3.2384745895e-03
32,94,6.3320240030e-03
32,95,3.2672279980e-03
32,300,-2.5810813412e-03
32,301,1.3354741761e-03
32,302,2.9521440189e-03
32,303,4.7789280012e-03
32,304,-3.5787720235e-03
32,305,-5.1821251687e-03
32,318,-4.1005147223e-03
32,319,4.5442825205e-03
32,320,-1.0832489023e-03
32,321,-4.6963388106e-03
32,322,5.1306866241e-03
32,323,-1.6077425691e-03
32,450,1.5778741844e-03
32,451,3.0687087737e-03
32,452,-6.5609766380e-03
32,453,-2.5687508492e-03
32,454,-5.2256878630e-03
32,455,2.9047835835e-03
33,30,3.6872768250e-05
33,31,-1.9516166812e-03
33,32,7.4541100947e-05
33,33,5.9694808722e-02
33,34,-2.3779995210e-02
33,35,4.9757986659e-04
33,90,1.2256492450e-02
33,91,-3.8617770564e-03
33,92,-3.4108674599e-03
33,93,2.0198197938e-02
33,94,-6.7222058136e-03
33,95,2.3523630480e-02
33,300,-5.2484484605e-03
33,301,7.0522325343e-03
33,302,-5.1494820503e-03
33,303,3.3162673281e-03
33,304,-3.8963427916e-03
33,305,2.6032277850e-03
33,318,4.4279168391e-03
33,319,-6.5028829793e-03
33,320,5.8857569521e-03
33,321,1.6343319007e-03
33,322,-2.0928128901e-03
33,323,-3.5372877467e-03
33,450,-1.1093265041e-02
33,451,6.0246790323e-03
33,452,2.9586882668e-03
33,453,1.8675148884e-02
33,454,-1.0258444215e-02
33,455,-2.2744177767e-02
34,30,-1.9516166812e-03
34,31,9.8365794671e-05
34,32,-2.3645525262e-03
34,33,-2.3779995210e-02
34,34,6.5523096250e-02
34,35,-6.2004827157e-03
34,90,-5.2764710335e-03
34,91,8.9943309732e-03
34,92,-3.8823749154e-03
34,93,-9.0238185272e-03
34,94,1.5087374647e-02
34,95,-1.1337558287e-02
34,300,-4.9073485763e-03
34,301,6.1884303942e-03
34,302,-3.6650025005e-03
34,303,3.6982054536e-03
34,304,-4.0993719342e-03
34,305,1.4409443025e-03
34,318,4.9274607683e-03
34,319,-7.0747124846e-03
34,320,6.0363528062e-03
34,321,2.1658756747e-03
34,322,-2.7445001414e-03
34,323,-3.5667981677e-03
34,450,6.5587613999e-03
34,451,-8.5252316827e-03
34,452,4.3191083316e-03
34,453,-1.1152680480e-02
34,454,1.4481815181e-02
34,455,1.3865913481e-02
35,30,2.6415688427e-02
35,31,-1.5125617355e-02
35,32,-1.9290649488e-02
35,33,4.9757986659e-04
35,34,-6.2004827157e-03
35,35,7.9096709929e-02
35,90,-1.4203742931e-02
35,91,3.8944029846e-03
35,92,4.3793685986e-03
35,93,-2.3372797246e-02
35,94,6.8212680079e-03
35,95,-2.7133796239e-02
35,300,-4.8739793238e-05
35,301,1.8923900874e-03
35,302,-4.9553213711e-03
35,303,-2.6715369799e-03
35,304,1.6716201223e-03
35,305,5.1133345680e-03
35,318,2.7147500929e-04
35,319,8.0152303872e-04
35,320,-3.2746082451e-03
35,321,2.6911233662e-03
35,322,-2.8999963593e-03
35,323,3.3457917674e-03
35,450,-1.3522421815e-02
35,451,7.1696140324e-03
35,452,3.8199624589e-03
35,453,2.2752689714e-02
35,454,-1.2204826925e-02
35,455,-2.7679546193e-02
36,36,3.3118276454e-02
36,37,-4.8849275627e-03
36,38,1.4805055877e-02
36,39,-5.0710184952e-04
36,40,2.7633258178e-03
36,41,8.3183850884e-03
36,42,-8.4526709505e-03
36,43,8.9445406124e-03
36,44,-2.5207233271e-03
36,45,-4.0800980126e-03
36,46,2.1847287674e-03
36,47,3.1604299661e-03
36,168,-6.0029645990e-03
36,169,-1.9420676799e-03
36,170,4.1528328961e-03
36,171,-8.7033262446e-03
36,172,-2.3374523084e-03
36,173,-7.5474172861e-03
36,270,-5.2199029739e-03
36,271,5.2957060269e-03
36,272,-1.1499984057e-03
36,273,5.7074294967e-03
36,274,-5.0208901275e-03
36,275,-1.8936511880e-03
36,294,-7.0206511350e-03
36,295,-1.1624000496e-02
36,296,-1.3678390785e-02
36,297,-2.3655951751e-05
36,298,1.1527350155e-04
36,299,5.2059790690e-03
36,438,-6.4220867953e-03
36,439,-3.5581294616e-03
36,440,2.7060127350e-03
36,441,7.9007124364e-03
36,442,3.3757734251e-03
36,443,-4.2352941923e-03
37,36,-4.8849275627e-03
37,37,4.6914557811e-02
37,38,-1.7936205498e-02
37,39,2.7633258178e-03
37,40,1.5149564424e-03
37,41,-3.1007410405e-04
37,42,-9.2585766476e-03
37,43,8.6221023152e-03
37,44,1.9797447826e-05
37,45,-6.4829922369e-03
37,46,3.9568017325e-03
37,47,1.2880859745e-03
37,168,3.3722932008e-03
37,169,-8.0758557351e-04
37,170,-3.7063939044e-03
37,171,5.4354195563e-03
37,172,-1.2628402801e-03
37,173,6.0104598541e-03
37,270,-5.3449787515e-03
37,271,4.5575953388e-03
37,272,7.8474524781e-04
37,273,6.6021820894e-03
37,274,-4.9643975596e-03
37,275,-3.7922328749e-03
37,294,1.1646625468e-02
37,295,1.9272736907e-02
37,296,2.2652584650e-02
37,297,1.8702528919e-04
37,298,5.3416100825e-05
37,299,-8.6351352867e-03
37,438,4.4695642929e-03
37,439,3.2515742398e-04
37,440,-4.5483669402e-03
37,441,-6.5584929277e-03
37,442,-2.9015525734e-04
37,443,5.8631501046e-03
38,36,1.4805055877e-02
38,37,-1.7936205498e-02
38,38,5.3421719573e-02
38,39,2.2567663898e-03
38,40,5.8630261185e-03
38,41,-2.9661629489e-02
38,42,-3.1279108565e-03
38,43,4.3144006461e-04
38,44,5.7145722672e-03
38,45,-6.4423569169e-03
38,46,4.3879689741e-03
38,47,-4.6336991229e-03
38,168,2.1663084832e-03
38,169,3.0857626191e-03
38,170,-3.7388895909e-04
38,171,2.4547592882e-03
38,172,4.2336814997e-03
38,173,4.5000146191e-04
38,270,-1.2366996949e-03
38,271,-7.2589782822e-04
38,272,4.0770263448e-03
38,273,3.0877342846e-03
38,274,-6.7245679096e-04
38,275,-4.8015922213e-03
38,294,-1.3761378839e-02
38,295,-2.2745832109e-02
38,296,-2.6668065150e-02
38,297,-5.9455551158e-04
38,298,-6.8132068433e-04
38,299,1.0197152284e-02
38,438,1.1546250303e-03
38,439,3.9874571562e-03
38,440,2.9402622949e-03
38,441,2.2890358134e-04
38,442,-4.1289289912e-03
38,443,-3.9503592565e-03
39,36,-5.0710184952e-04
39,37,2.7633258178e-03
39,38,2.2567663898e-03
39,39,4.1495156394e-02
39,40,-5.3020989093e-03
39,41,-2.9953417204e-03
39,42,4.9852156976e-03
39,43,-7.3963451109e-03
39,44,6.5054215884e-03
39,45,-1.2335383097e-03
39,46,1.5393886185e-03
39,47,-5.7926882083e-03
39,168,8.7093082783e-03
39,169,3.2935419154e-03
39,170,-5.6807883444e-03
39,171,1.2487607238e-02
39,172,4.0361315193e-03
39,173,1.0497764569e-02
39,270,-5.8375407313e-03
39,271,6.6604346315e-03
39,272,-2.9605174176e-03
39,273,5.7332973837e-03
39,274,-5.7631328153e-03
39,275,-5.2980670962e-04
39,294,1.0290602686e-03
39,295,1.8668108869e-03
39,296,2.6084219044e-03
39,297,-2.4942970474e-03
39,298,-4.1518632543e-03
39,299,-7.8189170194e-04
39,438,-8.3789416637e-03
39,439,-5.4942995505e-03
39,440,2.4750501470e-03
39,441,9.8852874094e-03
39,442,5.2182527701e-03
39,443,-4.3625365404e-03
40,36,2.7633258178e-03
40,37,1.5149564424e-03
40,38,5.8630261185e-03
40,39,-5.3020989093e-03
40,40,3.1089576355e-02
40,41,1.8132553938e-03
40,42,3.4551130539e-03
40,43,-5.2862847408e-03
40,44,4.6236107984e-03
40,45,-1.1314205245e-03
40,46,8.7760927307e-04
40,47,-5.0886727958e-03
40,168,-4.3477187915e-03
40,169,1.0806066145e-03
40,170,4.9414863571e-03
40,171,-7.0174782948e-03
40,172,1.6467039724e-03
40,173,-7.7693027726e-03
40,270,-5.2477504700e-03
40,271,5.1124028820e-03
40,272,-5.6687193055e-04
40,273,5.9205239190e-03
40,274,-5.0875921103e-03
40,275,-2.2657368897e-03
40,294,-1.5508393208e-03
40,295,-2.8365917675e-03
40,296,-4.0167485782e-03
40,297,4.1166786530e-03
40,298,6.8461208156e-03
40,299,1.2280331436e-03
40,438,4.9278697106e-03
40,439,5.1654672952e-04
40,440,-5.0740125477e-03
40,441,-7.1509670851e-03
40,442,-5.8330955937e-04
40,443,6.1811790174e-03
41,36,8.3183850884e-03
41,37,-3.1007410405e-04
41,38,-2.9661629489e-02
41,39,-2.9953417204e-03
41,40,1.8132553938e-03
41,41,3.9349031332e-02
41,42,2.1147803511e-03
41,43,5.5934007949e-04
41,44,-6.5196818323e-03
41,45,5.8210688930e-03
41,46,-5.0927580347e-03
41,47,2.8222492226e-03
41,168,-7.5657519704e-03
41,169,-3.9916166830e-03
41,170,4.0793993180e-03
41,171,-1.0516515371e-02
41,172,-5.0278645628e-03
41,173,-8.0480342528e-03
41,270,-2.1577875283e-03
41,271,4.0348827637e-03
41,272,-4.7666391243e-03
41,273,7.3521524016e-04
41,274,-2.3636480838e-03
41,275,3.1068320293e-03
41,294,4.7303716377e-03
41,295,7.7785878117e-03
41,296,9.0146438772e-03
41,297,8.3459199309e-04
41,298,1.3294193400e-03
41,299,-4.3901614404e-03
41,438,-5.4399975785e-03
41,439,-5.4995742214e-03
41,440,-8.9995138310e-04
41,441,5.4588375753e-03
41,442,5.1832248950e-03
41,443,-2.2188950381e-04
42,36,-8.4526709505e-03
42,37,-9.2585766476e-03
42,38,-3.1279108565e-03
42,39,4.9852156976e-03
42,40,3.4551130539e-03
42,41,2.1147803511e-03
42,42,3.6005252841e-02
42,43,1.2444346330e-02
42,44,2.7586680468e-02
42,45,-2.5589775147e-03
42,46,4.3655880020e-03
42,47,2.2852720692e-02
42,168,-2.9292446675e-03
42,169,-4.3211476144e-03
42,170,-3.9184503355e-03
42,171,-2.1500896716e-03
42,172,-3.0596757457e-03
42,173,1.2774327944e-03
42,270,-5.4907758652e-03
42,271,-3.8929502096e-03
42,272,9.1392577920e-04
42,273,9.1010898509e-03
42,274,6.3542344245e-03
42,275,-1.0729658656e-02
42,366,-7.6753750936e-03
42,367,-3.3182919454e-03
42,368,2.1502939897e-03
42,369,-1.2491770433e-02
42,370,-5.1242757622e-03
42,371,-1.4164682606e-02
43,36,8.9445406124e-03
43,37,8.6221023152e-03
43,38,4.3144006461e-04
43,39,-7.3963451109e-03
43,40,-5.2862847408e-03
43,41,5.5934007949e-04
43,42,1.2444346330e-02
43,43,6.1370201529e-02
43,44,3.7132519631e-02
43,45,4.3655880020e-03
43,46,-7.8733620897e-03
43,47,1.7561753172e-02
43,168,4.1629736979e-03
43,169,6.0684061129e-03
43,170,5.3289712594e-03
43,171,3.1905609618e-03
43,172,4.4939715987e-03
43,173,-1.5940497240e-03
43,270,-3.6506530131e-03
43,271,-4.5865528062e-03
43,272,-2.5603142522e-03
43,273,5.9484081883e-03
43,274,7.4641132988e-03
43,275,-6.7534346016e-03
43,366,-2.3048342727e-03
43,367,-5.7574641667e-03
43,368,-3.9568512193e-03
43,369,-3.4467215937e-03
43,370,-9.1557681373e-03
43,371,-3.1456368080e-03
44,36,-2.5207233271e-03
44,37,1.9797447826e-05
44,38,5.7145722672e-03
44,39,6.5054215884e-03
44,40,4.6236107984e-03
44,41,-6.5196818323e-03
44,42,2.7586680468e-02
44,43,3.7132519631e-02
44,44,8.0787646841e-02
44,45,-5.8742608459e-03
44,46,7.6911065729e-03
44,47,-1.0312191665e-02
44,168,-3.4371899122e-03
44,169,-4.8393948798e-03
44,170,-3.8375607659e-03
44,171,-2.9516207318e-03
44,172,-4.0500139220e-03
44,173,7.8919975287e-04
44,270,1.0918124987e-03
44,271,-2.1966895493e-03
44,272,-5.6187337696e-03
44,273,-1.9622916648e-03
44,274,3.5190821011e-03
