0,0,2.7287230337e-03
0,1,-3.5718633814e-04
0,2,-1.5141447810e-04
0,3,7.6040533002e-05
0,4,-1.8045887049e-04
0,5,-2.3694146753e-04
0,102,-7.6747115142e-05
0,103,-9.5373752213e-05
0,104,-5.3151320983e-05
0,105,1.0995573297e-04
0,106,1.3317888477e-04
0,107,-9.2597090205e-05
0,132,-1.7890825318e-04
0,133,-2.9005401989e-04
0,134,-3.2618179812e-04
0,135,-2.7894284917e-05
0,136,-3.9512588166e-05
0,137,1.1981921627e-04
0,144,-1.8013607477e-04
0,145,-4.4480984742e-05
0,146,1.2328641549e-04
0,147,-2.6120018080e-04
0,148,-4.8817593616e-05
0,149,-2.2664149779e-04
0,234,-1.5760360063e-04
0,235,1.0218826573e-04
0,236,3.9399558794e-05
0,237,2.3669665803e-04
0,238,-1.4204269261e-04
0,239,-2.2376156904e-04
0,324,-1.2876021810e-04
0,325,1.5034273688e-04
0,326,-6.6605452828e-05
0,327,-1.2058642549e-04
0,328,1.2243173026e-04
0,329,-1.1564855374e-05
0,384,-1.2790772111e-04
0,385,1.7111003904e-04
0,386,-1.1944776910e-04
0,387,8.9004678378e-05
0,388,-1.0639228760e-04
0,389,4.3454343943e-05
1,0,-3.5718633814e-04
1,1,2.6212130460e-03
1,2,-6.1248172646e-04
1,3,-1.8045887049e-04
1,4,1.5439127465e-04
1,5,-1.1157670613e-04
1,102,9.8181430757e-05
1,103,1.1664751366e-04
1,104,5.3093586282e-05
1,105,-1.4383735128e-04
1,106,-1.6663279858e-04
1,107,1.2862141164e-04
1,132,2.9054976351e-04
1,133,4.7050571104e-04
1,134,5.2773960918e-04
1,135,5.0858621298e-05
1,136,7.3094304897e-05
1,137,-1.9265060810e-04
1,144,8.3573425061e-05
1,145,-4.4059102723e-05
1,146,-9.2920246472e-05
1,147,1.3837873860e-04
1,148,-6.6915267754e-05
1,149,1.6090377200e-04
1,234,-1.6682058139e-05
1,235,-4.1427580535e-05
1,236,7.9915843782e-05
1,237,3.5669647448e-05
1,238,5.6544618154e-05
1,239,-5.9334313714e-05
1,324,-1.4907012858e-04
1,325,1.6096014612e-04
1,326,-4.2915709258e-05
1,327,-1.5822987463e-04
1,328,1.5122119083e-04
1,329,-5.2386427916e-05
1,384,-1.7681757219e-04
1,385,2.3124851713e-04
1,386,-1.4929207024e-04
1,387,1.3423878253e-04
1,388,-1.5837530727e-04
1,389,4.2643852431e-05
2,0,-1.5141447810e-04
2,1,-6.1248172646e-04
2,2,2.7558738557e-03
2,3,8.6621953642e-05
2,4,-1.3327940110e-04
2,5,-7.9396897937e-04
2,102,-6.0140181379e-05
2,103,-5.9395538527e-05
2,104,6.0181707504e-07
2,105,9.5238028139e-05
2,106,9.3460988035e-05
2,107,-1.0176108882e-04
2,132,-3.2795811132e-04
2,133,-5.2971231949e-04
2,134,-5.9070892845e-04
2,135,-7.1315906443e-05
2,136,-1.0482283656e-04
2,137,2.1243304480e-04
2,144,7.8590916853e-05
2,145,8.6522959929e-05
2,146,-3.9968971378e-05
2,147,9.6118918964e-05
2,148,1.1973045838e-04
2,149,3.9403661817e-05
2,234,1.1985314530e-04
2,235,-9.0076665059e-05
2,236,-2.9355556662e-05
2,237,-1.7748875121e-04
2,238,1.2810351032e-04
2,239,1.6101463702e-04
2,324,-6.3802114370e-05
2,325,4.0590194506e-05
2,326,5.4180981902e-05
2,327,-1.0796085030e-04
2,328,8.3501230953e-05
2,329,-1.0936221220e-04
2,384,-1.3541122043e-04
2,385,1.6478969306e-04
2,386,-7.7739190841e-05
2,387,1.2884594095e-04
2,388,-1.4714128595e-04
2,389,-8.8383766093e-06
3,0,7.6040533002e-05
3,1,-1.8045887049e-04
3,2,8.6621953642e-05
3,3,2.5442471285e-03
3,4,-4.6030709962e-04
3,5,1.1956134345e-04
3,102,-1.0739203856e-04
3,103,-1.3726786870e-04
3,104,-8.4965520453e-05
3,105,1.5155548374e-04
3,106,1.8895239690e-04
3,107,-1.2218482799e-04
3,132,8.5714255094e-06
3,133,2.0071196346e-05
3,134,3.8012018077e-05
3,135,-7.1662193613e-05
3,136,-1.1549281765e-04
3,137,-3.1190294007e-05
3,144,2.6079564709e-04
3,145,8.0175131709e-05
3,146,-1.6977929721e-04
3,147,3.7389399938e-04
3,148,9.2499994341e-05
3,149,3.1429739700e-04
3,234,-2.3857282001e-04
3,235,1.6549974877e-04
3,236,4.3965601496e-05
3,237,3.5603838180e-04
3,238,-2.2978847905e-04
3,239,-3.3112149569e-04
3,324,1.2674649868e-04
3,325,-1.6519316322e-04
3,326,1.1047399296e-04
3,327,9.4052755738e-05
3,328,-1.0784662974e-04
3,329,-4.0232226350e-05
3,384,-6.7398032879e-05
3,385,1.0280607115e-04
3,386,-1.0076016940e-04
3,387,1.9745307389e-05
3,388,-2.8533518807e-05
3,389,6.5147682110e-05
4,0,-1.8045887049e-04
4,1,1.5439127465e-04
4,2,-1.3327940110e-04
4,3,-4.6030709962e-04
4,4,1.7863328288e-03
4,5,-2.7934914736e-04
4,102,1.3382309245e-04
4,103,1.6367381114e-04
4,104,8.5137070679e-05
4,105,-1.9321836767e-04
4,106,-2.3043451095e-04
4,107,1.6614556625e-04
4,132,-7.8886902916e-06
4,133,-2.2791086826e-05
4,134,-5.0619434942e-05
4,135,1.1705463296e-04
4,136,1.8828244619e-04
4,137,4.8546846204e-05
4,144,-1.0363092773e-04
4,145,6.0755703296e-05
4,146,1.2366319560e-04
4,147,-1.7318349028e-04
4,148,9.0232311361e-05
4,149,-2.0431593148e-04
4,234,-1.5161961980e-05
4,235,-6.8109351512e-05
4,236,1.1999143013e-04
4,237,3.8600675450e-05
4,238,9.2523761704e-05
4,239,-7.4543889930e-05
4,324,1.2917391591e-04
4,325,-1.5784767948e-04
4,326,8.3581567737e-05
4,327,1.1076897244e-04
4,328,-1.1948251269e-04
4,329,-1.2955048583e-05
4,384,-8.1917045621e-05
4,385,1.2427475521e-04
4,386,-1.1996232532e-04
4,387,2.5366590232e-05
4,388,-3.6934687252e-05
4,389,7.9175935369e-05
5,0,-2.3694146753e-04
5,1,-1.1157670613e-04
5,2,-7.9396897937e-04
5,3,1.1956134345e-04
5,4,-2.7934914736e-04
5,5,2.5293465790e-03
5,102,-8.5015768113e-05
5,103,-1.1757474918e-04
5,104,-9.2200590620e-05
5,105,1.1458831356e-04
5,106,1.5554336384e-04
5,107,-7.9531427475e-05
5,132,1.1116028783e-04
5,133,1.7955652026e-04
5,134,2.0005459786e-04
5,135,2.5151714355e-05
5,136,3.9376036559e-05
5,137,-1.0150587664e-04
5,144,-2.2540427680e-04
5,145,-1.0673317402e-04
5,146,1.2469002059e-04
5,147,-3.1303376881e-04
5,148,-1.3139194650e-04
5,149,-2.3892952331e-04
5,234,-2.2983260208e-04
5,235,1.8561724163e-04
5,236,3.6583686959e-06
5,237,3.3751547020e-04
5,238,-2.5699144441e-04
5,239,-3.0061836101e-04
5,324,-2.1380626574e-05
5,325,6.2826067424e-05
5,326,-1.1219496788e-04
5,327,3.4229537961e-05
5,328,-1.0502424325e-05
5,329,1.0696128063e-04
5,384,7.2925095658e-05
5,385,-8.2659580567e-05
5,386,2.2298812197e-05
5,387,-8.2738780851e-05
5,388,9.5488251588e-05
5,389,1.9236888514e-05
6,6,2.7009867447e-03
6,7,-6.3741608738e-05
6,8,6.9479939374e-05
6,9,-2.5326785376e-05
6,10,1.6480254082e-05
6,11,-6.4325432467e-04
6,198,-1.1404953019e-04
6,199,1.9378643303e-04
6,200,-2.4057127828e-04
6,201,-6.8397288852e-06
6,202,1.1316702466e-05
6,203,1.0611717053e-04
6,222,-1.5981313237e-04
6,223,1.3437943424e-04
6,224,6.2247755052e-06
6,225,1.7938310033e-04
6,226,-1.2306825435e-04
6,227,-6.7218616827e-05
6,246,-1.5141597641e-04
6,247,-1.3553017127e-04
6,248,-2.9295440932e-06
6,249,1.7347945005e-04
6,250,1.3215416232e-04
6,251,-7.1086846746e-05
6,258,-1.5523119074e-04
6,259,1.4090491105e-04
6,260,-7.6912579290e-06
6,261,-1.8573994066e-04
6,262,1.4668941977e-04
6,263,-9.0521619167e-05
6,264,-1.5269946944e-04
6,265,-1.0690840095e-04
6,266,3.7956786489e-05
6,267,-1.9535256850e-04
6,268,-1.1609442853e-04
6,269,-1.1950818440e-04
6,462,-1.2892596531e-04
6,463,-2.1947344552e-04
6,464,-2.7351126400e-04
6,465,1.3954725592e-05
6,466,2.3438263301e-05
6,467,1.0957833085e-04
7,6,-6.3741608738e-05
7,7,2.7927715078e-03
7,8,-9.3076786438e-05
7,9,1.6480254082e-05
7,10,-4.3859661196e-05
7,11,-2.8719751865e-05
7,198,-1.9378942014e-04
7,199,3.2921825486e-04
7,200,-4.0854973538e-04
7,201,-1.1925215895e-05
7,202,1.9740957116e-05
7,203,1.8027032050e-04
7,222,-1.3271144841e-04
7,223,6.9816528030e-05
7,224,8.3714023584e-05
7,225,1.7699013791e-04
7,226,-7.8874331882e-05
7,227,-1.2616389819e-04
7,246,1.3176753952e-04
7,247,8.4089192756e-05
7,248,-6.5208746871e-05
7,249,-1.7480394368e-04
7,250,-9.7552848291e-05
7,251,1.2292634889e-04
7,258,-1.3327896198e-04
7,259,8.5637237333e-05
7,260,6.5129408872e-05
7,261,-1.8202686853e-04
7,262,1.0412932652e-04
7,263,-1.3806244792e-04
7,264,1.2835954605e-04
7,265,4.8180759401e-05
7,266,-9.7168428803e-05
7,267,1.8378269679e-04
7,268,5.7958408651e-05
7,269,1.5643786992e-04
7,462,2.1934192411e-04
7,463,3.7332913216e-04
7,464,4.6508888779e-04
7,465,-2.4068089358e-05
7,466,-4.0425366833e-05
7,467,-1.8634664909e-04
8,6,6.9479939374e-05
8,7,-9.3076786438e-05
8,8,3.4226605439e-03
8,9,-2.0405250422e-05
8,10,5.9918060738e-05
8,11,-1.1338973536e-03
8,198,-2.4058271263e-04
8,199,4.0856286171e-04
8,200,-5.0662369944e-04
8,201,-1.5580696064e-05
8,202,2.5816774838e-05
8,203,2.2369437123e-04
8,222,8.2548602739e-06
8,223,-8.4511068911e-05
8,224,1.3459186769e-04
8,225,4.2776780923e-05
8,226,5.6213001431e-05
8,227,-1.3204463532e-04
8,246,2.0120724981e-06
8,247,6.7678018887e-05
8,248,1.2430960280e-04
8,249,4.4076566618e-05
8,250,-4.0479319343e-05
8,251,-1.2161614399e-04
8,258,4.8854706733e-06
8,259,-7.2285350111e-05
8,260,1.2990034355e-04
8,261,-3.7453200043e-05
8,262,-5.1089085336e-05
8,263,-1.1626182540e-04
8,264,5.9012945599e-06
8,265,8.2488171713e-05
8,266,1.0980892544e-04
8,267,-2.9232236303e-05
8,268,8.3751497075e-05
8,269,-1.0309874146e-04
8,462,-2.7300668006e-04
8,463,-4.6450898865e-04
8,464,-5.7826341864e-04
8,465,3.0793330947e-05
8,466,5.1722545132e-05
8,467,2.3173537250e-04
9,6,-2.5326785376e-05
9,7,1.6480254082e-05
9,8,-2.0405250422e-05
9,9,2.1498149249e-03
9,10,-9.0008420151e-05
9,11,-2.2294858174e-05
9,198,4.4352868397e-07
9,199,-1.0599567503e-06
9,200,2.0994284458e-06
9,201,-1.8867400228e-05
9,202,3.2041221239e-05
9,203,-2.9463751446e-06
9,222,-1.9214148560e-04
9,223,1.8563785921e-04
9,224,-3.7781323515e-05
9,225,1.9942751805e-04
9,226,-1.6132792780e-04
9,227,-4.0046960131e-05
9,246,-1.8665610552e-04
9,247,-1.8671539180e-04
9,248,-4.2924267436e-05
9,249,1.9993921587e-04
9,250,1.7295948477e-04
9,251,-5.1979979611e-05
9,258,1.8735254496e-04
9,259,-1.9149319679e-04
9,260,5.2781497732e-05
9,261,2.1041989066e-04
9,262,-1.9020087719e-04
9,263,7.2451021658e-05
9,264,1.9391916740e-04
9,265,1.5681939159e-04
9,266,-1.5245882769e-05
9,267,2.3813513438e-04
9,268,1.6739782130e-04
9,269,1.2330061487e-04
9,462,4.9223743998e-06
9,463,8.0728752248e-06
9,464,9.2756132930e-06
9,465,-2.9058165292e-05
9,466,-4.9421046401e-05
9,467,2.7202598822e-06
10,6,1.6480254082e-05
10,7,-4.3859661196e-05
10,8,5.9918060738e-05
10,9,-9.0008420151e-05
10,10,1.3175325375e-03
10,11,-1.4243649829e-05
10,198,4.4615380936e-07
10,199,-1.2783455172e-06
10,200,2.9174011379e-06
10,201,-3.2076161063e-05
10,202,5.4462588708e-05
10,203,-4.7649385856e-06
10,222,-1.3514453448e-04
10,223,8.3403598441e-05
10,224,6.7732620378e-05
10,225,1.7190157271e-04
10,226,-9.0516016742e-05
10,227,-1.0500494373e-04
10,246,1.4208450491e-04
10,247,1.0253755549e-04
10,248,-5.0492241625e-05
10,249,-1.8006117988e-04
10,250,-1.1372159688e-04
10,251,1.0898964403e-04
10,258,1.3868791199e-04
10,259,-1.0163400638e-04
10,260,-4.6718558104e-05
10,261,1.8135561476e-04
10,262,-1.1852141637e-04
10,263,1.2031185474e-04
10,264,-1.4298406186e-04
10,265,-6.4862749450e-05
10,266,9.5851408399e-05
10,267,-1.9940909073e-04
10,268,-7.7329282278e-05
10,269,-1.5791695568e-04
10,462,-8.6926711712e-06
10,463,-1.4273802650e-05
10,464,-1.6447110350e-05
10,465,4.9483622613e-05
10,466,8.4145528388e-05
10,467,-4.4250496061e-06
11,6,-6.4325432467e-04
11,7,-2.8719751865e-05
11,8,-1.1338973536e-03
11,9,-2.2294858174e-05
11,10,-1.4243649829e-05
11,11,2.1771999143e-03
11,198,1.0619487140e-04
11,199,-1.8043758301e-04
11,200,2.2399205526e-04
11,201,6.5329725343e-06
11,202,-1.0861561640e-05
11,203,-1.0191686157e-04
11,222,-9.5293253578e-05
11,223,1.4484993638e-04
11,224,-1.2159187870e-04
11,225,6.3293927715e-05
11,226,-1.0711536579e-04
11,227,6.7862245332e-05
11,246,-1.0113638685e-04
11,247,-1.4466850624e-04
11,248,-1.1285868299e-04
11,249,7.7514467437e-05
11,250,1.1434690848e-04
11,251,4.9504286944e-05
11,258,-9.4255629942e-05
11,259,1.4339430283e-04
11,260,-1.2500925769e-04
11,261,-7.5659050642e-05
11,262,1.2287400721e-04
11,263,4.3130334588e-05
11,264,-1.1587578765e-04
11,265,-1.4090749397e-04
11,266,-6.7673383330e-05
11,267,-1.1998426495e-04
11,268,-1.4355737135e-04
11,269,-1.0501939200e-05
11,462,1.1299593425e-04
11,463,1.9238158536e-04
11,464,2.3981524838e-04
11,465,-9.7951966359e-06
11,466,-1.6459941488e-05
11,467,-1.0293964800e-04
12,12,2.6837480497e-03
12,13,-1.9243370584e-05
12,14,-6.5408883205e-04
12,15,-2.6361861398e-04
12,16,-1.4879880426e-04
12,17,-2.3214400279e-04
12,126,-1.8205692800e-04
12,127,-2.1283288472e-04
12,128,-9.4944222684e-05
12,129,1.2096511855e-04
12,130,1.0626551164e-04
12,131,3.7989251705e-05
12,138,-1.4997634877e-04
12,139,2.9367307145e-05
12,140,1.1845939967e-04
12,141,-2.3557444432e-04
12,142,3.9995608322e-05
12,143,-2.4704417835e-04
12,150,-1.6448559112e-04
12,151,-1.9994350540e-04
12,152,-1.0324085526e-04
12,153,-1.3599760635e-04
12,154,-1.4106780458e-04
12,155,1.0737156310e-05
12,210,-2.1431073252e-04
12,211,2.0330525122e-04
12,212,-2.3089792313e-05
12,213,1.5471854380e-04
12,214,-9.1897283436e-05
12,215,3.4974073704e-05
12,348,-1.0522470414e-04
12,349,1.5233198933e-04
12,350,-1.3166282575e-04
12,351,-6.3086110753e-05
12,352,8.5688267750e-05
12,353,6.1169796144e-05
12,360,-6.1498423938e-05
12,361,1.3114019729e-05
12,362,6.1182697566e-05
12,363,1.0492931219e-04
12,364,-2.2324395581e-05
12,365,-1.3137860320e-04
13,12,-1.9243370584e-05
13,13,2.1234808395e-03
13,14,6.8701325571e-05
13,15,-1.4879880426e-04
13,16,-4.6953959437e-04
13,17,-2.9783621248e-05
13,126,2.0573340671e-04
13,127,2.2099684785e-04
13,128,5.6276867329e-05
13,129,-1.7421299059e-04
13,130,-1.5097626312e-04
13,131,1.2808374869e-05
13,138,-3.5898094829e-05
13,139,-3.4223448681e-05
13,140,4.6416817053e-05
13,141,-6.2979666537e-05
13,142,-5.3933297253e-05
13,143,-8.2288040448e-05
13,150,1.9765434976e-04
13,151,2.2603810495e-04
13,152,8.5395395030e-05
13,153,1.8826780336e-04
13,154,1.8795493678e-04
13,155,3.3032292727e-05
13,210,-2.1382932129e-04
13,211,1.6329559037e-04
13,212,6.0864999547e-05
13,213,2.0574160220e-04
13,214,-1.1186772817e-04
13,215,-4.8031124250e-05
13,348,-1.5155818330e-04
13,349,2.1681708027e-04
13,350,-1.8124875962e-04
13,351,-9.6620478550e-05
13,352,1.3019776288e-04
13,353,8.0388733723e-05
13,360,8.2756643378e-06
13,361,-5.6152930103e-06
13,362,-6.3971355258e-06
13,363,-1.4071532307e-05
13,364,9.5636861550e-06
13,365,1.7494214756e-05
14,12,-6.5408883205e-04
14,13,6.8701325571e-05
14,14,2.2315060721e-03
14,15,-2.2741253471e-04
14,16,-1.3442790354e-04
14,17,-9.1622869439e-04
14,126,-7.9606251880e-05
14,127,-4.3750061413e-05
14,128,8.5290485407e-05
14,129,1.4769096342e-04
14,130,1.2091583034e-04
14,131,-1.3194031960e-04
14,138,1.0836337768e-04
14,139,-4.3298323424e-05
14,140,-8.7271644441e-05
14,141,1.6668248338e-04
14,142,-6.4507300345e-05
14,143,1.6581635337e-04
14,150,-9.7895925173e-05
14,151,-8.0777697311e-05
14,152,4.1208260492e-05
14,153,-1.4770078651e-04
14,154,-1.3157996318e-04
14,155,-1.2077393320e-04
14,210,-4.0275950608e-05
14,211,-5.0038302078e-05
14,212,1.7552931761e-04
14,213,1.4368572803e-04
14,214,-5.3796905485e-05
14,215,-1.9072858526e-04
14,348,-1.2930832551e-04
14,349,1.7885098997e-04
14,350,-1.3484098811e-04
14,351,-9.6061835751e-05
14,352,1.2700112652e-04
14,353,5.0008376224e-05
14,360,6.3345623423e-05
14,361,-1.2349276149e-05
14,362,-6.3813976894e-05
14,363,-1.0809561914e-04
14,364,2.1023849024e-05
14,365,1.3538039815e-04
15,12,-2.6361861398e-04
15,13,-1.4879880426e-04
15,14,-2.2741253471e-04
15,15,2.5008629129e-03
15,16,-4.6004138236e-05
15,17,-1.4079045394e-04
15,126,-1.4072548484e-04
15,127,-1.9603365651e-04
15,128,-1.5578163500e-04
15,129,3.2640555945e-05
15,130,3.1931384275e-05
15,131,1.1979006343e-04
15,138,2.3743798538e-04
15,139,-5.2139189529e-05
15,140,-1.8506934976e-04
15,141,3.7198690598e-04
15,142,-7.1998139507e-05
15,143,3.8771212609e-04
15,150,1.5449056681e-04
15,151,2.0932208708e-04
15,152,1.5548235037e-04
15,153,8.9936067969e-05
15,154,1.0434934006e-04
15,155,-7.9965095975e-05
15,210,-1.5586217757e-04
15,211,2.0172556674e-04
15,212,-1.3105696089e-04
15,213,4.2364003731e-05
15,214,-3.9166740751e-05
15,215,1.3869281074e-04
15,348,8.9540506278e-05
15,349,-1.3535671656e-04
15,350,1.3058750837e-04
15,351,4.0707915556e-05
15,352,-5.7567855049e-05
15,353,-6.9446567799e-05
15,360,-1.0481852885e-04
15,361,2.2405271955e-05
15,362,1.0425484161e-04
15,363,1.7881491469e-04
15,364,-3.8135471511e-05
15,365,-2.2381627689e-04
16,12,-1.4879880426e-04
16,13,-4.6953959437e-04
16,14,-1.3442790354e-04
16,15,-4.6004138236e-05
16,16,1.1906009228e-03
16,17,-7.4214347556e-05
16,126,1.2526492436e-04
16,127,1.6697314993e-04
16,128,1.1596988757e-04
16,129,-4.3451410141e-05
16,130,-4.5465067776e-05
16,131,-9.6449180011e-05
16,138,5.0731805868e-05
16,139,5.4024847559e-05
16,140,-6.9461473171e-05
16,141,8.9892549260e-05
16,142,8.4719785676e-05
16,143,1.1936942396e-04
16,150,-1.6348756783e-04
16,151,-2.1123910566e-04
16,152,-1.3494372633e-04
16,153,-1.1308867212e-04
16,154,-1.2631828166e-04
16,155,5.6603469819e-05
16,210,-1.0495684202e-04
16,211,1.2454661439e-04
16,212,-5.5393914925e-05
16,213,4.3130940337e-05
16,214,-4.2419331039e-05
16,215,8.4856898138e-05
16,348,1.2305792594e-04
16,349,-1.8419716854e-04
16,350,1.7342559613e-04
16,351,5.9987176320e-05
16,352,-8.4126256833e-05
16,353,-9.0657652731e-05
16,360,1.4157816907e-05
16,361,-9.5892114588e-06
16,362,-1.0949356539e-05
16,363,-2.4069858840e-05
16,364,1.6329363553e-05
16,365,2.9915629360e-05
17,12,-2.3214400279e-04
17,13,-2.9783621248e-05
17,14,-9.1622869439e-04
17,15,-1.4079045394e-04
17,16,-7.4214347556e-05
17,17,2.8550167912e-03
17,126,2.0841863709e-05
17,127,-3.0112718394e-05
17,128,-1.3698005207e-04
17,129,-1.1904476638e-04
17,130,-1.0836593274e-04
17,131,1.3157793641e-04
17,138,-2.5346428614e-04
17,139,6.9617684399e-05
17,140,1.9123726217e-04
17,141,-3.9470015972e-04
17,142,9.8278835981e-05
17,143,-4.0547052287e-04
17,150,-1.5896745248e-05
17,151,-6.4536475737e-05
17,152,-1.3567749648e-04
17,153,6.6239099582e-05
17,154,4.9900981965e-05
17,155,1.3910286565e-04
17,210,3.5829562847e-05
17,211,5.3610280829e-05
17,212,-1.9547183483e-04
17,213,-1.3996093476e-04
17,214,7.6124551824e-05
17,215,1.5534469309e-04
17,348,1.7656452032e-05
17,349,-1.4657437217e-05
17,350,-1.3511636020e-05
17,351,3.5274172634e-05
17,352,-4.4212767094e-05
17,353,2.1231186203e-05
17,360,-1.3095220153e-04
17,361,2.8128731481e-05
17,362,1.3018245702e-04
17,363,2.2332543735e-04
17,364,-4.7862317691e-05
17,365,-2.7934036486e-04
18,18,2.6441577005e-03
18,19,3.1516431521e-04
18,20,-3.0999701300e-05
18,21,-6.4276444357e-05
18,22,-3.2731170109e-05
18,23,-6.0076004343e-04
18,216,-1.3320358092e-04
18,217,2.2630680983e-04
18,218,-2.8087797406e-04
18,219,1.3132192784e-05
18,220,-2.1873120230e-05
18,221,1.1088896517e-04
18,258,-1.3529956004e-04
18,259,1.2584407145e-04
18,260,-4.7133386929e-06
18,261,1.7131249221e-04
18,262,-1.4497603509e-04
18,263,-1.0143608773e-04
18,264,-1.9347162062e-04
18,265,-1.1759048551e-04
18,266,4.7041535374e-05
18,267,2.2315729379e-04
18,268,9.5138281319e-05
18,269,-9.4318707464e-05
18,282,-1.3294581359e-04
18,283,1.0547403258e-04
18,284,2.4894686822e-05
18,285,-1.7833492596e-04
18,286,1.2847161029e-04
18,287,-1.2576848272e-04
18,348,-9.7877196123e-05
18,349,-1.5940753570e-04
18,350,-1.8104335581e-04
18,351,-3.7789478791e-05
18,352,-5.9833850371e-05
18,353,7.8793486890e-05
18,468,-1.6846575064e-04
18,469,-1.3187556535e-04
18,470,1.7464148818e-05
18,471,-2.0988512960e-04
18,472,-1.3948165330e-04
18,473,-1.1779700209e-04
19,18,3.1516431521e-04
19,19,2.6431424785e-03
19,20,3.9458953303e-04
19,21,-3.2731170109e-05
19,22,-1.0030732991e-04
19,23,1.6124129356e-04
19,216,-2.2644605403e-04
19,217,3.8465552159e-04
19,218,-4.7723884134e-04
19,219,2.2747372564e-05
19,220,-3.7895821973e-05
19,221,1.8841804129e-04
19,258,-1.3482689225e-04
19,259,1.0302082142e-04
19,260,4.1856943385e-05
19,261,1.8495928502e-04
19,262,-1.2937729233e-04
19,263,-1.4141280236e-04
19,264,1.3613240317e-04
19,265,9.5860233153e-06
19,266,-1.3252150509e-04
19,267,-1.9400509790e-04
19,268,-5.0419785183e-06
19,269,1.6175474948e-04
19,282,-1.3496380390e-04
19,283,8.2591404086e-05
19,284,6.8707066053e-05
19,285,-1.9278915817e-04
19,286,1.0689851151e-04
19,287,-1.6291265538e-04
19,348,1.5867579370e-04
19,349,2.5814161909e-04
19,350,2.9246105159e-04
19,351,6.3087757394e-05
19,352,9.9862017807e-05
19,353,-1.2616270794e-04
19,468,1.0252442905e-04
19,469,3.0866197671e-05
19,470,-9.7081393794e-05
19,471,1.5237217801e-04
19,472,4.2640361722e-05
19,473,1.4033294129e-04
20,18,-3.0999701300e-05
20,19,3.9458953303e-04
20,20,3.0965599508e-03
20,21,-3.9477658716e-05
20,22,-8.7330912774e-05
20,23,-9.6903739295e-04
20,216,-2.8141104778e-04
20,217,4.7785083176e-04
20,218,-5.9241865393e-04
20,219,2.9350165417e-05
20,220,-4.8913944437e-05
20,221,2.3391282400e-04
20,258,-2.3807086489e-05
20,259,-2.7733509152e-05
20,260,9.9194223815e-05
20,261,6.1885422106e-05
20,262,1.0225847324e-05
20,263,-1.0920752930e-04
20,264,3.4440785752e-05
20,265,1.3603140741e-04
20,266,1.2036892157e-04
20,267,1.8464910963e-05
20,268,-1.2682719689e-04
20,269,-1.4034389440e-04
20,282,-2.9313129017e-05
20,283,-3.2322454618e-05
20,284,9.9569744769e-05
20,285,-6.5986953483e-05
20,286,-2.7003773948e-05
20,287,-1.0874621938e-04
20,348,-1.7841620931e-04
20,349,-2.8954049389e-04
20,350,-3.2623490539e-04
20,351,-7.5498496313e-05
20,352,-1.1943301502e-04
20,353,1.3788601771e-04
20,468,6.3682075781e-05
20,469,1.1706211804e-04
20,470,9.6553502697e-05
20,471,4.5807843938e-05
20,472,1.1666858541e-04
20,473,-5.2475422763e-05
21,18,-6.4276444357e-05
21,19,-3.2731170109e-05
21,20,-3.9477658716e-05
21,21,2.1322497914e-03
21,22,4.6246728474e-04
21,23,-6.8832022375e-05
21,216,7.9038996666e-06
21,217,-1.2985549970e-05
21,218,1.4984244434e-05
21,219,-3.3984637583e-05
21,220,5.7668711645e-05
21,221,7.4025250507e-07
21,258,-1.6996275302e-04
21,259,1.7270968672e-04
21,260,-3.6337114128e-05
21,261,2.0582476800e-04
21,262,-1.9191323950e-04
21,263,-1.0087305021e-04
21,264,-2.1608043042e-04
21,265,-1.7431948071e-04
21,266,-5.8832672839e-06
21,267,2.2741452980e-04
21,268,1.4257601793e-04
21,269,-4.9060187913e-05
21,282,1.7480899378e-04
21,283,-1.5253648041e-04
21,284,-8.1645714949e-06
21,285,2.2778690537e-04
21,286,-1.8218504172e-04
21,287,1.4526273305e-04
21,348,1.1395398954e-05
21,349,2.0332017411e-05
21,350,2.7534378529e-05
21,351,-8.9516965437e-06
21,352,-1.4093998669e-05
21,353,-2.0700133358e-05
21,468,2.0808808984e-04
21,469,1.8820139875e-04
21,470,2.2729325170e-05
21,471,2.4654529824e-04
21,472,1.9387356012e-04
21,473,1.1010985190e-04
22,18,-3.2731170109e-05
22,19,-1.0030732991e-04
22,20,-8.7330912774e-05
22,21,4.6246728474e-04
22,22,1.3395335780e-03
22,23,-1.2408249998e-05
22,216,1.3866874759e-05
22,217,-2.2802516798e-05
22,218,2.6365980739e-05
22,219,-5.7841371319e-05
22,220,9.8133503067e-05
22,221,9.9978879529e-07
22,258,-1.5477203496e-04
22,259,1.3041077302e-04
22,260,2.4941335526e-05
22,261,2.0451759680e-04
22,262,-1.5787915237e-04
22,263,-1.3935310617e-04
22,264,1.1265598039e-04
22,265,1.7015206784e-05
22,266,-1.1185236340e-04
22,267,-1.5589398277e-04
22,268,-1.8410193468e-05
22,269,1.1811522822e-04
22,282,1.6487593845e-04
22,283,-1.1267251575e-04
22,284,-6.5321559108e-05
22,285,2.2980657843e-04
22,286,-1.4284099197e-04
22,287,1.8135666743e-04
22,348,-1.6561137356e-05
22,349,-2.9813010762e-05
22,350,-4.0972198477e-05
22,351,1.5038356205e-05
22,352,2.3653063090e-05
22,353,3.2056901356e-05
22,468,-1.0140416009e-04
22,469,-3.3775097122e-05
22,470,9.6968219046e-05
22,471,-1.4903977605e-04
22,472,-4.7887661316e-05
22,473,-1.3248427748e-04
23,18,-6.0076004343e-04
23,19,1.6124129356e-04
23,20,-9.6903739295e-04
23,21,-6.8832022375e-05
23,22,-1.2408249998e-05
23,23,2.1541186330e-03
23,216,1.1073411523e-04
23,217,-1.8819096606e-04
23,218,2.3371976657e-04
23,219,-6.5112414364e-06
23,220,1.0802569071e-05
23,221,-1.0143243930e-04
23,258,-9.8070842095e-05
23,259,1.3229667570e-04
23,260,-9.0425272363e-05
23,261,9.7833143584e-05
23,262,-1.3168672035e-04
23,263,4.0029631535e-07
23,264,-7.9335686717e-05
23,265,-1.5557425038e-04
23,266,-1.3613871777e-04
23,267,3.7012878969e-05
23,268,1.2536949377e-04
23,269,9.9404113230e-05
23,282,-1.1627278358e-04
23,283,1.3296647819e-04
23,284,-5.1899377895e-05
23,285,-1.3625816253e-04
23,286,1.5071417157e-04
23,287,-5.1211215161e-05
23,348,9.2394442266e-05
23,349,1.5001653800e-04
23,350,1.6918941101e-04
23,351,3.9148471408e-05
23,352,6.2180220188e-05
23,353,-7.3200510549e-05
23,468,-1.1342415317e-04
23,469,-1.5869170247e-04
23,470,-1.1438894060e-04
23,471,-1.0622141304e-04
23,472,-1.5181465617e-04
23,473,1.7479628891e-05
24,24,2.7512087370e-03
24,25,2.3393755022e-04
24,26,3.3271103226e-04
24,27,7.9497744367e-04
24,28,-2.6429065810e-04
24,29,3.3779062468e-04
24,84,-1.4253587871e-04
24,85,-2.3493896505e-04
24,86,-2.7371829990e-04
24,87,-1.0055962221e-04
24,88,-1.6273894182e-04
24,89,2.4213824898e-05
24,306,-1.8608882034e-04
24,307,3.0856772868e-04
24,308,-3.6409258985e-04
24,309,-8.1313995625e-05
24,310,1.3062529797e-04
24,311,5.2168799417e-05
24,336,-1.9576967980e-04
24,337,-1.2569863837e-04
24,338,4.3406798764e-05
24,339,-2.2118203286e-04
24,340,-1.0076288054e-04
24,341,-8.5354965754e-05
24,360,-8.7525621555e-05
24,361,6.1230415959e-05
24,362,4.0207627937e-05
24,363,-1.2661882235e-04
24,364,8.4287917499e-05
24,365,-1.0924449914e-04
25,24,2.3393755022e-04
25,25,3.0756624377e-03
25,26,2.5004750555e-04
25,27,-2.6429065810e-04
25,28,1.3319003162e-03
25,29,1.4588170828e-04
25,84,2.3544963786e-04
25,85,3.8784722053e-04
25,86,4.5125862381e-04
25,87,1.6898496951e-04
25,88,2.7339079365e-04
25,89,-3.5463510650e-05
25,306,-3.0911546410e-04
25,307,5.1232137584e-04
25,308,-6.0388464635e-04
25,309,-1.3910515720e-04
25,310,2.2356384142e-04
25,311,8.2717943099e-05
25,336,1.0307827375e-04
25,337,-9.9001194291e-06
25,338,-1.3209065638e-04
25,339,1.5754787452e-04
25,340,-6.5239733200e-06
25,341,1.4874546389e-04
25,360,-9.4235188069e-05
25,361,5.7223786867e-05
25,362,5.6900124654e-05
25,363,-1.4056066972e-04
25,364,8.1125457684e-05
25,365,-1.3131924820e-04
26,24,3.3271103226e-04
26,25,2.5004750555e-04
26,26,3.4720845230e-03
26,27,5.9233023456e-04
26,28,-1.4013309481e-04
26,29,-2.4962684193e-04
26,84,-2.7559204262e-04
26,85,-4.5336462685e-04
26,86,-5.2594748657e-04
26,87,-2.0504789993e-04
26,88,-3.3152034627e-04
26,89,3.0011266743e-05
26,306,-3.6611794559e-04
26,307,6.0616990568e-04
26,308,-7.1291264852e-04
26,309,-1.7496013079e-04
26,310,2.8142779867e-04
26,311,8.7914985011e-05
26,336,7.3374821058e-05
26,337,1.3669012623e-04
26,338,8.2752813841e-05
26,339,3.4523460211e-05
26,340,1.2218292112e-04
26,341,-9.8824988113e-05
26,360,-2.5231733692e-05
26,361,-3.2949993335e-06
26,362,4.3490002994e-05
26,363,-4.6697866404e-05
26,364,7.5353479917e-07
26,365,-6.4677242635e-05
27,24,7.9497744367e-04
27,25,-2.6429065810e-04
27,26,5.9233023456e-04
27,27,3.0880308453e-03
27,28,3.6758062075e-04
27,29,1.4449387680e-03
27,84,-9.1273649158e-05
27,85,-1.4724255721e-04
27,86,-1.6347604792e-04
27,87,-1.1763983143e-04
27,88,-1.8971598200e-04
27,89,-6.8492885554e-05
27,306,-6.2436963695e-05
27,307,9.8995770008e-05
27,308,-1.0534430955e-04
27,309,-1.3947126382e-04
27,310,2.2787409143e-04
27,311,-9.2113410687e-05
27,336,2.1017978749e-04
27,337,1.7998404032e-04
27,338,1.8052346682e-05
27,339,2.1303172500e-04
27,340,1.4337073210e-04
27,341,2.9914428573e-05
27,360,1.2038310340e-04
27,361,-8.9537844071e-05
27,362,-4.6978207915e-05
27,363,1.7150459943e-04
27,364,-1.2177516260e-04
27,365,1.4168998904e-04
28,24,-2.6429065810e-04
28,25,1.3319003162e-03
28,26,-1.4013309481e-04
28,27,3.6758062075e-04
28,28,3.2042225508e-03
28,29,-2.3018722542e-04
28,84,1.5384533324e-04
28,85,2.4813773925e-04
28,86,2.7538273277e-04
28,87,1.9833400402e-04
28,88,3.1974343963e-04
28,89,1.1648058289e-04
28,306,-1.0807742981e-04
28,307,1.7159467652e-04
28,308,-1.8322563611e-04
28,309,-2.3493753910e-04
28,310,3.8366714495e-04
28,311,-1.5528242480e-04
28,336,-6.5673236311e-05
28,337,1.5806721092e-05
28,338,1.1343715146e-04
28,339,-1.0544704552e-04
28,340,4.0471627599e-06
28,341,-1.0297505822e-04
28,360,1.2427807774e-04
28,361,-8.0703512629e-05
28,362,-6.7320883967e-05
28,363,1.8276106330e-04
28,364,-1.1294563022e-04
28,365,1.6461972990e-04
29,24,3.3779062468e-04
29,25,1.4588170828e-04
29,26,-2.4962684193e-04
29,27,1.4449387680e-03
29,28,-2.3018722542e-04
29,29,3.6009551293e-03
29,84,3.0534717882e-05
29,85,5.4914534469e-05
29,86,7.5463285214e-05
29,87,-5.4699323320e-05
29,88,-8.6502797392e-05
29,89,-1.4535358377e-04
29,306,4.9191126436e-05
29,307,-8.4970321658e-05
29,308,1.0875169216e-04
29,309,-6.2674871048e-05
29,310,1.0110853993e-04
29,311,-1.6366698911e-04
29,336,-6.3103961752e-05
29,337,-1.4862490831e-04
29,338,-1.5155406817e-04
29,339,-1.2641930533e-05
29,340,-1.1191550449e-04
29,341,1.1759677100e-04
29,360,-9.0865710799e-05
29,361,7.9931606193e-05
29,362,1.5824837935e-05
29,363,-1.2330683170e-04
29,364,1.0533275641e-04
29,365,-8.7148305237e-05
30,30,2.8306062135e-03
30,31,-6.9455601156e-04
30,32,1.6719442704e-04
30,33,-1.5352466001e-05
30,34,-1.2678472834e-04
30,35,3.6573174238e-04
30,90,-1.8636658049e-04
30,91,6.2342302837e-05
30,92,4.9159982889e-05
30,93,-3.0733126304e-04
30,94,1.0825880404e-04
30,95,-3.5845417072e-04
30,300,-1.4937378444e-04
30,301,1.7288344374e-04
30,302,-7.4006244720e-05
30,303,1.3372469009e-04
30,304,-1.3182340052e-04
30,305,-4.6662092698e-06
30,318,-1.3326489779e-04
30,319,1.7565827776e-04
30,320,-1.1758947205e-04
30,321,-8.9827930617e-05
30,322,1.0339894771e-04
30,323,4.5205359340e-05
30,450,-1.6466842969e-04
30,451,9.0489335145e-05
30,452,4.2618143832e-05
30,453,2.7728220819e-04
30,454,-1.5409799374e-04
30,455,-3.3787392277e-04
31,30,-6.9455601156e-04
31,31,3.0113337245e-03
31,32,-1.2915100465e-03
31,33,-1.2678472834e-04
31,34,-5.4995358479e-06
31,35,-5.2679912233e-04
31,90,8.3350456508e-05
31,91,-1.3942706610e-04
31,92,6.1449143385e-05
31,93,1.4244579149e-04
31,94,-2.3403413756e-04
31,95,1.7873395721e-04
31,300,-1.6685310867e-04
31,301,1.7646634658e-04
31,302,-3.9581063642e-05
31,303,1.7386847813e-04
31,304,-1.6069557925e-04
31,305,-5.4246979573e-05
31,318,-1.6828393970e-04
31,319,2.1388918020e-04
31,320,-1.2511980571e-04
31,321,-1.3038697631e-04
31,322,1.4757247545e-04
31,323,3.1530900360e-05
31,450,9.8292474548e-05
31,451,-1.2769408801e-04
31,452,6.5096776198e-05
31,453,-1.6716341771e-04
31,454,2.1695821484e-04
31,455,2.0789527073e-04
32,30,1.6719442704e-04
32,31,-1.2915100465e-03
32,32,3.4543684181e-03
32,33,1.1305401167e-05
32,34,-7.8933198491e-05
32,35,-5.8707244210e-04
32,90,5.2234010366e-05
32,91,9.4078519557e-05
32,92,-1.6398161428e-04
32,93,8.1142009617e-05
32,94,1.5795563151e-04
32,95,8.1912233212e-05
32,300,-6.1188027965e-05
32,301,2.9235785007e-05
32,302,7.5434555781e-05
32,303,1.1595992871e-04
32,304,-8.5135095795e-05
32,305,-1.2838538703e-04
32,318,-9.8511879282e-05
32,319,1.0746100262e-04
32,320,-2.1410281383e-05
32,321,-1.1427419668e-04
32,322,1.2353176182e-04
32,323,-4.0881686485e-05
32,450,3.9501957692e-05
32,451,7.6635908456e-05
32,452,-1.6403290198e-04
32,453,-6.4313676184e-05
32,454,-1.3050215830e-04
32,455,7.2740729328e-05
33,30,-1.5352466001e-05
33,31,-1.2678472834e-04
33,32,1.1305401167e-05
33,33,3.1888283211e-03
33,34,-1.1728475672e-03
33,35,3.2754323263e-05
33,90,3.0641231124e-04
33,91,-9.6733021538e-05
33,92,-8.5138970635e-05
33,93,5.0495494844e-04
33,94,-1.6836982123e-04
33,95,5.8809076199e-04
33,300,-1.3121121151e-04
33,301,1.7521031139e-04
33,302,-1.2543121412e-04
33,303,8.2906683203e-05
33,304,-9.6698735087e-05
33,305,6.5080694624e-05
33,318,1.1069792098e-04
33,319,-1.6153786702e-04
33,320,1.4373015373e-04
33,321,4.0858297516e-05
33,322,-5.1924139485e-05
33,323,-8.8432193669e-05
33,450,-2.7733162602e-04
33,451,1.5069033608e-04
33,452,7.3878149041e-05
33,453,4.6687872210e-04
33,454,-2.5658621284e-04
33,455,-5.6860444418e-04
34,30,-1.2678472834e-04
34,31,-5.4995358479e-06
34,32,-7.8933198491e-05
34,33,-1.1728475672e-03
34,34,2.8901579673e-03
34,35,-2.5376617412e-04
34,90,-1.3173869372e-04
34,91,2.2488514364e-04
34,92,-9.7417093671e-05
34,93,-2.2530667114e-04
34,94,3.7722919834e-04
34,95,-2.8309348292e-04
34,300,-1.2151125206e-04
34,301,1.5209146350e-04
34,302,-8.7514870395e-05
34,303,9.1695434861e-05
34,304,-1.0078711523e-04
34,305,3.5471920707e-05
34,318,1.2201405686e-04
34,319,-1.7397313090e-04
34,320,1.4556405417e-04
34,321,5.3697746607e-05
34,322,-6.7503613048e-05
34,323,-8.8250365085e-05
34,450,1.6389867663e-04
34,451,-2.1313599152e-04
34,452,1.0812256521e-04
34,453,-2.7869702394e-04
34,454,3.6205424657e-04
34,455,3.4649770309e-04
35,30,3.6573174238e-04
35,31,-5.2679912233e-04
35,32,-5.8707244210e-04
35,33,3.2754323263e-05
35,34,-2.5376617412e-04
35,35,3.6939320655e-03
35,90,-3.5509357328e-04
35,91,9.7584877442e-05
35,92,1.0934587487e-04
35,93,-5.8431993116e-04
35,94,1.7090639160e-04
35,95,-6.7834490598e-04
35,300,-1.2184948309e-06
35,301,4.7269145911e-05
35,302,-1.2291915725e-04
35,303,-6.6788424498e-05
35,304,4.1260997404e-05
35,305,1.2783336420e-04
35,318,6.7868752324e-06
35,319,2.0076410277e-05
35,320,-8.1372463409e-05
35,321,6.7278084156e-05
35,322,-7.1888118437e-05
35,323,8.3644794184e-05
35,450,-3.3806054538e-04
35,451,1.7933217531e-04
35,452,9.5390150746e-05
35,453,5.6881724285e-04
35,454,-3.0527724349e-04
35,455,-6.9198865483e-04
36,36,2.5068302861e-03
36,37,-3.7275174037e-04
36,38,-2.0554275192e-04
36,39,-1.9389559054e-06
36,40,1.8318840194e-04
36,41,-4.4572437404e-04
36,42,-2.1131677376e-04
36,43,2.2157399734e-04
36,44,-5.8148186556e-05
36,45,-1.0200245031e-04
36,46,5.3616260199e-05
36,47,7.9010749152e-05
36,168,-1.5007411498e-04
36,169,-4.8163312370e-05
36,170,1.0410402697e-04
36,171,-2.1758315612e-04
36,172,-5.7865449193e-05
36,173,-1.8868543215e-04
36,270,-1.3049757435e-04
36,271,1.3136211439e-04
36,272,-2.6393949971e-05
36,273,1.4268573742e-04
36,274,-1.2437893555e-04
36,275,-4.7341279699e-05
36,294,-1.7551627838e-04
36,295,-2.8871554066e-04
36,296,-3.3493778195e-04
36,297,-5.9139879378e-07
36,298,2.8900222930e-06
36,299,1.3014947672e-04
36,438,-1.6055216988e-04
36,439,-8.8297195008e-05
36,440,6.8469071811e-05
36,441,1.9751781091e-04
36,442,8.3573025359e-05
36,443,-1.0588235481e-04
37,36,-3.7275174037e-04
37,37,2.3506991007e-03
37,38,-7.4274541906e-04
37,39,1.8318840194e-04
37,40,7.9640479770e-05
37,41,1.1398341117e-04
37,42,-2.2953734410e-04
37,43,2.1124217692e-04
37,44,5.8589691759e-06
37,45,-1.6112808850e-04
37,46,9.6802471905e-05
37,47,3.1499771304e-05
37,168,8.3863222654e-05
37,169,-2.0553795262e-05
37,170,-9.2238728179e-05
37,171,1.3523271916e-04
37,172,-3.2106260389e-05
37,173,1.4967392286e-04
37,270,-1.3260748964e-04
37,271,1.1183684441e-04
37,272,2.1910149171e-05
37,273,1.6392627543e-04
37,274,-1.2177674444e-04
37,275,-9.4396415046e-05
37,294,2.8936069157e-04
37,295,4.7566507190e-04
37,296,5.5101055565e-04
37,297,4.6677928803e-06
37,298,1.3086769063e-06
37,299,-2.1453998968e-04
37,438,1.1104410858e-04
37,439,7.2816111527e-06
37,440,-1.1350188825e-04
37,441,-1.6309224169e-04
37,442,-6.1931006251e-06
37,443,1.4607823400e-04
38,36,-2.0554275192e-04
38,37,-7.4274541906e-04
38,38,2.6686141919e-03
38,39,9.1010406481e-05
38,40,1.9947449151e-04
38,41,-7.9528034873e-04
38,42,-7.3438570860e-05
38,43,5.5020114552e-06
38,44,1.4331040691e-04
38,45,-1.5769386939e-04
38,46,1.0600668261e-04
38,47,-1.1644894161e-04
38,168,5.4718520158e-05
38,169,7.6874173989e-05
38,170,-1.0411125498e-05
38,171,6.2283689494e-05
38,172,1.0547482011e-04
38,173,1.2289143500e-05
38,270,-2.8571247243e-05
38,271,-2.0432278198e-05
38,272,1.0134361368e-04
38,273,7.4259837687e-05
38,274,-1.3938624445e-05
38,275,-1.1827536949e-04
38,294,-3.3729764050e-04
38,295,-5.5365880006e-04
38,296,-6.3931546630e-04
38,297,-1.4749631613e-05
38,298,-1.6826284687e-05
38,299,2.4993417694e-04
38,438,2.9953931474e-05
38,439,9.9659812079e-05
38,440,7.1492832401e-05
38,441,4.1035029305e-06
38,442,-1.0333312880e-04
38,443,-9.7256847242e-05
39,36,-1.9389559054e-06
39,37,1.8318840194e-04
39,38,9.1010406481e-05
39,39,2.1315795396e-03
39,40,-2.7429769401e-04
39,41,-1.4161550523e-04
39,42,1.2463039244e-04
39,43,-1.8368836083e-04
39,44,1.5857707969e-04
39,45,-3.0838457743e-05
39,46,3.8206088751e-05
39,47,-1.4481720521e-04
39,168,2.1773270696e-04
39,169,8.1767329781e-05
39,170,-1.4250513428e-04
39,171,3.1219018096e-04
39,172,1.0007255400e-04
39,173,2.6244411422e-04
39,270,-1.4593851828e-04
39,271,1.6534250624e-04
39,272,-7.1015706429e-05
39,273,1.4333243459e-04
39,274,-1.4291005976e-04
39,275,-1.3245167741e-05
39,294,2.5726506716e-05
39,295,4.6392114770e-05
39,296,6.4076182342e-05
39,297,-6.2357426185e-05
39,298,-1.0312734549e-04
39,299,-1.9547292549e-05
39,438,-2.0947354159e-04
39,439,-1.3648943586e-04
39,440,6.3154325033e-05
39,441,2.4713218524e-04
39,442,1.2941251909e-04
39,443,-1.0906341351e-04
40,36,1.8318840194e-04
40,37,7.9640479770e-05
40,38,1.9947449151e-04
40,39,-2.7429769401e-04
40,40,1.3225847638e-03
40,41,5.2557117374e-05
40,42,8.5224837059e-05
40,43,-1.2957816826e-04
40,44,1.1111657936e-04
40,45,-2.8022248081e-05
40,46,2.1351373432e-05
40,47,-1.2588514159e-04
40,168,-1.0803978886e-04
40,169,2.7550755907e-05
40,170,1.2295669578e-04
40,171,-1.7448702320e-04
40,172,4.1946519418e-05
40,173,-1.9340171473e-04
40,270,-1.3004077246e-04
40,271,1.2542577388e-04
40,272,-1.1237330605e-05
40,273,1.4686020631e-04
40,274,-1.2480570647e-04
40,275,-5.6492535167e-05
40,294,-3.8504564140e-05
40,295,-7.0006529008e-05
40,296,-9.7996370077e-05
40,297,1.0227597289e-04
40,298,1.6896776977e-04
40,299,3.0497038745e-05
40,438,1.2227714295e-04
40,439,1.1792515987e-05
40,440,-1.2671240461e-04
40,441,-1.7766839379e-04
40,442,-1.3234596597e-05
40,443,1.5399452180e-04
41,36,-4.4572437404e-04
41,37,1.1398341117e-04
41,38,-7.9528034873e-04
41,39,-1.4161550523e-04
41,40,5.2557117374e-05
41,41,2.1357902907e-03
41,42,5.2869508778e-05
41,43,1.4470491496e-05
41,44,-1.6262334946e-04
41,45,1.4552672233e-04
41,46,-1.2590491333e-04
41,47,7.0556230566e-05
41,168,-1.8914379926e-04
41,169,-9.9275461757e-05
41,170,1.0258706796e-04
41,171,-2.6291288428e-04
41,172,-1.2496887681e-04
41,173,-2.0120085632e-04
41,270,-5.3944688207e-05
41,271,1.0040579501e-04
41,272,-1.1727321127e-04
41,273,1.8380381004e-05
41,274,-5.8898302026e-05
41,275,7.7670800733e-05
41,294,1.1825929094e-04
41,295,1.9319561653e-04
41,296,2.2066951652e-04
41,297,2.0864799827e-05
41,298,3.3008688335e-05
41,299,-1.0975403601e-04
41,438,-1.3599993946e-04
41,439,-1.3689780583e-04
41,440,-2.1184391754e-05
41,441,1.3647093938e-04
41,442,1.2896707013e-04
41,443,-5.5472375952e-06
42,36,-2.1131677376e-04
42,37,-2.2953734410e-04
42,38,-7.3438570860e-05
42,39,1.2463039244e-04
42,40,8.5224837059e-05
42,41,5.2869508778e-05
42,42,2.7679512347e-03
42,43,8.2362386484e-04
42,44,3.3691017703e-04
42,45,-2.2700893720e-04
42,46,2.9012556403e-04
42,47,2.9460559916e-04
42,168,-7.3231116687e-05
42,169,-1.0734364177e-04
42,170,-9.5687233792e-05
42,171,-5.3752241790e-05
42,172,-7.5981429403e-05
42,173,3.1935819859e-05
42,270,-1.3726939663e-04
42,271,-9.7236767267e-05
42,272,2.2986175706e-05
42,273,2.2752724627e-04
42,274,1.5870976467e-04
42,275,-2.6824146641e-04
42,366,-1.9188437734e-04
42,367,-8.2829190411e-05
42,368,5.3881385570e-05
42,369,-3.1229426083e-04
42,370,-1.2789564942e-04
42,371,-3.5411706515e-04
43,36,2.2157399734e-04
43,37,2.1124217692e-04
43,38,5.5020114552e-06
43,39,-1.8368836083e-04
43,40,-1.2957816826e-04
43,41,1.4470491496e-05
43,42,8.2362386484e-04
43,43,3.1038264363e-03
43,44,1.4689576227e-03
43,45,2.9012556403e-04
43,46,-3.9862022575e-04
43,47,5.8441009274e-04
43,168,1.0324528908e-04
43,169,1.4949806837e-04
43,170,1.2886983710e-04
43,171,7.9146254592e-05
43,172,1.1070095433e-04
43,173,-3.9505087516e-05
43,270,-9.1357177965e-05
43,271,-1.1467051395e-04
43,272,-6.3830356083e-05
43,273,1.4886279135e-04
43,274,1.8661407467e-04
43,275,-1.6902089927e-04
43,366,-5.7762124832e-05
43,367,-1.4395939760e-04
43,368,-9.8666950062e-05
43,369,-8.6400984378e-05
43,370,-2.2893178876e-04
43,371,-7.8912794855e-05
44,36,-5.8148186556e-05
44,37,5.8589691759e-06
44,38,1.4331040691e-04
44,39,1.5857707969e-04
44,40,1.1111657936e-04
44,41,-1.6262334946e-04
44,42,3.3691017703e-04
44,43,1.4689576227e-03
44,44,3.6335580451e-03
44,45,-1.8849716653e-04
44,46,2.6377405001e-04
44,47,-1.9499995157e-04
44,168,-8.3274155637e-05
44,169,-1.1625970391e-04
44,170,-8.9826717118e-05
44,171,-7.1726092673e-05
44,172,-9.7602296515e-05
44,173,1.8763845475e-05
44,270,2.7160376774e-05
44,271,-5.5104308862e-05
44,272,-1.4048578299e-04
44,273,-4.8834468000e-05
44,274,8.8288539212e-05
