0,0,6.3197911998e-03
0,1,-8.7241133272e-04
0,2,7.1584276143e-04
0,3,1.6036200331e-04
0,4,-4.1349834298e-04
0,5,5.5524188295e-04
0,102,-3.0698846057e-04
0,103,-3.8149500885e-04
0,104,-2.1260528393e-04
0,105,4.3982293187e-04
0,106,5.3271553909e-04
0,107,-3.7038836082e-04
0,132,-7.1563301272e-04
0,133,-1.1602160795e-03
0,134,-1.3047271925e-03
0,135,-1.1157713967e-04
0,136,-1.5805035266e-04
0,137,4.7927686506e-04
0,144,-7.2054429908e-04
0,145,-1.7792393897e-04
0,146,4.9314566195e-04
0,147,-1.0448007232e-03
0,148,-1.9527037446e-04
0,149,-9.0656599117e-04
0,234,-6.3041440252e-04
0,235,4.0875306294e-04
0,236,1.5759823518e-04
0,237,9.4678663214e-04
0,238,-5.6817077046e-04
0,239,-8.9504627616e-04
0,324,-5.1504087239e-04
0,325,6.0137094753e-04
0,326,-2.6642181131e-04
0,327,-4.8234570197e-04
0,328,4.8972692103e-04
0,329,-4.6259421494e-05
0,384,-5.1163088443e-04
0,385,6.8444015616e-04
0,386,-4.7779107641e-04
0,387,3.5601871351e-04
0,388,-4.2556915042e-04
0,389,1.7381737577e-04
1,0,-8.7241133272e-04
1,1,7.0717373848e-03
1,2,-1.8361040198e-03
1,3,-4.1349834298e-04
1,4,3.8789167947e-04
1,5,-4.2437581678e-04
1,102,3.9272572303e-04
1,103,4.6659005464e-04
1,104,2.1237434513e-04
1,105,-5.7534940511e-04
1,106,-6.6653119431e-04
1,107,5.1448564655e-04
1,132,1.1621990540e-03
1,133,1.8820228442e-03
1,134,2.1109584367e-03
1,135,2.0343448519e-04
1,136,2.9237721959e-04
1,137,-7.7060243239e-04
1,144,3.3429370024e-04
1,145,-1.7623641089e-04
1,146,-3.7168098589e-04
1,147,5.5351495441e-04
1,148,-2.6766107102e-04
1,149,6.4361508800e-04
1,234,-6.6728232557e-05
1,235,-1.6571032214e-04
1,236,3.1966337513e-04
1,237,1.4267858979e-04
1,238,2.2617847261e-04
1,239,-2.3733725486e-04
1,324,-5.9628051433e-04
1,325,6.4384058448e-04
1,326,-1.7166283703e-04
1,327,-6.3291949852e-04
1,328,6.0488476332e-04
1,329,-2.0954571167e-04
1,384,-7.0727028874e-04
1,385,9.2499406850e-04
1,386,-5.9716828094e-04
1,387,5.3695513014e-04
1,388,-6.3350122908e-04
1,389,1.7057540972e-04
2,0,7.1584276143e-04
2,1,-1.8361040198e-03
2,2,7.5959209715e-03
2,3,2.5047855713e-04
2,4,-4.1372640295e-04
2,5,-2.9765812265e-03
2,102,-2.4056072552e-04
2,103,-2.3758215411e-04
2,104,2.4072683001e-06
2,105,3.8095211256e-04
2,106,3.7384395214e-04
2,107,-4.0704435527e-04
2,132,-1.3118324453e-03
2,133,-2.1188492780e-03
2,134,-2.3628357138e-03
2,135,-2.8526362577e-04
2,136,-4.1929134626e-04
2,137,8.4973217921e-04
2,144,3.1436366741e-04
2,145,3.4609183972e-04
2,146,-1.5987588551e-04
2,147,3.8447567586e-04
2,148,4.7892183351e-04
2,149,1.5761464727e-04
2,234,4.7941258119e-04
2,235,-3.6030666023e-04
2,236,-1.1742222665e-04
2,237,-7.0995500485e-04
2,238,5.1241404129e-04
2,239,6.4405854810e-04
2,324,-2.5520845748e-04
2,325,1.6236077802e-04
2,326,2.1672392761e-04
2,327,-4.3184340118e-04
2,328,3.3400492381e-04
2,329,-4.3744884881e-04
2,384,-5.4164488170e-04
2,385,6.5915877224e-04
2,386,-3.1095676336e-04
2,387,5.1538376379e-04
2,388,-5.8856514379e-04
2,389,-3.5353506437e-05
3,0,1.6036200331e-04
3,1,-4.1349834298e-04
3,2,2.5047855713e-04
3,3,6.9262185817e-03
3,4,-1.2652786890e-03
3,5,3.3795031578e-04
3,102,-4.2956815422e-04
3,103,-5.4907147479e-04
3,104,-3.3986208181e-04
3,105,6.0622193497e-04
3,106,7.5580958759e-04
3,107,-4.8873931195e-04
3,132,3.4285702037e-05
3,133,8.0284785384e-05
3,134,1.5204807231e-04
3,135,-2.8664877445e-04
3,136,-4.6197127059e-04
3,137,-1.2476117603e-04
3,144,1.0431825884e-03
3,145,3.2070052684e-04
3,146,-6.7911718883e-04
3,147,1.4955759975e-03
3,148,3.6999997736e-04
3,149,1.2571895880e-03
3,234,-9.5429128004e-04
3,235,6.6199899507e-04
3,236,1.7586240599e-04
3,237,1.4241535272e-03
3,238,-9.1915391621e-04
3,239,-1.3244859828e-03
3,324,5.0698599471e-04
3,325,-6.6077265288e-04
3,326,4.4189597183e-04
3,327,3.7621102295e-04
3,328,-4.3138651896e-04
3,329,-1.6092890540e-04
3,384,-2.6959213152e-04
3,385,4.1122428458e-04
3,386,-4.0304067762e-04
3,387,7.8981229555e-05
3,388,-1.1413407523e-04
3,389,2.6059072844e-04
4,0,-4.1349834298e-04
4,1,3.8789167947e-04
4,2,-4.1372640295e-04
4,3,-1.2652786890e-03
4,4,5.2359832711e-03
4,5,-8.4045594061e-04
4,102,5.3529236981e-04
4,103,6.5469524456e-04
4,104,3.4054828272e-04
4,105,-7.7287347070e-04
4,106,-9.2173804379e-04
4,107,6.6458226502e-04
4,132,-3.1554761166e-05
4,133,-9.1164347305e-05
4,134,-2.0247773977e-04
4,135,4.6821853184e-04
4,136,7.5312978476e-04
4,137,1.9418738482e-04
4,144,-4.1452371094e-04
4,145,2.4302281319e-04
4,146,4.9465278240e-04
4,147,-6.9273396112e-04
4,148,3.6092924544e-04
4,149,-8.1726372592e-04
4,234,-6.0647847920e-05
4,235,-2.7243740605e-04
4,236,4.7996572050e-04
4,237,1.5440270180e-04
4,238,3.7009504682e-04
4,239,-2.9817555972e-04
4,324,5.1669566363e-04
4,325,-6.3139071792e-04
4,326,3.3432627095e-04
4,327,4.4307588975e-04
4,328,-4.7793005075e-04
4,329,-5.1820194333e-05
4,384,-3.2766818248e-04
4,385,4.9709902085e-04
4,386,-4.7984930128e-04
4,387,1.0146636093e-04
4,388,-1.4773874901e-04
4,389,3.1670374147e-04
5,0,5.5524188295e-04
5,1,-4.2437581678e-04
5,2,-2.9765812265e-03
5,3,3.3795031578e-04
5,4,-8.4045594061e-04
5,5,6.8901717548e-03
5,102,-3.4006307245e-04
5,103,-4.7029899673e-04
5,104,-3.6880236248e-04
5,105,4.5835325426e-04
5,106,6.2217345537e-04
5,107,-3.1812570990e-04
5,132,4.4464115133e-04
5,133,7.1822608103e-04
5,134,8.0021839146e-04
5,135,1.0060685742e-04
5,136,1.5750414623e-04
5,137,-4.0602350655e-04
5,144,-9.0161710721e-04
5,145,-4.2693269608e-04
5,146,4.9876008238e-04
5,147,-1.2521350753e-03
5,148,-5.2556778600e-04
5,149,-9.5571809325e-04
5,234,-9.1933040833e-04
5,235,7.4246896652e-04
5,236,1.4633474783e-05
5,237,1.3500618808e-03
5,238,-1.0279657776e-03
5,239,-1.2024734440e-03
5,324,-8.5522506296e-05
5,325,2.5130426970e-04
5,326,-4.4877987153e-04
5,327,1.3691815184e-04
5,328,-4.2009697299e-05
5,329,4.2784512253e-04
5,384,2.9170038263e-04
5,385,-3.3063832227e-04
5,386,8.9195248787e-05
5,387,-3.3095512340e-04
5,388,3.8195300635e-04
5,389,7.6947554054e-05
6,6,6.3062156555e-03
6,7,-1.4721657338e-04
6,8,1.3126912671e-03
6,9,-5.8535469201e-05
6,10,3.9315099216e-05
6,11,-5.4135448187e-04
6,198,-4.5619812074e-04
6,199,7.7514573211e-04
6,200,-9.6228511312e-04
6,201,-2.7358915541e-05
6,202,4.5266809862e-05
6,203,4.2446868211e-04
6,222,-6.3925252946e-04
6,223,5.3751773695e-04
6,224,2.4899102021e-05
6,225,7.1753240132e-04
6,226,-4.9227301739e-04
6,227,-2.6887446731e-04
6,246,-6.0566390563e-04
6,247,-5.4212068510e-04
6,248,-1.1718176373e-05
6,249,6.9391780020e-04
6,250,5.2861664927e-04
6,251,-2.8434738698e-04
6,258,-6.2092476296e-04
6,259,5.6361964421e-04
6,260,-3.0765031716e-05
6,261,-7.4295976264e-04
6,262,5.8675767909e-04
6,263,-3.6208647667e-04
6,264,-6.1079787774e-04
6,265,-4.2763360379e-04
6,266,1.5182714595e-04
6,267,-7.8141027400e-04
6,268,-4.6437771412e-04
6,269,-4.7803273760e-04
6,462,-5.1570386123e-04
6,463,-8.7789378208e-04
6,464,-1.0940450560e-03
6,465,5.5818902370e-05
6,466,9.3753053202e-05
6,467,4.3831332338e-04
7,6,-1.4721657338e-04
7,7,7.5988824825e-03
7,8,-2.8043443357e-04
7,9,3.9315099216e-05
7,10,-1.2115773916e-04
7,11,-1.0845966326e-04
7,198,-7.7515768057e-04
7,199,1.3168730194e-03
7,200,-1.6341989415e-03
7,201,-4.7700863578e-05
7,202,7.8963828462e-05
7,203,7.2108128201e-04
7,222,-5.3084579365e-04
7,223,2.7926611212e-04
7,224,3.3485609434e-04
7,225,7.0796055165e-04
7,226,-3.1549732753e-04
7,227,-5.0465559275e-04
7,246,5.2707015808e-04
7,247,3.3635677103e-04
7,248,-2.6083498748e-04
7,249,-6.9921577473e-04
7,250,-3.9021139316e-04
7,251,4.9170539555e-04
7,258,-5.3311584792e-04
7,259,3.4254894933e-04
7,260,2.6051763549e-04
7,261,-7.2810747414e-04
7,262,4.1651730609e-04
7,263,-5.5224979167e-04
7,264,5.1343818420e-04
7,265,1.9272303760e-04
7,266,-3.8867371521e-04
7,267,7.3513078715e-04
7,268,2.3183363460e-04
7,269,6.2575147967e-04
7,462,8.7736769644e-04
7,463,1.4933165287e-03
7,464,1.8603555512e-03
7,465,-9.6272357432e-05
7,466,-1.6170146733e-04
7,467,-7.4538659635e-04
8,6,1.3126912671e-03
8,7,-2.8043443357e-04
8,8,9.7030267550e-03
8,9,-6.8753287650e-05
8,10,1.8158414425e-04
8,11,-4.0060324353e-03
8,198,-9.6233085051e-04
8,199,1.6342514468e-03
8,200,-2.0264947977e-03
8,201,-6.2322784254e-05
8,202,1.0326709935e-04
8,203,8.9477748493e-04
8,222,3.3019441095e-05
8,223,-3.3804427564e-04
8,224,5.3836747075e-04
8,225,1.7110712369e-04
8,226,2.2485200573e-04
8,227,-5.2817854126e-04
8,246,8.0482899926e-06
8,247,2.7071207555e-04
8,248,4.9723841119e-04
8,249,1.7630626647e-04
8,250,-1.6191727737e-04
8,251,-4.8646457596e-04
8,258,1.9541882693e-05
8,259,-2.8914140045e-04
8,260,5.1960137418e-04
8,261,-1.4981280017e-04
8,262,-2.0435634134e-04
8,263,-4.6504730161e-04
8,264,2.3605178239e-05
8,265,3.2995268685e-04
8,266,4.3923570177e-04
8,267,-1.1692894521e-04
8,268,3.3500598830e-04
8,269,-4.1239496583e-04
8,462,-1.0920267202e-03
8,463,-1.8580359546e-03
8,464,-2.3130536746e-03
8,465,1.2317332379e-04
8,466,2.0689018053e-04
8,467,9.2694148999e-04
9,6,-5.8535469201e-05
9,7,3.9315099216e-05
9,8,-6.8753287650e-05
9,9,5.9187028423e-03
9,10,-2.4654218303e-04
9,11,-7.0367847931e-05
9,198,1.7741147359e-06
9,199,-4.2398270014e-06
9,200,8.3977137831e-06
9,201,-7.5469600911e-05
9,202,1.2816488496e-04
9,203,-1.1785500578e-05
9,222,-7.6856594240e-04
9,223,7.4255143684e-04
9,224,-1.5112529406e-04
9,225,7.9771007220e-04
9,226,-6.4531171118e-04
9,227,-1.6018784053e-04
9,246,-7.4662442207e-04
9,247,-7.4686156719e-04
9,248,-1.7169706974e-04
9,249,7.9975686349e-04
9,250,6.9183793910e-04
9,251,-2.0791991844e-04
9,258,7.4941017984e-04
9,259,-7.6597278714e-04
9,260,2.1112599093e-04
9,261,8.4167956265e-04
9,262,-7.6080350877e-04
9,263,2.8980408663e-04
9,264,7.7567666959e-04
9,265,6.2727756637e-04
9,266,-6.0983531076e-05
9,267,9.5254053750e-04
9,268,6.6959128519e-04
9,269,4.9320245947e-04
9,462,1.9689497599e-05
9,463,3.2291500899e-05
9,464,3.7102453172e-05
9,465,-1.1623266117e-04
9,466,-1.9768418560e-04
9,467,1.0881039529e-05
10,6,3.9315099216e-05
10,7,-1.2115773916e-04
10,8,1.8158414425e-04
10,9,-2.4654218303e-04
10,10,3.9387466511e-03
10,11,-3.8621458325e-05
10,198,1.7846152374e-06
10,199,-5.1133820688e-06
10,200,1.1669604552e-05
10,201,-1.2830464425e-04
10,202,2.1785035483e-04
10,203,-1.9059754342e-05
10,222,-5.4057813794e-04
10,223,3.3361439376e-04
10,224,2.7093048151e-04
10,225,6.8760629084e-04
10,226,-3.6206406697e-04
10,227,-4.2001977491e-04
10,246,5.6833801966e-04
10,247,4.1015022196e-04
10,248,-2.0196896650e-04
10,249,-7.2024471952e-04
10,250,-4.5488638751e-04
10,251,4.3595857613e-04
10,258,5.5475164794e-04
10,259,-4.0653602552e-04
10,260,-1.8687423242e-04
10,261,7.2542245904e-04
10,262,-4.7408566547e-04
10,263,4.8124741898e-04
10,264,-5.7193624746e-04
10,265,-2.5945099780e-04
10,266,3.8340563359e-04
10,267,-7.9763636291e-04
10,268,-3.0931712911e-04
10,269,-6.3166782272e-04
10,462,-3.4770684685e-05
10,463,-5.7095210600e-05
10,464,-6.5788441401e-05
10,465,1.9793449045e-04
10,466,3.3658211355e-04
10,467,-1.7700198424e-05
11,6,-5.4135448187e-04
11,7,-1.0845966326e-04
11,8,-4.0060324353e-03
11,9,-7.0367847931e-05
11,10,-3.8621458325e-05
11,11,5.6401534721e-03
11,198,4.2477948561e-04
11,199,-7.2175033206e-04
11,200,8.9596822105e-04
11,201,2.6131890137e-05
11,202,-4.3446246562e-05
11,203,-4.0766744628e-04
11,222,-3.8117301431e-04
11,223,5.7939974551e-04
11,224,-4.8636751479e-04
11,225,2.5317571086e-04
11,226,-4.2846146316e-04
11,227,2.7144898133e-04
11,246,-4.0454554740e-04
11,247,-5.7867402495e-04
11,248,-4.5143473195e-04
11,249,3.1005786975e-04
11,250,4.5738763393e-04
11,251,1.9801714778e-04
11,258,-3.7702251977e-04
11,259,5.7357721132e-04
11,260,-5.0003703078e-04
11,261,-3.0263620257e-04
11,262,4.9149602883e-04
11,263,1.7252133835e-04
11,264,-4.6350315061e-04
11,265,-5.6362997586e-04
11,266,-2.7069353332e-04
11,267,-4.7993705979e-04
11,268,-5.7422948540e-04
11,269,-4.2007756798e-05
11,462,4.5198373699e-04
11,463,7.6952634144e-04
11,464,9.5926099350e-04
11,465,-3.9180786544e-05
11,466,-6.5839765951e-05
11,467,-4.1175859200e-04
12,12,6.3171360753e-03
12,13,-5.5288828246e-05
12,14,-5.8752563325e-04
12,15,-6.0550702128e-04
12,16,-3.4074164775e-04
12,17,4.3657822721e-04
12,126,-7.2822771199e-04
12,127,-8.5133153888e-04
12,128,-3.7977689074e-04
12,129,4.8386047421e-04
12,130,4.2506204657e-04
12,131,1.5195700682e-04
12,138,-5.9990539508e-04
12,139,1.1746922858e-04
12,140,4.7383759868e-04
12,141,-9.4229777729e-04
12,142,1.5998243329e-04
12,143,-9.8817671340e-04
12,150,-6.5794236449e-04
12,151,-7.9977402160e-04
12,152,-4.1296342106e-04
12,153,-5.4399042539e-04
12,154,-5.6427121831e-04
12,155,4.2948625242e-05
12,210,-8.5724293009e-04
12,211,8.1322100488e-04
12,212,-9.2359169252e-05
12,213,6.1887417519e-04
12,214,-3.6758913374e-04
12,215,1.3989629482e-04
12,348,-4.2089881655e-04
12,349,6.0932795732e-04
12,350,-5.2665130298e-04
12,351,-2.5234444301e-04
12,352,3.4275307100e-04
12,353,2.4467918457e-04
12,360,-2.4599369575e-04
12,361,5.2456078917e-05
12,362,2.4473079026e-04
12,363,4.1971724874e-04
12,364,-8.9297582323e-05
12,365,-5.2551441281e-04
13,12,-5.5288828246e-05
13,13,5.8907076795e-03
13,14,1.6336541441e-04
13,15,-3.4074164775e-04
13,16,-1.2900703466e-03
13,17,-1.0512099093e-04
13,126,8.2293362685e-04
13,127,8.8398739141e-04
13,128,2.2510746932e-04
13,129,-6.9685196235e-04
13,130,-6.0390505250e-04
13,131,5.1233499477e-05
13,138,-1.4359237932e-04
13,139,-1.3689379473e-04
13,140,1.8566726821e-04
13,141,-2.5191866615e-04
13,142,-2.1573318901e-04
13,143,-3.2915216179e-04
13,150,7.9061739905e-04
13,151,9.0415241980e-04
13,152,3.4158158012e-04
13,153,7.5307121343e-04
13,154,7.5181974714e-04
13,155,1.3212917091e-04
13,210,-8.5531728516e-04
13,211,6.5318236148e-04
13,212,2.4345999819e-04
13,213,8.2296640880e-04
13,214,-4.4747091270e-04
13,215,-1.9212449700e-04
13,348,-6.0623273318e-04
13,349,8.6726832109e-04
13,350,-7.2499503847e-04
13,351,-3.8648191420e-04
13,352,5.2079105153e-04
13,353,3.2155493489e-04
13,360,3.3102657351e-05
13,361,-2.2461172041e-05
13,362,-2.5588542103e-05
13,363,-5.6286129226e-05
13,364,3.8254744620e-05
13,365,6.9976859023e-05
14,12,-5.8752563325e-04
14,13,1.6336541441e-04
14,14,5.8185746670e-03
14,15,-7.5410858368e-04
14,16,-4.4202719538e-04
14,17,-3.4489679554e-03
14,126,-3.1842500752e-04
14,127,-1.7500024565e-04
14,128,3.4116194163e-04
14,129,5.9076385367e-04
14,130,4.8366332135e-04
14,131,-5.2776127840e-04
14,138,4.3345351072e-04
14,139,-1.7319329370e-04
14,140,-3.4908657776e-04
14,141,6.6672993351e-04
14,142,-2.5802920138e-04
14,143,6.6326541350e-04
14,150,-3.9158370069e-04
14,151,-3.2311078924e-04
14,152,1.6483304197e-04
14,153,-5.9080314605e-04
14,154,-5.2631985271e-04
14,155,-4.8309573279e-04
14,210,-1.6110380243e-04
14,211,-2.0015320831e-04
14,212,7.0211727045e-04
14,213,5.7474291214e-04
14,214,-2.1518762194e-04
14,215,-7.6291434104e-04
14,348,-5.1723330206e-04
14,349,7.1540395986e-04
14,350,-5.3936395243e-04
14,351,-3.8424734301e-04
14,352,5.0800450609e-04
14,353,2.0003350490e-04
14,360,2.5338249369e-04
14,361,-4.9397104596e-05
14,362,-2.5525590758e-04
14,363,-4.3238247656e-04
14,364,8.4095396097e-05
14,365,5.4152159262e-04
15,12,-6.0550702128e-04
15,13,-3.4074164775e-04
15,14,-7.5410858368e-04
15,15,6.8066265988e-03
15,16,-1.4979784872e-04
15,17,-5.0715914626e-04
15,126,-5.6290193935e-04
15,127,-7.8413462605e-04
15,128,-6.2312654000e-04
15,129,1.3056222378e-04
15,130,1.2772553710e-04
15,131,4.7916025372e-04
15,138,9.4975194154e-04
15,139,-2.0855675812e-04
15,140,-7.4027739906e-04
15,141,1.4879476239e-03
15,142,-2.8799255803e-04
15,143,1.5508485044e-03
15,150,6.1796226723e-04
15,151,8.3728834833e-04
15,152,6.2192940147e-04
15,153,3.5974427188e-04
15,154,4.1739736025e-04
15,155,-3.1986038390e-04
15,210,-6.2344871027e-04
15,211,8.0690226698e-04
15,212,-5.2422784355e-04
15,213,1.6945601492e-04
15,214,-1.5666696300e-04
15,215,5.5477124295e-04
15,348,3.5816202511e-04
15,349,-5.4142686622e-04
15,350,5.2235003347e-04
15,351,1.6283166222e-04
15,352,-2.3027142020e-04
15,353,-2.7778627120e-04
15,360,-4.1927411538e-04
15,361,8.9621087821e-05
15,362,4.1701936642e-04
15,363,7.1525965878e-04
15,364,-1.5254188605e-04
15,365,-8.9526510757e-04
16,12,-3.4074164775e-04
16,13,-1.2900703466e-03
16,14,-4.4202719538e-04
16,15,-1.4979784872e-04
16,16,3.5529765411e-03
16,17,-2.5394274582e-04
16,126,5.0105969742e-04
16,127,6.6789259971e-04
16,128,4.6387955026e-04
16,129,-1.7380564056e-04
16,130,-1.8186027110e-04
16,131,-3.8579672004e-04
16,138,2.0292722347e-04
16,139,2.1609939023e-04
16,140,-2.7784589268e-04
16,141,3.5957019704e-04
16,142,3.3887914270e-04
16,143,4.7747769584e-04
16,150,-6.5395027130e-04
16,151,-8.4495642262e-04
16,152,-5.3977490530e-04
16,153,-4.5235468849e-04
16,154,-5.0527312664e-04
16,155,2.2641387928e-04
16,210,-4.1982736808e-04
16,211,4.9818645754e-04
16,212,-2.2157565970e-04
16,213,1.7252376135e-04
16,214,-1.6967732416e-04
16,215,3.3942759255e-04
16,348,4.9223170374e-04
16,349,-7.3678867416e-04
16,350,6.9370238450e-04
16,351,2.3994870528e-04
16,352,-3.3650502733e-04
16,353,-3.6263061092e-04
16,360,5.6631267630e-05
16,361,-3.8356845835e-05
16,362,-4.3797426156e-05
16,363,-9.6279435362e-05
16,364,6.5317454212e-05
16,365,1.1966251744e-04
17,12,4.3657822721e-04
17,13,-1.0512099093e-04
17,14,-3.4489679554e-03
17,15,-5.0715914626e-04
17,16,-2.5394274582e-04
17,17,7.8796910128e-03
17,126,8.3367454835e-05
17,127,-1.2045087358e-04
17,128,-5.4792020827e-04
17,129,-4.7617906554e-04
17,130,-4.3346373097e-04
17,131,5.2631174564e-04
17,138,-1.0138571446e-03
17,139,2.7847073760e-04
17,140,7.6494904868e-04
17,141,-1.5788006389e-03
17,142,3.9311534392e-04
17,143,-1.6218820915e-03
17,150,-6.3586980993e-05
17,151,-2.5814590295e-04
17,152,-5.4270998594e-04
17,153,2.6495639833e-04
17,154,1.9960392786e-04
17,155,5.5641146259e-04
17,210,1.4331825139e-04
17,211,2.1444112332e-04
17,212,-7.8188733931e-04
17,213,-5.5984373905e-04
17,214,3.0449820730e-04
17,215,6.2137877236e-04
17,348,7.0625808128e-05
17,349,-5.8629748868e-05
17,350,-5.4046544080e-05
17,351,1.4109669054e-04
17,352,-1.7685106837e-04
17,353,8.4924744812e-05
17,360,-5.2380880611e-04
17,361,1.1251492592e-04
17,362,5.2072982810e-04
17,363,8.9330174939e-04
17,364,-1.9144927076e-04
17,365,-1.1173614594e-03
18,18,6.2157680138e-03
18,19,7.3169652351e-04
18,20,9.6646336423e-04
18,21,-1.3939892006e-04
18,22,-9.6510932959e-05
18,23,-4.3470198155e-04
18,216,-5.3281432367e-04
18,217,9.0522723932e-04
18,218,-1.1235118962e-03
18,219,5.2528771137e-05
18,220,-8.7492480919e-05
18,221,4.4355586068e-04
18,258,-5.4119824014e-04
18,259,5.0337628581e-04
18,260,-1.8853354772e-05
18,261,6.8524996883e-04
18,262,-5.7990414036e-04
18,263,-4.0574435094e-04
18,264,-7.7388648247e-04
18,265,-4.7036194203e-04
18,266,1.8816614149e-04
18,267,8.9262917517e-04
18,268,3.8055312528e-04
18,269,-3.7727482986e-04
18,282,-5.3178325436e-04
18,283,4.2189613033e-04
18,284,9.9578747288e-05
18,285,-7.1333970382e-04
18,286,5.1388644117e-04
18,287,-5.0307393087e-04
18,348,-3.9150878449e-04
18,349,-6.3763014279e-04
18,350,-7.2417342326e-04
18,351,-1.5115791516e-04
18,352,-2.3933540148e-04
18,353,3.1517394756e-04
18,468,-6.7386300255e-04
18,469,-5.2750226139e-04
18,470,6.9856595271e-05
18,471,-8.3954051839e-04
18,472,-5.5792661321e-04
18,473,-4.7118800836e-04
19,18,7.3169652351e-04
19,19,7.1870461410e-03
19,20,1.1994067478e-03
19,21,-9.6510932959e-05
19,22,-2.6759483078e-04
19,23,6.0048160071e-04
19,216,-9.0578421611e-04
19,217,1.5386220864e-03
19,218,-1.9089553654e-03
19,219,9.0989490255e-05
19,220,-1.5158328789e-04
19,221,7.5367216516e-04
19,258,-5.3930756901e-04
19,259,4.1208328570e-04
19,260,1.6742777354e-04
19,261,7.3983714008e-04
19,262,-5.1750916932e-04
19,263,-5.6565120944e-04
19,264,5.4452961269e-04
19,265,3.8344093261e-05
19,266,-5.3008602037e-04
19,267,-7.7602039159e-04
19,268,-2.0167914073e-05
19,269,6.4701899794e-04
19,282,-5.3985521558e-04
19,283,3.3036561635e-04
19,284,2.7482826421e-04
19,285,-7.7115663268e-04
19,286,4.2759404605e-04
19,287,-6.5165062151e-04
19,348,6.3470317478e-04
19,349,1.0325664764e-03
19,350,1.1698442064e-03
19,351,2.5235102958e-04
19,352,3.9944807123e-04
19,353,-5.0465083177e-04
19,468,4.1009771620e-04
19,469,1.2346479068e-04
19,470,-3.8832557518e-04
19,471,6.0948871203e-04
19,472,1.7056144689e-04
19,473,5.6133176515e-04
20,18,9.6646336423e-04
20,19,1.1994067478e-03
20,20,8.7064984990e-03
20,21,-1.4010300151e-04
20,22,-2.7052701910e-04
20,23,-3.5321239199e-03
20,216,-1.1256441911e-03
20,217,1.9114033271e-03
20,218,-2.3696746157e-03
20,219,1.1740066167e-04
20,220,-1.9565577775e-04
20,221,9.3565129600e-04
20,258,-9.5228345956e-05
20,259,-1.1093403661e-04
20,260,3.9677689526e-04
20,261,2.4754168843e-04
20,262,4.0903389296e-05
20,263,-4.3683011720e-04
20,264,1.3776314301e-04
20,265,5.4412562963e-04
20,266,4.8147568627e-04
20,267,7.3859643851e-05
20,268,-5.0730878754e-04
20,269,-5.6137557759e-04
20,282,-1.1725251607e-04
20,283,-1.2928981847e-04
20,284,3.9827897908e-04
20,285,-2.6394781393e-04
20,286,-1.0801509579e-04
20,287,-4.3498487751e-04
20,348,-7.1366483723e-04
20,349,-1.1581619756e-03
20,350,-1.3049396216e-03
20,351,-3.0199398525e-04
20,352,-4.7773206007e-04
20,353,5.5154407083e-04
20,468,2.5472830312e-04
20,469,4.6824847216e-04
20,470,3.8621401079e-04
20,471,1.8323137575e-04
20,472,4.6667434166e-04
20,473,-2.0990169105e-04
21,18,-1.3939892006e-04
21,19,-9.6510932959e-05
21,20,-1.4010300151e-04
21,21,5.9286715778e-03
21,22,1.2811210839e-03
21,23,-2.1828840070e-04
21,216,3.1615598666e-05
21,217,-5.1942199882e-05
21,218,5.9936977737e-05
21,219,-1.3593855033e-04
21,220,2.3067484658e-04
21,221,2.9610100203e-06
21,258,-6.7985101207e-04
21,259,6.9083874687e-04
21,260,-1.4534845651e-04
21,261,8.2329907200e-04
21,262,-7.6765295801e-04
21,263,-4.0349220084e-04
21,264,-8.6432172168e-04
21,265,-6.9727792285e-04
21,266,-2.3533069136e-05
21,267,9.0965811920e-04
21,268,5.7030407173e-04
21,269,-1.9624075165e-04
21,282,6.9923597512e-04
21,283,-6.1014592165e-04
21,284,-3.2658285979e-05
21,285,9.1114762147e-04
21,286,-7.2874016689e-04
21,287,5.8105093219e-04
21,348,4.5581595816e-05
21,349,8.1328069646e-05
21,350,1.1013751412e-04
21,351,-3.5806786175e-05
21,352,-5.6375994677e-05
21,353,-8.2800533433e-05
21,468,8.3235235935e-04
21,469,7.5280559499e-04
21,470,9.0917300681e-05
21,471,9.8618119294e-04
21,472,7.7549424047e-04
21,473,4.4043940762e-04
22,18,-9.6510932959e-05
22,19,-2.6759483078e-04
22,20,-2.7052701910e-04
22,21,1.2811210839e-03
22,22,4.0083662607e-03
22,23,-3.6439521565e-05
22,216,5.5467499037e-05
22,217,-9.1210067194e-05
22,218,1.0546392296e-04
22,219,-2.3136548528e-04
22,220,3.9253401227e-04
22,221,3.9991551812e-06
22,258,-6.1908813985e-04
22,259,5.2164309210e-04
22,260,9.9765342104e-05
22,261,8.1807038720e-04
22,262,-6.3151660949e-04
22,263,-5.5741242468e-04
22,264,4.5062392157e-04
22,265,6.8060827134e-05
22,266,-4.4740945360e-04
22,267,-6.2357593106e-04
22,268,-7.3640773870e-05
22,269,4.7246091289e-04
22,282,6.5950375381e-04
22,283,-4.5069006300e-04
22,284,-2.6128623643e-04
22,285,9.1922631370e-04
22,286,-5.7136396788e-04
22,287,7.2542666972e-04
22,348,-6.6244549423e-05
22,349,-1.1925204305e-04
22,350,-1.6388879391e-04
22,351,6.0153424820e-05
22,352,9.4612252360e-05
22,353,1.2822760542e-04
22,468,-4.0561664036e-04
22,469,-1.3510038849e-04
22,470,3.8787287619e-04
22,471,-5.9615910422e-04
22,472,-1.9155064526e-04
22,473,-5.2993710993e-04
23,18,-4.3470198155e-04
23,19,6.0048160071e-04
23,20,-3.5321239199e-03
23,21,-2.1828840070e-04
23,22,-3.6439521565e-05
23,23,5.6277377141e-03
23,216,4.4293646091e-04
23,217,-7.5276386423e-04
23,218,9.3487906628e-04
23,219,-2.6044965746e-05
23,220,4.3210276282e-05
23,221,-4.0572975720e-04
23,258,-3.9228336838e-04
23,259,5.2918670282e-04
23,260,-3.6170108945e-04
23,261,3.9133257434e-04
23,262,-5.2674688138e-04
23,263,1.6011852614e-06
23,264,-3.1734274687e-04
23,265,-6.2229700153e-04
23,266,-5.4455487110e-04
23,267,1.4805151588e-04
23,268,5.0147797509e-04
23,269,3.9761645292e-04
23,282,-4.6509113432e-04
23,283,5.3186591277e-04
23,284,-2.0759751158e-04
23,285,-5.4503265013e-04
23,286,6.0285668628e-04
23,287,-2.0484486064e-04
23,348,3.6957776907e-04
23,349,6.0006615200e-04
23,350,6.7675764403e-04
23,351,1.5659388563e-04
23,352,2.4872088075e-04
23,353,-2.9280204220e-04
23,468,-4.5369661268e-04
23,469,-6.3476680989e-04
23,470,-4.5755576239e-04
23,471,-4.2488565214e-04
23,472,-6.0725862468e-04
23,473,6.9918515564e-05
24,24,6.4670999251e-03
24,25,5.2210451778e-04
24,26,1.9688834833e-03
24,27,1.9762937298e-03
24,28,-6.6601206082e-04
24,29,2.1437423782e-03
24,84,-5.7014351484e-04
24,85,-9.3975586020e-04
24,86,-1.0948731996e-03
24,87,-4.0223848883e-04
24,88,-6.5095576730e-04
24,89,9.6855299591e-05
24,306,-7.4435528136e-04
24,307,1.2342709147e-03
24,308,-1.4563703594e-03
24,309,-3.2525598250e-04
24,310,5.2250119186e-04
24,311,2.0867519767e-04
24,336,-7.8307871921e-04
24,337,-5.0279455346e-04
24,338,1.7362719506e-04
24,339,-8.8472813142e-04
24,340,-4.0305152217e-04
24,341,-3.4141986302e-04
24,360,-3.5010248622e-04
24,361,2.4492166384e-04
24,362,1.6083051175e-04
24,363,-5.0647528940e-04
24,364,3.3715167000e-04
24,365,-4.3697799654e-04
25,24,5.2210451778e-04
25,25,8.3355944755e-03
25,26,7.6911328723e-04
25,27,-6.6601206082e-04
25,28,3.7836409162e-03
25,29,5.2954710056e-04
25,84,9.4179855145e-04
25,85,1.5513888821e-03
25,86,1.8050344953e-03
25,87,6.7593987804e-04
25,88,1.0935631746e-03
25,89,-1.4185404260e-04
25,306,-1.2364618564e-03
25,307,2.0492855034e-03
25,308,-2.4155385854e-03
25,309,-5.5642062881e-04
25,310,8.9425536570e-04
25,311,3.3087177239e-04
25,336,4.1231309500e-04
25,337,-3.9600477716e-05
25,338,-5.2836262551e-04
25,339,6.3019149810e-04
25,340,-2.6095893280e-05
25,341,5.9498185556e-04
25,360,-3.7694075228e-04
25,361,2.2889514747e-04
25,362,2.2760049862e-04
25,363,-5.6224267887e-04
25,364,3.2450183074e-04
25,365,-5.2527699279e-04
26,24,1.9688834833e-03
26,25,7.6911328723e-04
26,26,9.9876488424e-03
26,27,1.9888044389e-03
26,28,-4.7294696836e-04
26,29,-1.0744240595e-03
26,84,-1.1023681705e-03
26,85,-1.8134585074e-03
26,86,-2.1037899463e-03
26,87,-8.2019159970e-04
26,88,-1.3260813851e-03
26,89,1.2004506697e-04
26,306,-1.4644717824e-03
26,307,2.4246796227e-03
26,308,-2.8516505941e-03
26,309,-6.9984052317e-04
26,310,1.1257111947e-03
26,311,3.5165994005e-04
26,336,2.9349928423e-04
26,337,5.4676050490e-04
26,338,3.3101125537e-04
26,339,1.3809384085e-04
26,340,4.8873168447e-04
26,341,-3.9529995245e-04
26,360,-1.0092693477e-04
26,361,-1.3179997334e-05
26,362,1.7396001198e-04
26,363,-1.8679146562e-04
26,364,3.0141391967e-06
26,365,-2.5870897054e-04
27,24,1.9762937298e-03
27,25,-6.6601206082e-04
27,26,1.9888044389e-03
27,27,8.5232933537e-03
27,28,1.0083958593e-03
27,29,4.3992368909e-03
27,84,-3.6509459663e-04
27,85,-5.8897022884e-04
27,86,-6.5390419169e-04
27,87,-4.7055932572e-04
27,88,-7.5886392799e-04
27,89,-2.7397154222e-04
27,306,-2.4974785478e-04
27,307,3.9598308003e-04
27,308,-4.2137723820e-04
27,309,-5.5788505527e-04
27,310,9.1149636570e-04
27,311,-3.6845364275e-04
27,336,8.4071914998e-04
27,337,7.1993616128e-04
27,338,7.2209386728e-05
27,339,8.5212689999e-04
27,340,5.7348292839e-04
27,341,1.1965771429e-04
27,360,4.8153241359e-04
27,361,-3.5815137628e-04
27,362,-1.8791283166e-04
27,363,6.8601839772e-04
27,364,-4.8710065041e-04
27,365,5.6675995614e-04
28,24,-6.6601206082e-04
28,25,3.7836409162e-03
28,26,-4.7294696836e-04
28,27,1.0083958593e-03
28,28,9.4980065695e-03
28,29,-7.7234700171e-04
28,84,6.1538133295e-04
28,85,9.9255095699e-04
28,86,1.1015309311e-03
28,87,7.9333601609e-04
28,88,1.2789737585e-03
28,89,4.6592233156e-04
28,306,-4.3230971923e-04
28,307,6.8637870607e-04
28,308,-7.3290254445e-04
28,309,-9.3975015638e-04
28,310,1.5346685798e-03
28,311,-6.2112969920e-04
28,336,-2.6269294524e-04
28,337,6.3226884367e-05
28,338,4.5374860583e-04
28,339,-4.2178818209e-04
28,340,1.6188651040e-05
28,341,-4.1190023289e-04
28,360,4.9711231096e-04
28,361,-3.2281405051e-04
28,362,-2.6928353587e-04
28,363,7.3104425319e-04
28,364,-4.5178252088e-04
28,365,6.5847891961e-04
29,24,2.1437423782e-03
29,25,5.2954710056e-04
29,26,-1.0744240595e-03
29,27,4.3992368909e-03
29,28,-7.7234700171e-04
29,29,1.0393132741e-02
29,84,1.2213887153e-04
29,85,2.1965813788e-04
29,86,3.0185314085e-04
29,87,-2.1879729328e-04
29,88,-3.4601118957e-04
29,89,-5.8141433509e-04
29,306,1.9676450574e-04
29,307,-3.3988128663e-04
29,308,4.3500676863e-04
29,309,-2.5069948419e-04
29,310,4.0443415973e-04
29,311,-6.5466795646e-04
29,336,-2.5241584701e-04
29,337,-5.9449963325e-04
29,338,-6.0621627266e-04
29,339,-5.0567722134e-05
29,340,-4.4766201797e-04
29,341,4.7038708398e-04
29,360,-3.6346284320e-04
29,361,3.1972642477e-04
29,362,6.3299351741e-05
29,363,-4.9322732680e-04
29,364,4.2133102565e-04
29,365,-3.4859322095e-04
30,30,6.5283452694e-03
30,31,-1.6825672790e-03
30,32,1.6246787096e-03
30,33,-2.1603842079e-05
30,34,-3.1611778706e-04
30,35,2.1836505474e-03
30,90,-7.4546632197e-04
30,91,2.4936921135e-04
30,92,1.9663993156e-04
30,93,-1.2293250522e-03
30,94,4.3303521617e-04
30,95,-1.4338166829e-03
30,300,-5.9749513776e-04
30,301,6.9153377496e-04
30,302,-2.9602497888e-04
30,303,5.3489876036e-04
30,304,-5.2729360207e-04
30,305,-1.8664837079e-05
30,318,-5.3305959118e-04
30,319,7.0263311106e-04
30,320,-4.7035788822e-04
30,321,-3.5931172247e-04
30,322,4.1359579086e-04
30,323,1.8082143736e-04
30,450,-6.5867371877e-04
30,451,3.6195734058e-04
30,452,1.7047257533e-04
30,453,1.1091288327e-03
30,454,-6.1639197498e-04
30,455,-1.3514956911e-03
31,30,-1.6825672790e-03
31,31,8.1062391609e-03
31,32,-3.7913058529e-03
31,33,-3.1611778706e-04
31,34,-3.4020194713e-06
31,35,-1.7443054070e-03
31,90,3.3340182603e-04
31,91,-5.5770826442e-04
31,92,2.4579657354e-04
31,93,5.6978316598e-04
31,94,-9.3613655025e-04
31,95,7.1493582882e-04
31,300,-6.6741243468e-04
31,301,7.0586538633e-04
31,302,-1.5832425457e-04
31,303,6.9547391250e-04
31,304,-6.4278231699e-04
31,305,-2.1698791829e-04
31,318,-6.7313575882e-04
31,319,8.5555672082e-04
31,320,-5.0047922286e-04
31,321,-5.2154790522e-04
31,322,5.9028990179e-04
31,323,1.2612360144e-04
31,450,3.9316989819e-04
31,451,-5.1077635202e-04
31,452,2.6038710479e-04
31,453,-6.6865367082e-04
31,454,8.6783285935e-04
31,455,8.3158108290e-04
32,30,1.6246787096e-03
32,31,-3.7913058529e-03
32,32,9.6628903587e-03
32,33,2.1508217800e-05
32,34,-2.6330937833e-04
32,35,-2.0827405861e-03
32,90,2.0893604146e-04
32,91,3.7631407823e-04
32,92,-6.5592645710e-04
32,93,3.2456803847e-04
32,94,6.3182252606e-04
32,95,3.2764893285e-04
32,300,-2.4475211186e-04
32,301,1.1694314003e-04
32,302,3.0173822312e-04
32,303,4.6383971484e-04
32,304,-3.4054038318e-04
32,305,-5.1354154812e-04
32,318,-3.9404751713e-04
32,319,4.2984401047e-04
32,320,-8.5641125533e-05
32,321,-4.5709678671e-04
32,322,4.9412704729e-04
32,323,-1.6352674594e-04
32,450,1.5800783077e-04
32,451,3.0654363382e-04
32,452,-6.5613160793e-04
32,453,-2.5725470474e-04
32,454,-5.2200863319e-04
32,455,2.9096291731e-04
33,30,-2.1603842079e-05
33,31,-3.1611778706e-04
33,32,2.1508217800e-05
33,33,8.6058684647e-03
33,34,-3.2711538501e-03
33,35,8.1328325291e-05
33,90,1.2256492450e-03
33,91,-3.8693208615e-04
33,92,-3.4055588254e-04
33,93,2.0198197938e-03
33,94,-6.7347928493e-04
33,95,2.3523630480e-03
33,300,-5.2484484605e-04
33,301,7.0084124557e-04
33,302,-5.0172485650e-04
33,303,3.3162673281e-04
33,304,-3.8679494035e-04
33,305,2.6032277850e-04
33,318,4.4279168391e-04
33,319,-6.4615146810e-04
33,320,5.7492061492e-04
33,321,1.6343319007e-04
33,322,-2.0769655794e-04
33,323,-3.5372877467e-04
33,450,-1.1093265041e-03
33,451,6.0276134431e-04
33,452,2.9551259616e-04
33,453,1.8675148884e-03
33,454,-1.0263448513e-03
33,455,-2.2744177767e-03
34,30,-3.1611778706e-04
34,31,-3.4020194713e-06
34,32,-2.6330937833e-04
34,33,-3.2711538501e-03
34,34,8.4786102430e-03
34,35,-7.7304308131e-04
34,90,-5.2695477486e-04
34,91,8.9954057458e-04
34,92,-3.8966837468e-04
34,93,-9.0122668457e-04
34,94,1.5089167934e-03
34,95,-1.1323739317e-03
34,300,-4.8604500823e-04
34,301,6.0836585400e-04
34,302,-3.5005948158e-04
34,303,3.6678173944e-04
34,304,-4.0314846091e-04
34,305,1.4188768283e-04
34,318,4.8805622743e-04
34,319,-6.9589252361e-04
34,320,5.8225621667e-04
34,321,2.1479098643e-04
34,322,-2.7001445219e-04
34,323,-3.5300146034e-04
34,450,6.5559470652e-04
34,451,-8.5254396606e-04
34,452,4.3249026085e-04
34,453,-1.1147880958e-03
34,454,1.4482169863e-03
34,455,1.3859908124e-03
35,30,2.1836505474e-03
35,31,-1.7443054070e-03
35,32,-2.0827405861e-03
35,33,8.1328325291e-05
35,34,-7.7304308131e-04
35,35,1.0577227026e-02
35,90,-1.4203742931e-03
35,91,3.9033950977e-04
35,92,4.3738349947e-04
35,93,-2.3372797246e-03
35,94,6.8362556640e-04
35,95,-2.7133796239e-03
35,300,-4.8739793238e-06
35,301,1.8907658365e-04
35,302,-4.9167662900e-04
35,303,-2.6715369799e-04
35,304,1.6504398962e-04
35,305,5.1133345680e-04
35,318,2.7147500929e-05
35,319,8.0305641108e-05
35,320,-3.2548985364e-04
35,321,2.6911233662e-04
35,322,-2.8755247375e-04
35,323,3.3457917674e-04
35,450,-1.3522421815e-03
35,451,7.1732870123e-04
35,452,3.8156060298e-04
35,453,2.2752689714e-03
35,454,-1.2211089740e-03
35,455,-2.7679546193e-03
36,36,5.9208876197e-03
36,37,-8.7798307247e-04
36,38,5.4799351068e-04
36,39,-3.4021835111e-05
36,40,4.5365831823e-04
36,41,-1.8402176337e-04
36,42,-8.4526709505e-04
36,43,8.8629598937e-04
36,44,-2.3259274622e-04
36,45,-4.0800980126e-04
36,46,2.1446504080e-04
36,47,3.1604299661e-04
36,168,-6.0029645990e-04
36,169,-1.9265324948e-04
36,170,4.1641610789e-04
36,171,-8.7033262446e-04
36,172,-2.3146179677e-04
36,173,-7.5474172861e-04
36,270,-5.2199029739e-04
36,271,5.2544845755e-04
36,272,-1.0557579988e-04
36,273,5.7074294967e-04
36,274,-4.9751574222e-04
36,275,-1.8936511880e-04
36,294,-7.0206511350e-04
36,295,-1.1548621627e-03
36,296,-1.3397511278e-03
36,297,-2.3655951751e-06
36,298,1.1560089172e-05
36,299,5.2059790690e-04
36,438,-6.4220867953e-04
36,439,-3.5318878003e-04
36,440,2.7387628724e-04
36,441,7.9007124364e-04
36,442,3.3429210144e-04
36,443,-4.2352941923e-04
37,36,-8.7798307247e-04
37,37,6.5218752794e-03
37,38,-2.2453847310e-03
37,39,4.5365831823e-04
37,40,2.1640314967e-04
37,41,1.5817576979e-04
37,42,-9.1814937639e-04
37,43,8.4496870769e-04
37,44,2.3435876704e-05
37,45,-6.4451235399e-04
37,46,3.8720988762e-04
37,47,1.2599908522e-04
37,168,3.3545289062e-04
37,169,-8.2215181048e-05
37,170,-3.6895491272e-04
37,171,5.4093087663e-04
37,172,-1.2842504155e-04
37,173,5.9869569144e-04
37,270,-5.3042995856e-04
37,271,4.4734737763e-04
37,272,8.7640596682e-05
37,273,6.5570510171e-04
37,274,-4.8710697776e-04
37,275,-3.7758566019e-04
37,294,1.1574427663e-03
37,295,1.9026602876e-03
37,296,2.2040422226e-03
37,297,1.8671171521e-05
37,298,5.2347076252e-06
37,299,-8.5815995871e-04
37,438,4.4417643433e-04
37,439,2.9126444611e-05
37,440,-4.5400755300e-04
37,441,-6.5236896678e-04
37,442,-2.4772402500e-05
37,443,5.8431293601e-04
38,36,5.4799351068e-04
38,37,-2.2453847310e-03
38,38,7.4391223742e-03
38,39,2.7919094306e-04
38,40,6.6593498341e-04
38,41,-3.0349239785e-03
38,42,-2.9375428344e-04
38,43,2.2008045821e-05
38,44,5.7324162764e-04
38,45,-6.3077547756e-04
38,46,4.2402673043e-04
38,47,-4.6579576642e-04
38,168,2.1887408063e-04
38,169,3.0749669595e-04
38,170,-4.1644501992e-05
38,171,2.4913475798e-04
38,172,4.2189928045e-04
38,173,4.9156574000e-05
38,270,-1.1428498897e-04
38,271,-8.1729112793e-05
38,272,4.0537445471e-04
38,273,2.9703935075e-04
38,274,-5.5754497780e-05
38,275,-4.7310147797e-04
38,294,-1.3491905620e-03
38,295,-2.2146352003e-03
38,296,-2.5572618652e-03
38,297,-5.8998526451e-05
38,298,-6.7305138747e-05
38,299,9.9973670777e-04
38,438,1.1981572590e-04
38,439,3.9863924832e-04
38,440,2.8597132960e-04
38,441,1.6414011722e-05
38,442,-4.1333251521e-04
38,443,-3.8902738897e-04
39,36,-3.4021835111e-05
39,37,4.5365831823e-04
39,38,2.7919094306e-04
39,39,5.8499625640e-03
39,40,-7.5048962669e-04
39,41,-4.0323924847e-04
39,42,4.9852156976e-04
39,43,-7.3475344332e-04
39,44,6.3430831875e-04
39,45,-1.2335383097e-04
39,46,1.5282435500e-04
39,47,-5.7926882083e-04
39,168,8.7093082783e-04
39,169,3.2706931912e-04
39,170,-5.7002053710e-04
39,171,1.2487607238e-03
39,172,4.0029021599e-04
39,173,1.0497764569e-03
39,270,-5.8375407313e-04
39,271,6.6137002494e-04
39,272,-2.8406282572e-04
39,273,5.7332973837e-04
39,274,-5.7164023902e-04
39,275,-5.2980670962e-05
39,294,1.0290602686e-04
39,295,1.8556845908e-04
39,296,2.5630472937e-04
39,297,-2.4942970474e-04
39,298,-4.1250938197e-04
39,299,-7.8189170194e-05
39,438,-8.3789416637e-04
39,439,-5.4595774345e-04
39,440,2.5261730013e-04
39,441,9.8852874094e-04
39,442,5.1765007634e-04
39,443,-4.3625365404e-04
40,36,4.5365831823e-04
40,37,2.1640314967e-04
40,38,6.6593498341e-04
40,39,-7.5048962669e-04
40,40,3.9564537951e-03
40,41,1.9255471831e-04
40,42,3.4089934824e-04
40,43,-5.1831267304e-04
40,44,4.4446631746e-04
40,45,-1.1208899232e-04
40,46,8.5405493728e-05
40,47,-5.0354056637e-04
40,168,-4.3215915543e-04
40,169,1.1020302363e-04
40,170,4.9182678313e-04
40,171,-6.9794809279e-04
40,172,1.6778607767e-04
40,173,-7.7360685893e-04
40,270,-5.2016308984e-04
40,271,5.0170309554e-04
40,272,-4.4949322419e-05
40,273,5.8744082523e-04
40,274,-4.9922282587e-04
40,275,-2.2597014067e-04
40,294,-1.5401825656e-04
40,295,-2.8002611603e-04
40,296,-3.9198548031e-04
40,297,4.0910389155e-04
40,298,6.7587107908e-04
40,299,1.2198815498e-04
40,438,4.8910857182e-04
40,439,4.7170063947e-05
40,440,-5.0684961845e-04
40,441,-7.1067357514e-04
40,442,-5.2938386390e-05
40,443,6.1597808720e-04
41,36,-1.8402176337e-04
41,37,1.5817576979e-04
41,38,-3.0349239785e-03
41,39,-4.0323924847e-04
41,40,1.9255471831e-04
41,41,5.7252736515e-03
41,42,2.1147803511e-04
41,43,5.7881965985e-05
41,44,-6.5049339784e-04
41,45,5.8210688930e-04
41,46,-5.0361965331e-04
41,47,2.8222492226e-04
41,168,-7.5657519704e-04
41,169,-3.9710184703e-04
41,170,4.1034827184e-04
41,171,-1.0516515371e-03
41,172,-4.9987550723e-04
41,173,-8.0480342528e-04
41,270,-2.1577875283e-04
41,271,4.0162318005e-04
41,272,-4.6909284506e-04
41,273,7.3521524016e-05
41,274,-2.3559320811e-04
41,275,3.1068320293e-04
41,294,4.7303716377e-04
41,295,7.7278246611e-04
41,296,8.8267806607e-04
41,297,8.3459199309e-05
41,298,1.3203475334e-04
41,299,-4.3901614404e-04
41,438,-5.4399975785e-04
41,439,-5.4759122333e-04
41,440,-8.4737567016e-05
41,441,5.4588375753e-04
41,442,5.1586828053e-04
41,443,-2.2188950381e-05
42,36,-8.4526709505e-04
42,37,-9.1814937639e-04
42,38,-2.9375428344e-04
42,39,4.9852156976e-04
42,40,3.4089934824e-04
42,41,2.1147803511e-04
42,42,6.5032183932e-03
42,43,2.0333268426e-03
42,44,2.1338730309e-03
42,45,-5.0926217611e-04
42,46,7.1782061584e-04
42,47,1.8552460140e-03
42,168,-2.9292446675e-04
42,169,-4.2937456706e-04
42,170,-3.8274893517e-04
42,171,-2.1500896716e-04
42,172,-3.0392571761e-04
42,173,1.2774327944e-04
42,270,-5.4907758652e-04
42,271,-3.8894706907e-04
42,272,9.1944702825e-05
42,273,9.1010898509e-04
42,274,6.3483905866e-04
42,275,-1.0729658656e-03
42,366,-7.6753750936e-04
42,367,-3.3131676164e-04
42,368,2.1552554228e-04
42,369,-1.2491770433e-03
42,370,-5.1158259767e-04
42,371,-1.4164682606e-03
43,36,8.8629598937e-04
43,37,8.4496870769e-04
43,38,2.2008045821e-05
43,39,-7.3475344332e-04
43,40,-5.1831267304e-04
43,41,5.7881965985e-05
43,42,2.0333268426e-03
43,43,8.5499467676e-03
43,44,4.4725736578e-03
43,45,7.1782061584e-04
43,46,-1.1009228300e-03
43,47,1.9820823482e-03
43,168,4.1298115633e-04
43,169,5.9799227346e-04
43,170,5.1547934839e-04
43,171,3.1658501837e-04
43,172,4.4280381733e-04
43,173,-1.5802035006e-04
43,270,-3.6542871186e-04
43,271,-4.5868205581e-04
43,272,-2.5532142433e-04
43,273,5.9545116538e-04
43,274,7.4645629870e-04
43,275,-6.7608359707e-04
43,366,-2.3104849933e-04
43,367,-5.7583759038e-04
43,368,-3.9466780025e-04
43,369,-3.4560393751e-04
43,370,-9.1572715503e-04
43,371,-3.1565117942e-04
44,36,-2.3259274622e-04
44,37,2.3435876704e-05
44,38,5.7324162764e-04
44,39,6.3430831875e-04
44,40,4.4446631746e-04
44,41,-6.5049339784e-04
44,42,2.1338730309e-03
44,43,4.4725736578e-03
44,44,1.0471692357e-02
44,45,-6.4801637314e-04
44,46,8.7564456820e-04
44,47,-9.2662173806e-04
44,168,-3.3309662255e-04
44,169,-4.6503881563e-04
44,170,-3.5930686847e-04
44,171,-2.8690437069e-04
44,172,-3.9040918606e-04
44,173,7.5055381899e-05
44,270,1.0864150709e-04
44,271,-2.2041723545e-04
44,272,-5.6194313194e-04
44,273,-1.9533787200e-04
44,274,3.5315415685e-04
