0,0,3.4002519317e-02
0,1,-5.1893944167e-03
0,2,1.5554702614e-02
0,3,6.8997280660e-04
0,4,-2.1759353093e-03
0,5,1.5715738312e-02
0,102,-3.0698846057e-03
0,103,-3.8149500885e-03
0,104,-2.1260528393e-03
0,105,4.4227508841e-03
0,106,5.3579711897e-03
0,107,-3.7833173238e-03
0,132,-7.1563301272e-03
0,133,-1.1602160795e-02
0,134,-1.3047271925e-02
0,135,-1.1207918641e-03
0,136,-1.5887473787e-03
0,137,4.7910025933e-03
0,144,-7.2054429908e-03
0,145,-1.7792393897e-03
0,146,4.9314566195e-03
0,147,-1.0514899210e-02
0,148,-1.9695042657e-03
0,149,-9.2853232310e-03
0,234,-6.3041440252e-03
0,235,4.0875306294e-03
0,236,1.5759823518e-03
0,237,9.5307507806e-03
0,238,-5.7227505027e-03
0,239,-9.1644487850e-03
0,324,-5.1504087239e-03
0,325,6.0137094753e-03
0,326,-2.6642181131e-03
0,327,-4.8601418164e-03
0,328,4.9407510176e-03
0,329,-5.4058515416e-04
0,384,-5.1163088443e-03
0,385,6.8444015616e-03
0,386,-4.7779107641e-03
0,387,3.5806153303e-03
0,388,-4.2834726868e-03
0,389,1.7060233401e-03
1,0,-5.1893944167e-03
1,1,4.9031837829e-02
1,2,-1.4461060535e-02
1,3,-2.1759353093e-03
1,4,2.4196657891e-03
1,5,-4.1787337143e-03
1,102,3.9272572303e-03
1,103,4.6659005464e-03
1,104,2.1237434513e-03
1,105,-5.7851813062e-03
1,106,-6.7034237254e-03
1,107,5.2497803105e-03
1,132,1.1621990540e-02
1,133,1.8820228442e-02
1,134,2.1109584367e-02
1,135,2.0426000035e-03
1,136,2.9373143398e-03
1,137,-7.7027713330e-03
1,144,3.3429370024e-03
1,145,-1.7623641089e-03
1,146,-3.7168098589e-03
1,147,5.5664946057e-03
1,148,-2.6927610596e-03
1,149,6.5533748639e-03
1,234,-6.6728232557e-04
1,235,-1.6571032214e-03
1,236,3.1966337513e-03
1,237,1.4336928207e-03
1,238,2.2781212838e-03
1,239,-2.4063582706e-03
1,324,-5.9628051433e-03
1,325,6.4384058448e-03
1,326,-1.7166283703e-03
1,327,-6.3723255629e-03
1,328,6.0962497680e-03
1,329,-2.1990367293e-03
1,384,-7.0727028874e-03
1,385,9.2499406850e-03
1,386,-5.9716828094e-03
1,387,5.3981927554e-03
1,388,-6.3731268849e-03
1,389,1.6566704317e-03
2,0,1.5554702614e-02
2,1,-1.4461060535e-02
2,2,5.4181802979e-02
2,3,1.8947820019e-03
2,4,-3.3787011472e-03
2,5,-2.8676103962e-02
2,102,-2.4056072552e-03
2,103,-2.3758215411e-03
2,104,2.4072683001e-05
2,105,3.8296530928e-03
2,106,3.7588008329e-03
2,107,-4.1422401702e-03
2,132,-1.3118324453e-02
2,133,-2.1188492780e-02
2,134,-2.3628357138e-02
2,135,-2.8622137388e-03
2,136,-4.2085915575e-03
2,137,8.4926692811e-03
2,144,3.1436366741e-03
2,145,3.4609183972e-03
2,146,-1.5987588551e-03
2,147,3.8736151700e-03
2,148,4.8216377226e-03
2,149,1.6559385608e-03
2,234,4.7941258119e-03
2,235,-3.6030666023e-03
2,236,-1.1742222665e-03
2,237,-7.1473103514e-03
2,238,5.1604315127e-03
2,239,6.6007774550e-03
2,324,-2.5520845748e-03
2,325,1.6236077802e-03
2,326,2.1672392761e-03
2,327,-4.3383450829e-03
2,328,3.3538704171e-03
2,329,-4.4480644023e-03
2,384,-5.4164488170e-03
2,385,6.5915877224e-03
2,386,-3.1095676336e-03
2,387,5.1767240446e-03
2,388,-5.9141542328e-03
2,389,-4.0211661783e-04
3,0,6.8997280660e-04
3,1,-2.1759353093e-03
3,2,1.8947820019e-03
3,3,4.8608122711e-02
3,4,-8.9934379076e-03
3,5,2.5073348241e-03
3,102,-4.3229394763e-03
3,103,-5.5249692908e-03
3,104,-3.4185691500e-03
3,105,6.1364557262e-03
3,106,7.6513873608e-03
3,107,-5.0326215689e-03
3,132,3.4829529806e-04
3,133,8.1177777063e-04
3,134,1.5308110939e-03
3,135,-2.8653840520e-03
3,136,-4.6179003891e-03
3,137,-1.2557444084e-03
3,144,1.0499250491e-02
3,145,3.2239395642e-03
3,146,-6.8371576320e-03
3,147,1.5152874701e-02
3,148,3.7495069074e-03
3,149,1.2979482869e-02
3,234,-9.6025453611e-03
3,235,6.6589103323e-03
3,236,1.7731590288e-03
3,237,1.4428665177e-02
3,238,-9.3136732313e-03
3,239,-1.3659578209e-02
3,324,5.1043386047e-03
3,325,-6.6485934405e-03
3,326,4.4384090475e-03
3,327,3.8314935530e-03
3,328,-4.3961039526e-03
3,329,-1.5430194727e-03
3,384,-2.7163723633e-03
3,385,4.1400551072e-03
3,386,-4.0508846383e-03
3,387,8.1513396419e-04
3,388,-1.1757767803e-03
3,389,2.6050944764e-03
4,0,-2.1759353093e-03
4,1,2.4196657891e-03
4,2,-3.3787011472e-03
4,3,-8.9934379076e-03
4,4,4.0228615858e-02
4,5,-6.6861800353e-03
4,102,5.3881469433e-03
4,103,6.5893171329e-03
4,104,3.4259222109e-03
4,105,-7.8246644311e-03
4,106,-9.3327597204e-03
4,107,6.8367178200e-03
4,132,-3.2448976830e-04
4,133,-9.2631261288e-04
4,134,-2.0417110525e-03
4,135,4.6803705175e-03
4,136,7.5283207617e-03
4,137,1.9552291024e-03
4,144,-4.1768317570e-03
4,145,2.4465070790e-03
4,146,4.9816753033e-03
4,147,-7.0197060411e-03
4,148,3.6568836873e-03
4,149,-8.3845875684e-03
4,234,-6.1302822927e-04
4,235,-2.7398658176e-03
4,236,4.8301012905e-03
4,237,1.5645804554e-03
4,238,3.7495643629e-03
4,239,-3.0418398564e-03
4,324,5.2074934405e-03
4,325,-6.3584586590e-03
4,326,3.3568636251e-03
4,327,4.5123333670e-03
4,328,-4.8689539322e-03
4,329,-4.2842996342e-04
4,384,-3.3053553200e-03
4,385,5.0091474414e-03
4,386,-4.8246585793e-03
4,387,1.0501659825e-03
4,388,-1.5246322475e-03
4,389,3.1637543773e-03
5,0,1.5715738312e-02
5,1,-4.1787337143e-03
5,2,-2.8676103962e-02
5,3,2.5073348241e-03
5,4,-6.6861800353e-03
5,5,4.7995766120e-02
5,102,-3.4870011092e-03
5,103,-4.8145722634e-03
5,104,-3.7597812989e-03
5,105,4.7353851666e-03
5,106,6.4169721504e-03
5,107,-3.3713520301e-03
5,132,4.4458104333e-03
5,133,7.1808537219e-03
5,134,7.9994996804e-03
5,135,1.0140541903e-03
5,136,1.5880881462e-03
5,137,-4.0564841589e-03
5,144,-9.2372671801e-03
5,145,-4.3380737295e-03
5,146,5.1309729600e-03
5,147,-1.2930339517e-02
5,148,-5.3778085823e-03
5,149,-1.0114196681e-02
5,234,-9.3976741870e-03
5,235,7.5672343407e-03
5,236,1.8278238954e-04
5,237,1.3905546966e-02
5,238,-1.0557879532e-02
5,239,-1.2641622854e-02
5,324,-9.3214817226e-04
5,325,2.6145361597e-03
5,326,-4.5585371943e-03
5,327,1.3036018676e-03
5,328,-3.3255670746e-04
5,329,4.3202745115e-03
5,384,2.8925419032e-03
5,385,-3.2685879251e-03
5,386,8.5368773977e-04
5,387,-3.3134907376e-03
5,388,3.8217002597e-03
5,389,8.2237109056e-04
6,6,3.4485410578e-02
6,7,-7.8756716583e-04
6,8,1.9701427787e-02
6,9,-3.1360097297e-04
6,10,2.2410787239e-04
6,11,8.0353200232e-03
6,198,-4.5619812074e-03
6,199,7.7514573211e-03
6,200,-9.6228511312e-03
6,201,-2.7422660128e-04
6,202,4.5376491737e-04
6,203,4.2446009409e-03
6,222,-6.3925252946e-03
6,223,5.3751773695e-03
6,224,2.4899102021e-04
6,225,7.2331598007e-03
6,226,-4.9719978846e-03
6,227,-2.8362460368e-03
6,246,-6.0566390563e-03
6,247,-5.4212068510e-03
6,248,-1.1718176373e-04
6,249,6.9943440390e-03
6,250,5.3361350265e-03
6,251,-2.9870505911e-03
6,258,-6.2092476296e-03
6,259,5.6361964421e-03
6,260,-3.0765031716e-04
6,261,-7.4779068577e-03
6,262,5.9119596492e-03
6,263,-3.7517988861e-03
6,264,-6.1079787774e-03
6,265,-4.2763360379e-03
6,266,1.5182714595e-03
6,267,-7.8628368857e-03
6,268,-4.6784159605e-03
6,269,-4.9214782500e-03
6,462,-5.1570386123e-03
6,463,-8.7789378208e-03
6,464,-1.0940450560e-02
6,465,5.5872500523e-04
6,466,9.3845410565e-04
6,467,4.3830032621e-03
7,6,-7.8756716583e-04
7,7,5.3292503936e-02
7,8,-2.2206226837e-03
7,9,2.2410787239e-04
7,10,-8.6669870947e-04
7,11,-1.0567594654e-03
7,198,-7.7515768057e-03
7,199,1.3168730194e-02
7,200,-1.6341989415e-02
7,201,-4.7810546032e-04
7,202,7.9152550385e-04
7,203,7.2106612501e-03
7,222,-5.3084579365e-03
7,223,2.7926611212e-03
7,224,3.3485609434e-03
7,225,7.1282770411e-03
7,226,-3.1813234562e-03
7,227,-5.1933918031e-03
7,246,5.2707015808e-03
7,247,3.3635677103e-03
7,248,-2.6083498748e-03
7,249,-7.0407751374e-03
7,250,-3.9338231711e-03
7,251,5.0630304403e-03
7,258,-5.3311584792e-03
7,259,3.4254894933e-03
7,260,2.6051763549e-03
7,261,-7.3231013396e-03
7,262,4.1927914191e-03
7,263,-5.6521177700e-03
7,264,5.1343818420e-03
7,265,1.9272303760e-03
7,266,-3.8867371521e-03
7,267,7.3927662786e-03
7,268,2.3345046825e-03
7,269,6.3915753622e-03
7,462,8.7736769644e-03
7,463,1.4933165287e-02
7,464,1.8603555512e-02
7,465,-9.6364698415e-04
7,466,-1.6186058272e-03
7,467,-7.4536389989e-03
8,6,1.9701427787e-02
8,7,-2.2206226837e-03
8,8,7.1694589463e-02
8,9,-6.0577668233e-04
8,10,1.4467734121e-03
8,11,-3.6820088341e-02
8,198,-9.6233085051e-03
8,199,1.6342514468e-02
8,200,-2.0264947977e-02
8,201,-6.2462520449e-04
8,202,1.0350752527e-03
8,203,8.9475719690e-03
8,222,3.3019441095e-04
8,223,-3.3804427564e-03
8,224,5.3836747075e-03
8,225,1.7092951897e-03
8,226,2.2784680291e-03
8,227,-5.3199840945e-03
8,246,8.0482899926e-05
8,247,2.7071207555e-03
8,248,4.9723841119e-03
8,249,1.7635315887e-03
8,250,-1.6430412189e-03
8,251,-4.9041820419e-03
8,258,1.9541882693e-04
8,259,-2.8914140045e-03
8,260,5.1960137418e-03
8,261,-1.4976757141e-03
8,262,-2.0653622701e-03
8,263,-4.6798146240e-03
8,264,2.3605178239e-04
8,265,3.2995268685e-03
8,266,4.3923570177e-03
8,267,-1.1683426447e-03
8,268,3.3760308620e-03
8,269,-4.1478058351e-03
8,462,-1.0920267202e-02
8,463,-1.8580359546e-02
8,464,-2.3130536746e-02
8,465,1.2329126743e-03
8,466,2.0709340882e-03
8,467,9.2691171676e-03
9,6,-3.1360097297e-04
9,7,2.2410787239e-04
9,8,-6.0577668233e-04
9,9,4.2155866072e-02
9,10,-1.7443432546e-03
9,11,-5.8929739943e-04
9,198,1.8384336914e-05
9,199,-4.3504971605e-05
9,200,8.5387068239e-05
9,201,-7.5465459756e-04
9,202,1.2815775949e-03
9,203,-1.1868921187e-04
9,222,-7.7359209872e-03
9,223,7.4683299376e-03
9,224,-1.5103485116e-03
9,225,8.1048713287e-03
9,226,-6.5619591554e-03
9,227,-1.7918897282e-03
9,246,-7.5132226252e-03
9,247,-7.5111679762e-03
9,248,-1.7188976611e-03
9,249,8.1211092749e-03
9,250,7.0302805713e-03
9,251,-2.2713999625e-03
9,258,7.5414738806e-03
9,259,-7.7032497482e-03
9,260,2.1146789304e-03
9,261,8.5332580201e-03
9,262,-7.7150319033e-03
9,263,3.0781431240e-03
9,264,7.8065113276e-03
9,265,6.3081327072e-03
9,266,-6.2135857798e-04
9,267,9.6525220757e-03
9,268,6.7862637211e-03
9,269,5.1477348814e-03
9,462,1.9637504028e-04
9,463,3.2201908463e-04
9,464,3.6987979328e-04
9,465,-1.1622905823e-03
9,466,-1.9767797722e-03
9,467,1.0952238610e-04
10,6,2.2410787239e-04
10,7,-8.6669870947e-04
10,8,1.4467734121e-03
10,9,-1.7443432546e-03
10,10,3.0928400081e-02
10,11,-2.6640889198e-04
10,198,1.8952859804e-05
10,199,-5.3038044632e-05
10,200,1.1912194235e-04
10,201,-1.2829751875e-03
10,202,2.1783809455e-03
10,203,-1.9203290859e-04
10,222,-5.4480788395e-03
10,223,3.3590432763e-03
10,224,2.7350797861e-03
10,225,6.9835878596e-03
10,226,-3.6788533913e-03
10,227,-4.3877580867e-03
10,246,5.7247818912e-03
10,247,4.1285052373e-03
10,248,-2.0392540279e-03
10,249,-7.3113225797e-03
10,250,-4.6198745902e-03
10,251,4.5532410845e-03
10,258,5.5887278051e-03
10,259,-4.0924428459e-03
10,260,-1.8879120818e-03
10,261,7.3555410075e-03
10,262,-4.8074381346e-03
10,263,4.9883592011e-03
10,264,-5.7616805077e-03
10,265,-2.6110135595e-03
10,266,3.8654341927e-03
10,267,-8.0845025088e-03
10,268,-3.1353443007e-03
10,269,-6.5181691542e-03
10,462,-3.4681108139e-04
10,463,-5.6940858688e-04
10,464,-6.5591226889e-04
10,465,1.9792828316e-03
10,466,3.3657141760e-03
10,467,-1.7822874532e-04
11,6,8.0353200232e-03
11,7,-1.0567594654e-03
11,8,-3.6820088341e-02
11,9,-5.8929739943e-04
11,10,-2.6640889198e-04
11,11,3.6416305745e-02
11,198,4.2477888575e-03
11,199,-7.2174891273e-03
11,200,8.9596541643e-03
11,201,2.6215034454e-04
11,202,-4.3589285177e-04
11,203,-4.0765546142e-03
11,222,-3.9486205836e-03
11,223,5.9275584263e-03
11,224,-4.8934986277e-03
11,225,2.7134601283e-03
11,226,-4.4587317732e-03
11,227,2.6210746660e-03
11,246,-4.1765802973e-03
11,247,-5.9191556208e-03
11,248,-4.5473614291e-03
11,249,3.2828107859e-03
11,250,4.7548206384e-03
11,251,1.8668703510e-03
11,258,-3.8996877705e-03
11,259,5.8693547492e-03
11,260,-5.0397940996e-03
11,261,-3.2052703011e-03
11,262,5.0970754751e-03
11,263,1.6107542685e-03
11,264,-4.7781017532e-03
11,265,-5.7533444526e-03
11,266,-2.6981967443e-03
11,267,-5.0167324519e-03
11,268,-5.9166778201e-03
11,269,-6.1113307793e-04
11,462,4.5198815238e-03
11,463,7.6953367284e-03
11,464,9.5926964769e-03
11,465,-3.9253965117e-04
11,466,-6.5965833172e-04
11,467,-4.1174696726e-03
12,12,3.5102109140e-02
12,13,-4.1511285592e-04
12,14,7.0150980829e-03
12,15,-3.2025146888e-03
12,16,-1.7907225289e-03
12,17,1.3592858249e-02
12,126,-7.2822771199e-03
12,127,-8.5133153888e-03
12,128,-3.7977689074e-03
12,129,4.8793402646e-03
12,130,4.2988629641e-03
12,131,1.4580293041e-03
12,138,-5.9990539508e-03
12,139,1.1746922858e-03
12,140,4.7383759868e-03
12,141,-9.4868169884e-03
12,142,1.6124844301e-03
12,143,-1.0109027127e-02
12,150,-6.5794236449e-03
12,151,-7.9977402160e-03
12,152,-4.1296342106e-03
12,153,-5.4761017226e-03
12,154,-5.6872372237e-03
12,155,3.6167400564e-04
12,210,-8.5724293009e-03
12,211,8.1322100488e-03
12,212,-9.2359169252e-04
12,213,6.2345083248e-03
12,214,-3.7200072943e-03
12,215,1.3239893876e-03
12,348,-4.2089881655e-03
12,349,6.0932795732e-03
12,350,-5.2665130298e-03
12,351,-2.5401729299e-03
12,352,3.4520459705e-03
12,353,2.4240681860e-03
12,360,-2.4599369575e-03
12,361,5.2456078917e-04
12,362,2.4473079026e-03
12,363,4.2220758349e-03
12,364,-8.9829407609e-04
12,365,-5.3512829699e-03
13,12,-4.1511285592e-04
13,13,4.2367308672e-02
13,14,9.2561065762e-04
13,15,-1.7907225289e-03
13,16,-9.1642325512e-03
13,17,-9.6489042832e-04
13,126,8.2293362685e-03
13,127,8.8398739141e-03
13,128,2.2510746932e-03
13,129,-7.0152166020e-03
13,130,-6.0899967122e-03
13,131,6.0166890395e-04
13,138,-1.4359237932e-03
13,139,-1.3689379473e-03
13,140,1.8566726821e-03
13,141,-2.5346390818e-03
13,142,-2.1718267838e-03
13,143,-3.3528138047e-03
13,150,7.9061739905e-03
13,151,9.0415241980e-03
13,152,3.4158158012e-03
13,153,7.5747475467e-03
13,154,7.5692411893e-03
13,155,1.4160270429e-03
13,210,-8.5531728516e-03
13,211,6.5318236148e-03
13,212,2.4345999819e-03
13,213,8.2759836299e-03
13,214,-4.5109215021e-03
13,215,-2.0216704205e-03
13,348,-6.0623273318e-03
13,349,8.6726832109e-03
13,350,-7.2499503847e-03
13,351,-3.8892190823e-03
13,352,5.2432616155e-03
13,353,3.1803534397e-03
13,360,3.3102657351e-04
13,361,-2.2461172041e-04
13,362,-2.5588542103e-04
13,363,-5.6620489079e-04
13,364,3.8482075232e-04
13,365,7.1263222189e-04
14,12,7.0150980829e-03
14,13,9.2561065762e-04
14,14,3.8442282224e-02
14,15,-6.5528383870e-03
14,16,-3.8123322766e-03
14,17,-3.3371802064e-02
14,126,-3.1842500752e-03
14,127,-1.7500024565e-03
14,128,3.4116194163e-03
14,129,5.9271521005e-03
14,130,4.8485761167e-03
14,131,-5.3552493707e-03
14,138,4.3345351072e-03
14,139,-1.7319329370e-03
14,140,-3.4908657776e-03
14,141,6.7133324172e-03
14,142,-2.5989248207e-03
14,143,6.7931255497e-03
14,150,-3.9158370069e-03
14,151,-3.2311078924e-03
14,152,1.6483304197e-03
14,153,-5.9310402172e-03
14,154,-5.2830067945e-03
14,155,-4.9073563866e-03
14,210,-1.6110380243e-03
14,211,-2.0015320831e-03
14,212,7.0211727045e-03
14,213,5.7575142235e-03
14,214,-2.1425048327e-03
14,215,-7.7012143062e-03
14,348,-5.1723330206e-03
14,349,7.1540395986e-03
14,350,-5.3936395243e-03
14,351,-3.8640267715e-03
14,352,5.1103052484e-03
14,353,1.9643664045e-03
14,360,2.5338249369e-03
14,361,-4.9397104596e-04
14,362,-2.5525590758e-03
14,363,-4.3494783968e-03
14,364,8.4596431784e-04
14,365,5.5142645097e-03
15,12,-3.2025146888e-03
15,13,-1.7907225289e-03
15,14,-6.5528383870e-03
15,15,4.7754946591e-02
15,16,-1.2805668306e-03
15,17,-4.7720175024e-03
15,126,-5.6656135239e-03
15,127,-7.8846841672e-03
15,128,-6.2518263980e-03
15,129,1.3622430305e-03
15,130,1.3443105683e-03
15,131,4.7808727437e-03
15,138,9.5564410566e-03
15,139,-2.0972524632e-03
15,140,-7.4492481746e-03
15,141,1.5075603422e-02
15,142,-2.9188199992e-03
15,143,1.5973400451e-02
15,150,6.2118315750e-03
15,151,8.4125023504e-03
15,152,6.2407939855e-03
15,153,3.6587799406e-03
15,154,4.2494220355e-03
15,155,-3.1542775672e-03
15,210,-6.2794698157e-03
15,211,8.1123830375e-03
15,212,-5.2486070354e-03
15,213,1.7612801304e-03
15,214,-1.6309832901e-03
15,215,5.5324439182e-03
15,348,3.5987060419e-03
15,349,-5.4393075252e-03
15,350,5.2458753693e-03
15,351,1.6530668595e-03
15,352,-2.3389851481e-03
15,353,-2.7726995563e-03
15,360,-4.2193806451e-03
15,361,9.0189989454e-04
15,362,4.1966923945e-03
15,363,7.2415734533e-03
15,364,-1.5444203810e-03
15,365,-9.1775846761e-03
16,12,-1.7907225289e-03
16,13,-9.1642325512e-03
16,14,-3.8123322766e-03
16,15,-1.2805668306e-03
16,16,2.7845559762e-02
16,17,-2.2986418597e-03
16,126,5.0525464871e-03
16,127,6.7246927212e-03
16,128,4.6520020366e-03
16,129,-1.8029633905e-03
16,130,-1.8894159308e-03
16,131,-3.8309565025e-03
16,138,2.0435343455e-03
16,139,2.1743722454e-03
16,140,-2.7968947941e-03
16,141,3.6431749796e-03
16,142,3.4333227178e-03
16,143,4.8973818772e-03
16,150,-6.5786859036e-03
16,151,-8.4949834835e-03
16,152,-5.4162624983e-03
16,153,-4.5981656348e-03
16,154,-5.1392257082e-03
16,155,2.1985988239e-03
16,210,-4.2437998920e-03
16,211,5.0174567287e-03
16,212,-2.2042886633e-03
16,213,1.7927637307e-03
16,214,-1.7495648060e-03
16,215,3.3607136910e-03
16,348,4.9472381172e-03
16,349,-7.4039928785e-03
16,350,6.9682992451e-03
16,351,2.4355873798e-03
16,352,-3.4173531175e-03
16,353,-3.6170128214e-03
16,360,5.6988937472e-04
16,361,-3.8600024864e-04
16,362,-4.4073556535e-04
16,363,-9.7474065587e-04
16,364,6.6129680974e-04
16,365,1.2267490435e-03
17,12,1.3592858249e-02
17,13,-9.6489042832e-04
17,14,-3.3371802064e-02
17,15,-4.7720175024e-03
17,16,-2.2986418597e-03
17,17,5.5960769872e-02
17,126,7.6960196122e-04
17,127,-1.2945680447e-03
17,128,-5.5527504698e-03
17,129,-4.7497942415e-03
17,130,-4.3108504267e-03
17,131,5.3759777570e-03
17,138,-1.0349746561e-02
17,139,2.8315522021e-03
17,140,7.8138517078e-03
17,141,-1.6235792685e-02
17,142,4.0278612917e-03
17,143,-1.6976832996e-02
17,150,-7.0421985257e-04
17,151,-2.6749701657e-03
17,152,-5.4986797404e-03
17,153,2.6045915435e-03
17,154,1.9328145048e-03
17,155,5.6296459426e-03
17,210,1.3589746940e-03
17,211,2.2412408736e-03
17,212,-7.8838419541e-03
17,213,-5.5838477192e-03
17,214,3.0123847986e-03
17,215,6.3450088580e-03
17,348,6.7343753526e-04
17,349,-5.3611353767e-04
17,350,-5.9028232485e-04
17,351,1.3982834713e-03
17,352,-1.7486560807e-03
17,353,8.8668246466e-04
17,360,-5.3409060256e-03
17,361,1.1471589539e-03
17,362,5.3095479751e-03
17,363,9.1656377117e-03
17,364,-1.9642604330e-03
17,365,-1.1614046181e-02
18,18,3.4450540877e-02
18,19,3.9561649703e-03
18,20,1.6592984443e-02
18,21,-6.4612795207e-04
18,22,-7.4645844783e-04
18,23,8.7275883629e-03
18,216,-5.3281432367e-03
18,217,9.0522723932e-03
18,218,-1.1235118962e-02
18,219,5.2595517733e-04
18,220,-8.7607323967e-04
18,221,4.4354110913e-03
18,258,-5.4119824014e-03
18,259,5.0337628581e-03
18,260,-1.8853354772e-04
18,261,6.8944365792e-03
18,262,-5.8385065445e-03
18,263,-4.1776304621e-03
18,264,-7.7388648247e-03
18,265,-4.7036194203e-03
18,266,1.8816614149e-03
18,267,8.9847070699e-03
18,268,3.8416690096e-03
18,269,-3.9253828646e-03
18,282,-5.3178325436e-03
18,283,4.2189613033e-03
18,284,9.9578747288e-04
18,285,-7.1737810042e-03
18,286,5.1713341428e-03
18,287,-5.1532419298e-03
18,348,-3.9150878449e-03
18,349,-6.3763014279e-03
18,350,-7.2417342326e-03
18,351,-1.5168175679e-03
18,352,-2.4019899399e-03
18,353,3.1471856738e-03
18,468,-6.7386300255e-03
18,469,-5.2750226139e-03
18,470,6.9856595271e-04
18,471,-8.4512168606e-03
18,472,-5.6234675404e-03
18,473,-4.8694293367e-03
19,18,3.9561649703e-03
19,19,5.0360227493e-02
19,20,9.5863653123e-03
19,21,-7.4645844783e-04
19,22,-1.8268894007e-03
19,23,5.7911542280e-03
19,216,-9.0578421611e-03
19,217,1.5386220864e-02
19,218,-1.9089553654e-02
19,219,9.1104357479e-04
19,220,-1.5178092363e-03
19,221,7.5364630420e-03
19,258,-5.3930756901e-03
19,259,4.1208328570e-03
19,260,1.6742777354e-03
19,261,7.4406184790e-03
19,262,-5.2079158055e-03
19,263,-5.7874769859e-03
19,264,5.4452961269e-03
19,265,3.8344093261e-04
19,266,-5.3008602037e-03
19,267,-7.8018860809e-03
19,268,-2.0538387122e-04
19,269,6.6040917794e-03
19,282,-5.3985521558e-03
19,283,3.3036561635e-03
19,284,2.7482826421e-03
19,285,-7.7529533681e-03
19,286,4.3017836404e-03
19,287,-6.6500440092e-03
19,348,6.3470317478e-03
19,349,1.0325664764e-02
19,350,1.1698442064e-02
19,351,2.5321146051e-03
19,352,4.0086525195e-03
19,353,-5.0388094979e-03
19,468,4.1009771620e-03
19,469,1.2346479068e-03
19,470,-3.8832557518e-03
19,471,6.1293620905e-03
19,472,1.7165597289e-03
19,473,5.7289088029e-03
20,18,1.6592984443e-02
20,19,9.5863653123e-03
20,20,6.3685413167e-02
20,21,-1.2878875932e-03
20,22,-2.2046286064e-03
20,23,-3.3277621005e-02
20,216,-1.1256441911e-02
20,217,1.9114033271e-02
20,218,-2.3696746157e-02
20,219,1.1754705294e-03
20,220,-1.9590764515e-03
20,221,9.3561711696e-03
20,258,-9.5228345956e-04
20,259,-1.1093403661e-03
20,260,3.9677689526e-03
20,261,2.4838247812e-03
20,262,4.1673873096e-04
20,263,-4.4146733375e-03
20,264,1.3776314301e-03
20,265,5.4412562963e-03
20,266,4.8147568627e-03
20,267,7.2912212047e-04
20,268,-5.1141807052e-03
20,269,-5.6288721660e-03
20,282,-1.1725251607e-03
20,283,-1.2928981847e-03
20,284,3.9827897908e-03
20,285,-2.6492762946e-03
20,286,-1.0893066312e-03
20,287,-4.3978864043e-03
20,348,-7.1366483723e-03
20,349,-1.1581619756e-02
20,350,-1.3049396216e-02
20,351,-3.0298998562e-03
20,352,-4.7936924999e-03
20,353,5.5059779752e-03
20,468,2.5472830312e-03
20,469,4.6824847216e-03
20,470,3.8621401079e-03
20,471,1.8527078512e-03
20,472,4.7054890976e-03
20,473,-2.0666856610e-03
21,18,-6.4612795207e-04
21,19,-7.4645844783e-04
21,20,-1.2878875932e-03
21,21,4.2765297402e-02
21,22,9.1976182243e-03
21,23,-1.8358243785e-03
21,216,3.1547875984e-04
21,217,-5.1825677396e-04
21,218,5.9788539855e-04
21,219,-1.3593580034e-03
21,220,2.3067011499e-03
21,221,3.0554609197e-05
21,258,-6.8413450120e-03
21,259,6.9486976822e-03
21,260,-1.4559633927e-03
21,261,8.3412356960e-03
21,262,-7.7783946241e-03
21,263,-4.2153431298e-03
21,264,-8.7053253824e-03
21,265,-7.0112015098e-03
21,266,-2.2116101779e-04
21,267,9.2353359303e-03
21,268,5.7888792465e-03
21,269,-2.1533564182e-03
21,282,7.0354854891e-03
21,283,-6.1361334017e-03
21,284,-3.3383150315e-04
21,285,9.2237359705e-03
21,286,-7.3776613548e-03
21,287,6.0118268427e-03
21,348,4.6127430575e-04
21,349,8.2227919492e-04
21,350,1.1118724017e-03
21,351,-3.5532134597e-04
21,352,-5.5923210796e-04
21,353,-8.3344159714e-04
21,468,8.3805597918e-03
21,469,7.5732271478e-03
21,470,9.0418660311e-04
21,471,1.0003699070e-02
21,472,7.8673133602e-03
21,473,4.6348379114e-03
22,18,-7.4645844783e-04
22,19,-1.8268894007e-03
22,20,-2.2046286064e-03
22,21,9.1976182243e-03
22,22,3.1507788247e-02
22,23,-2.8505629169e-04
22,216,5.5350952021e-04
22,217,-9.1009541272e-04
22,218,1.0520848058e-03
22,219,-2.3136075269e-03
22,220,3.9252586957e-03
22,221,4.1617280165e-05
22,258,-6.2340331193e-03
22,259,5.2499579006e-03
22,260,1.0100574474e-03
22,261,8.2897494849e-03
22,262,-6.3998897161e-03
22,263,-5.7684588840e-03
22,264,4.5505564067e-03
22,265,6.8454720418e-04
22,266,-4.5166815677e-03
22,267,-6.3347675517e-03
22,268,-7.4520763787e-04
22,269,4.8891714265e-03
22,282,6.6392344528e-03
22,283,-4.5344983704e-03
22,284,-2.6345618851e-03
22,285,9.3073112519e-03
22,286,-5.7854788110e-03
22,287,7.4712233805e-03
22,348,-6.7141104958e-04
22,349,-1.2072872312e-03
22,350,-1.6560799967e-03
22,351,5.9702298561e-04
22,352,9.3869220690e-04
22,353,1.2911792246e-03
22,468,-4.0913977629e-03
22,469,-1.3621892865e-03
22,470,3.9114130132e-03
22,471,-6.0492349769e-03
22,472,-1.9433320213e-03
22,473,-5.4645963365e-03
23,18,8.7275883629e-03
23,19,5.7911542280e-03
23,20,-3.3277621005e-02
23,21,-1.8358243785e-03
23,22,-2.8505629169e-04
23,23,3.6774880910e-02
23,216,4.4294540797e-03
23,217,-7.5277875413e-03
23,218,9.3489673687e-03
23,219,-2.6139089303e-04
23,220,4.3372173823e-04
23,221,-4.0572151360e-03
23,258,-4.0446704904e-03
23,259,5.4168926947e-03
23,260,-3.6458826112e-03
23,261,4.0951512105e-03
23,262,-5.4518683076e-03
23,263,-1.3589218770e-04
23,264,-3.3307637664e-03
23,265,-6.3511852980e-03
23,266,-5.4523719581e-03
23,267,1.6750674898e-03
23,268,5.1712227465e-03
23,269,3.9025382882e-03
23,282,-4.7792728908e-03
23,283,5.4319276989e-03
23,284,-2.0724910654e-03
23,285,-5.6568917203e-03
23,286,6.2083014895e-03
23,287,-2.2606824778e-03
23,348,3.6943226576e-03
23,349,5.9980410277e-03
23,350,6.7639607018e-03
23,351,1.5719790878e-03
23,352,2.4970803726e-03
23,353,-2.9206839938e-03
23,468,-4.6966579525e-03
23,469,-6.4933201071e-03
23,470,-4.5955629016e-03
23,471,-4.4810961287e-03
23,472,-6.2807276296e-03
23,473,5.1981327628e-04
24,24,3.5840086123e-02
24,25,2.5929096221e-03
24,26,2.3742676034e-02
24,27,1.2238664215e-02
24,28,-4.1749097943e-03
24,29,2.7725331364e-02
24,84,-5.7014351484e-03
24,85,-9.3975586020e-03
24,86,-1.0948731996e-02
24,87,-4.0263209051e-03
24,88,-6.5161320545e-03
24,89,9.6233156205e-04
24,306,-7.4435528136e-03
24,307,1.2342709147e-02
24,308,-1.4563703594e-02
24,309,-3.2558668350e-03
24,310,5.2305666504e-03
24,311,2.0835141935e-03
24,336,-7.8307871921e-03
24,337,-5.0279455346e-03
24,338,1.7362719506e-03
24,339,-8.9173298174e-03
24,340,-4.0761217492e-03
24,341,-3.5939662481e-03
24,360,-3.5010248622e-03
24,361,2.4492166384e-03
24,362,1.6083051175e-03
24,363,-5.0956883887e-03
24,364,3.3934852341e-03
24,365,-4.4710727077e-03
25,24,2.5929096221e-03
25,25,5.8150897425e-02
25,26,6.2229657716e-03
25,27,-4.1749097943e-03
25,28,2.8149727520e-02
25,29,5.0232215925e-03
25,84,9.4179855145e-03
25,85,1.5513888821e-02
25,86,1.8050344953e-02
25,87,6.7659835547e-03
25,88,1.0946625596e-02
25,89,-1.4079545165e-03
25,306,-1.2364618564e-02
25,307,2.0492855034e-02
25,308,-2.4155385854e-02
25,309,-5.5697679197e-03
25,310,8.9518925382e-03
25,311,3.3031121180e-03
25,336,4.1231309500e-03
25,337,-3.9600477716e-04
25,338,-5.2836262551e-03
25,339,6.3394261668e-03
25,340,-2.6375452200e-04
25,341,6.0789848990e-03
25,360,-3.7694075228e-03
25,361,2.2889514747e-03
25,362,2.2760049862e-03
25,363,-5.6560589426e-03
25,364,3.2658301537e-03
25,365,-5.3662526493e-03
26,24,2.3742676034e-02
26,25,6.2229657716e-03
26,26,7.5093103689e-02
26,27,1.7470398122e-02
26,28,-4.1729877912e-03
26,29,-1.1335661685e-02
26,84,-1.1023681705e-02
26,85,-1.8134585074e-02
26,86,-2.1037899463e-02
26,87,-8.2098368078e-03
26,88,-1.3274026180e-02
26,89,1.1872658134e-03
26,306,-1.4644717824e-02
26,307,2.4246796227e-02
26,308,-2.8516505941e-02
26,309,-7.0051684031e-03
26,310,1.1268461023e-02
26,311,3.5093746199e-03
26,336,2.9349928423e-03
26,337,5.4676050490e-03
26,338,3.3101125537e-03
26,339,1.4064399311e-03
26,340,4.9365115758e-03
26,341,-3.9269496294e-03
26,360,-1.0092693477e-03
26,361,-1.3179997334e-04
26,362,1.7396001198e-03
26,363,-1.8776232349e-03
26,364,2.9568595760e-05
26,365,-2.6270474353e-03
27,24,1.2238664215e-02
27,25,-4.1749097943e-03
27,26,1.7470398122e-02
27,27,6.1332236149e-02
27,28,7.1490656803e-03
27,29,3.6527133162e-02
27,84,-3.6467488656e-03
27,85,-5.8826918149e-03
27,86,-6.5306366273e-03
27,87,-4.7051410467e-03
27,88,-7.5878839466e-03
27,89,-2.7476818029e-03
27,306,-2.4939076079e-03
27,307,3.9538327497e-03
27,308,-4.2064971626e-03
27,309,-5.5783934127e-03
27,310,9.1141958063e-03
27,311,-3.6910757379e-03
27,336,8.4837767654e-03
27,337,7.2492240347e-03
27,338,7.0611617390e-04
27,339,8.6857404984e-03
27,340,5.8419118561e-03
27,341,1.4105083260e-03
27,360,4.8539820101e-03
27,361,-3.6089662681e-03
27,362,-1.8962382501e-03
27,363,6.9600234901e-03
27,364,-4.9419065421e-03
27,365,5.8575770662e-03
28,24,-4.1749097943e-03
28,25,2.8149727520e-02
28,26,-4.1729877912e-03
28,27,7.1490656803e-03
28,28,7.4319359208e-02
28,29,-6.8474550530e-03
28,84,6.1467917739e-03
28,85,9.9137864759e-03
28,86,1.1001266714e-02
28,87,7.9326036335e-03
28,88,1.2788474497e-02
28,89,4.6726642564e-03
28,306,-4.3170916912e-03
28,307,6.8537028506e-03
28,308,-7.3168019671e-03
28,309,-9.3967327593e-03
28,310,1.5345394850e-02
28,311,-6.2223482742e-03
28,336,-2.6679410944e-03
28,337,6.3532531071e-04
28,338,4.5893649184e-03
28,339,-4.3059568069e-03
28,340,1.6845045855e-04
28,341,-4.2695285978e-03
28,360,5.0131508059e-03
28,361,-3.2541475804e-03
28,362,-2.7175319698e-03
28,363,7.4189850943e-03
28,364,-4.5849922162e-03
28,365,6.7960230247e-03
29,24,2.7725331364e-02
29,25,5.0232215925e-03
29,26,-1.1335661685e-02
29,27,3.6527133162e-02
29,28,-6.8474550530e-03
29,29,8.0308678569e-02
29,84,1.2273846367e-03
29,85,2.2063853175e-03
29,86,3.0297505383e-03
29,87,-2.1793771808e-03
29,88,-3.4459035399e-03
29,89,-5.8129583368e-03
29,306,1.9703164969e-03
29,307,-3.4031052577e-03
29,308,4.3547787353e-03
29,309,-2.5001347099e-03
29,310,4.0329040292e-03
29,311,-6.5451899615e-03
29,336,-2.7113632509e-03
29,337,-6.1063027469e-03
29,338,-6.0805002261e-03
29,339,-7.2514914363e-04
29,340,-4.6647574607e-03
29,341,4.6494517805e-03
29,360,-3.7554295706e-03
29,361,3.2883255240e-03
29,362,6.7808281538e-04
29,363,-5.1408348299e-03
29,364,4.3691432725e-03
29,365,-3.7409429517e-03
30,30,3.4823831023e-02
30,31,-9.8643176396e-03
30,32,2.2320191249e-02
30,33,3.6872768252e-05
30,34,-1.9475077310e-03
30,35,2.7111143414e-02
30,90,-7.4546632197e-03
30,91,2.4936921135e-03
30,92,1.9663993156e-03
30,93,-1.2368881203e-02
30,94,4.3555598138e-03
30,95,-1.4620481113e-02
30,300,-5.9749513776e-03
30,301,6.9153377496e-03
30,302,-2.9602497888e-03
30,303,5.3855413865e-03
30,304,-5.3158447691e-03
30,305,-2.6082209612e-04
30,318,-5.3305959118e-03
30,319,7.0263311106e-03
30,320,-4.7035788822e-03
30,321,-3.6199016059e-03
30,322,4.1717569913e-03
30,323,1.7672421791e-03
30,450,-6.5867371877e-03
30,451,3.6195734058e-03
30,452,1.7047257533e-03
30,453,1.1162553270e-02
30,454,-6.2030443541e-03
30,455,-1.3786737225e-02
31,30,-9.8643176396e-03
31,31,5.6034987754e-02
31,32,-2.9178558622e-02
31,33,-1.9475077310e-03
31,34,8.4131973846e-05
31,35,-1.5296334366e-02
31,90,3.3340182603e-03
31,91,-5.5770826442e-03
31,92,2.4579657354e-03
31,93,5.7317410115e-03
31,94,-9.4179342493e-03
31,95,7.2804717702e-03
31,300,-6.6741243468e-03
31,301,7.0586538633e-03
31,302,-1.5832425457e-03
31,303,6.9962144486e-03
31,304,-6.4724458276e-03
31,305,-2.2674610970e-03
31,318,-6.7313575882e-03
31,319,8.5555672082e-03
31,320,-5.0047922286e-03
31,321,-5.2498620650e-03
31,322,5.9472710568e-03
31,323,1.2010080061e-03
31,450,3.9316989819e-03
31,451,-5.1077635202e-03
31,452,2.6038710479e-03
31,453,-6.7291112734e-03
31,454,8.7335892003e-03
31,455,8.4797747178e-03
32,30,2.2320191249e-02
32,31,-2.9178558622e-02
32,32,7.0232379770e-02
32,33,6.4417012809e-05
32,34,-2.3000168331e-03
32,35,-1.9278883067e-02
32,90,2.0893604146e-03
32,91,3.7631407823e-03
32,92,-6.5592645710e-03
32,93,3.2667932664e-03
32,94,6.3565706120e-03
32,95,3.3507513231e-03
32,300,-2.4475211186e-03
32,301,1.1694314003e-03
32,302,3.0173822312e-03
32,303,4.6550048850e-03
32,304,-3.4145898688e-03
32,305,-5.2031675758e-03
32,318,-3.9404751713e-03
32,319,4.2984401047e-03
32,320,-8.5641125533e-04
32,321,-4.5923756631e-03
32,322,4.9653391763e-03
32,323,-1.6899226393e-03
32,450,1.5800783077e-03
32,451,3.0654363382e-03
32,452,-6.5613160793e-03
32,453,-2.5895949472e-03
32,454,-5.2533235111e-03
32,455,2.9725081280e-03
33,30,3.6872768252e-05
33,31,-1.9475077310e-03
33,32,6.4417012809e-05
33,33,5.9694808722e-02
33,34,-2.3687936947e-02
33,35,4.9180539081e-04
33,90,1.2336617175e-02
33,91,-3.8960263755e-03
33,92,-3.4267667745e-03
33,93,2.0457927947e-02
33,94,-6.8213606763e-03
33,95,2.4153807339e-02
33,300,-5.2857372707e-03
33,301,7.0521840176e-03
33,302,-5.0373345248e-03
33,303,3.3826712522e-03
33,304,-3.9458978138e-03
33,305,2.5539541173e-03
33,318,4.4559018653e-03
33,319,-6.4989185045e-03
33,320,5.7754426843e-03
33,321,1.6760065544e-03
33,322,-2.1326664882e-03
33,323,-3.5270515306e-03
33,450,-1.1164085983e-02
33,451,6.0664942901e-03
33,452,2.9735006771e-03
33,453,1.8917491114e-02
33,454,-1.0396494911e-02
33,455,-2.3358870468e-02
34,30,-1.9475077310e-03
34,31,8.4131973846e-05
34,32,-2.3000168331e-03
34,33,-2.3687936947e-02
34,34,6.5204197071e-02
34,35,-6.2204349711e-03
34,90,-5.3054720251e-03
34,91,9.0553358594e-03
34,92,-3.9229161405e-03
34,93,-9.1287179487e-03
34,94,1.5283435669e-02
34,95,-1.1613838257e-02
34,300,-4.9027593960e-03
34,301,6.1291784747e-03
34,302,-3.5125053735e-03
34,303,3.7431618326e-03
34,304,-4.1125465222e-03
34,305,1.3510118971e-03
34,318,4.9164865508e-03
34,319,-7.0052863098e-03
34,320,5.8512984466e-03
34,321,2.2014074659e-03
34,322,-2.7691843606e-03
34,323,-3.5104545457e-03
34,450,6.5982563789e-03
34,451,-8.5803559783e-03
34,452,4.3528262144e-03
34,453,-1.1292659228e-02
34,454,1.4670088049e-02
34,455,1.4229860498e-02
35,30,2.7111143414e-02
35,31,-1.5296334366e-02
35,32,-1.9278883067e-02
35,33,4.9180539081e-04
35,34,-6.2204349711e-03
35,35,7.8887605846e-02
35,90,-1.4502165170e-02
35,91,3.9973108738e-03
35,92,4.4569583110e-03
35,93,-2.4020880700e-02
35,94,7.0429995722e-03
35,95,-2.8289087380e-02
35,300,-1.2302250454e-04
35,301,1.9910127562e-03
35,302,-4.9910331118e-03
35,303,-2.6221981308e-03
35,304,1.5806808917e-03
35,305,5.1834837887e-03
35,318,2.1883819376e-04
35,319,8.8075823365e-04
35,320,-3.3262110216e-03
35,321,2.6717944313e-03
35,322,-2.8446626806e-03
35,323,3.4168776988e-03
35,450,-1.3792535037e-02
35,451,7.3199332919e-03
35,452,3.8877089461e-03
35,453,2.3365486815e-02
35,454,-1.2544708589e-02
35,455,-2.8836034056e-02
36,36,3.3118276454e-02
36,37,-4.8849275627e-03
36,38,1.4185400279e-02
36,39,-5.0710184952e-04
36,40,2.7633258178e-03
36,41,8.8420107904e-03
36,42,-8.4526709505e-03
36,43,8.8629598937e-03
36,44,-2.3259274622e-03
36,45,-4.1163311835e-03
36,46,2.1833417280e-03
36,47,3.1206271542e-03
36,168,-6.0029645990e-03
36,169,-1.9265324948e-03
36,170,4.1641610789e-03
36,171,-8.7633820002e-03
36,172,-2.3342025108e-03
36,173,-7.7448011660e-03
36,270,-5.2199029739e-03
36,271,5.2544845755e-03
36,272,-1.0557579988e-03
36,273,5.7492979493e-03
36,274,-5.0179645196e-03
36,275,-1.9975176949e-03
36,294,-7.0206511350e-03
36,295,-1.1548621627e-02
36,296,-1.3397511278e-02
36,297,-2.7074239341e-05
36,298,1.0990457631e-04
36,299,5.2059458711e-03
36,438,-6.4220867953e-03
36,439,-3.5318878003e-03
36,440,2.7387628724e-03
36,441,7.9703195550e-03
36,442,3.3817709636e-03
36,443,-4.4301505480e-03
37,36,-4.8849275627e-03
37,37,4.6914557811e-02
37,38,-1.7843700973e-02
37,39,2.7633258178e-03
37,40,1.5149564424e-03
37,41,-3.8824292433e-04
37,42,-9.1814937639e-03
37,43,8.4496870769e-03
37,44,2.3435876704e-04
37,45,-6.4851417246e-03
37,46,3.9097974048e-03
37,47,1.1967204845e-03
37,168,3.3545289062e-03
37,169,-8.2215181048e-04
37,170,-3.6895491272e-03
37,171,5.4432240861e-03
37,172,-1.2921840581e-03
37,173,6.1106509614e-03
37,270,-5.3042995856e-03
37,271,4.4734737763e-03
37,272,8.7640596682e-04
37,273,6.6002489778e-03
37,274,-4.9083006429e-03
37,275,-3.8966279271e-03
37,294,1.1574427663e-02
37,295,1.9026602876e-02
37,296,2.2040422226e-02
37,297,1.9241749768e-04
37,298,6.1850626993e-05
37,299,-8.5813832035e-03
37,438,4.4417643433e-03
37,439,2.9126444611e-04
37,440,-4.5400755300e-03
37,441,-6.5724352822e-03
37,442,-2.5161566719e-04
37,443,6.0052878605e-03
38,36,1.4185400279e-02
38,37,-1.7843700973e-02
38,38,5.3835231741e-02
38,39,2.2528028821e-03
38,40,5.8209109942e-03
38,41,-2.9595075643e-02
38,42,-2.9375428344e-03
38,43,2.2008045821e-04
38,44,5.7324162764e-03
38,45,-6.3219788908e-03
38,46,4.2430227257e-03
38,47,-4.7212712606e-03
38,168,2.1887408063e-03
38,169,3.0749669595e-03
38,170,-4.1644501992e-04
38,171,2.5127956660e-03
38,172,4.2499718556e-03
38,173,5.4662081035e-04
38,270,-1.1428498897e-03
38,271,-8.1729112793e-04
38,272,4.0537445471e-03
38,273,2.9810657458e-03
38,274,-5.5245566427e-04
38,275,-4.7888816936e-03
38,294,-1.3491905620e-02
38,295,-2.2146352003e-02
38,296,-2.5572618652e-02
38,297,-5.9681675158e-04
38,298,-6.8441799571e-04
38,299,9.9966999224e-03
38,438,1.1981572590e-03
38,439,3.9863924832e-03
38,440,2.8597132960e-03
38,441,1.5209730763e-04
38,442,-4.1765555725e-03
38,443,-3.8968074883e-03
39,36,-5.0710184952e-04
39,37,2.7633258178e-03
39,38,2.2528028821e-03
39,39,4.1495156394e-02
39,40,-5.3020989093e-03
39,41,-2.9919924494e-03
39,42,5.0212727343e-03
39,43,-7.3860376696e-03
39,44,6.3546669313e-03
39,45,-1.1941457601e-03
39,46,1.4861785112e-03
39,47,-5.8168986987e-03
39,168,8.7691519727e-03
39,169,3.2902085800e-03
39,170,-5.7414921283e-03
39,171,1.2663896654e-02
39,172,4.0603911986e-03
39,173,1.0864180565e-02
39,270,-5.8777751007e-03
39,271,6.6548366292e-03
39,272,-2.8502186967e-03
39,273,5.8254028939e-03
39,274,-5.8105728051e-03
39,275,-6.5213641326e-04
39,294,1.0326716472e-03
39,295,1.8617026776e-03
39,296,2.5702278541e-03
39,297,-2.4937768060e-03
39,298,-4.1242268771e-03
39,299,-7.8728404884e-04
39,438,-8.4382194041e-03
39,439,-5.4926622289e-03
39,440,2.5508479973e-03
39,441,1.0051600169e-02
39,442,5.2693252101e-03
39,443,-4.6528689258e-03
40,36,2.7633258178e-03
40,37,1.5149564424e-03
40,38,5.8209109942e-03
40,39,-5.3020989093e-03
40,40,3.1089576355e-02
40,41,1.8488438103e-03
40,42,3.4488171334e-03
40,43,-5.2206420015e-03
40,44,4.4454939898e-03
40,45,-1.0773823227e-03
40,46,8.1306925705e-04
40,47,-5.0505920633e-03
40,168,-4.3553871167e-03
40,169,1.1099358646e-03
40,170,4.9553848848e-03
40,171,-7.0790369462e-03
40,172,1.7011494223e-03
40,173,-7.9609755911e-03
40,270,-5.2431428864e-03
40,271,5.0528087376e-03
40,272,-4.4415101399e-04
40,273,5.9694385188e-03
40,274,-5.0741316400e-03
40,275,-2.4013419544e-03
40,294,-1.5462106542e-03
40,295,-2.8103015442e-03
40,296,-3.9318220419e-03
40,297,4.0901705321e-03
40,298,6.7572644114e-03
40,299,1.2288586587e-03
40,438,4.9325977062e-03
40,439,4.7501477975e-04
40,440,-5.1105554745e-03
40,441,-7.2232039778e-03
40,442,-5.3868219092e-04
40,443,6.3971067182e-03
41,36,8.8420107904e-03
41,37,-3.8824292433e-04
41,38,-2.9595075643e-02
41,39,-2.9919924494e-03
41,40,1.8488438103e-03
41,41,3.8941274857e-02
41,42,2.0665409014e-03
41,43,6.5056996770e-04
41,44,-6.5687555352e-03
41,45,5.8407351710e-03
41,46,-5.0472545638e-03
41,47,2.9341373982e-03
41,168,-7.7625627676e-03
41,169,-4.0458155581e-03
41,170,4.2315233704e-03
41,171,-1.0882369629e-02
41,172,-5.1336660964e-03
41,173,-8.5500074583e-03
41,270,-2.2597864136e-03
41,271,4.1332501149e-03
41,272,-4.7443508838e-03
41,273,8.5614919323e-04
41,274,-2.4937034295e-03
41,275,3.0759595320e-03
41,294,4.7291796850e-03
41,295,7.7256507774e-03
41,296,8.8237116945e-03
41,297,8.3976179655e-04
41,298,1.3289618016e-03
41,299,-4.3883297948e-03
41,438,-5.6153821957e-03
41,439,-5.5913945288e-03
41,440,-7.9632831087e-04
41,441,5.7324952465e-03
41,442,5.3334468084e-03
41,443,-4.6948065227e-04
42,36,-8.4526709505e-03
42,37,-9.1814937639e-03
42,38,-2.9375428344e-03
42,39,5.0212727343e-03
42,40,3.4488171334e-03
42,41,2.0665409014e-03
42,42,3.6005252841e-02
42,43,1.2320318651e-02
42,44,2.6334129044e-02
42,45,-2.5589775146e-03
42,46,4.3655880021e-03
42,47,2.3440982478e-02
42,168,-2.9292446675e-03
42,169,-4.2937456706e-03
42,170,-3.8274893517e-03
42,171,-2.1664087642e-03
42,172,-3.0634833473e-03
42,173,1.2502418086e-03
42,270,-5.4907758652e-03
42,271,-3.8894706907e-03
42,272,9.1944702825e-04
42,273,9.1614128116e-03
42,274,6.3911976841e-03
42,275,-1.0956199550e-02
42,366,-7.6753750936e-03
42,367,-3.3131676164e-03
42,368,2.1552554228e-03
42,369,-1.2574057508e-02
42,370,-5.1514560535e-03
42,371,-1.4468089405e-02
43,36,8.8629598937e-03
43,37,8.4496870769e-03
43,38,2.2008045821e-04
43,39,-7.3860376696e-03
43,40,-5.2206420015e-03
43,41,6.5056996770e-04
43,42,1.2320318651e-02
43,43,6.0940557044e-02
43,44,3.5810016368e-02
43,45,4.3655880021e-03
43,46,-7.8733620895e-03
43,47,1.7724144164e-02
43,168,4.1298115633e-03
43,169,5.9799227346e-03
43,170,5.1547934839e-03
43,171,3.1892272440e-03
43,172,4.4623387733e-03
43,173,-1.5395673314e-03
43,270,-3.6542871186e-03
43,271,-4.5868205581e-03
43,272,-2.5532142433e-03
43,273,5.9945786651e-03
43,274,7.5149489980e-03
43,275,-6.9087830265e-03
43,366,-2.3104849933e-03
43,367,-5.7583759038e-03
43,368,-3.9466780025e-03
43,369,-3.4806887358e-03
43,370,-9.2189870827e-03
43,371,-3.2400974809e-03
44,36,-2.3259274622e-03
44,37,2.3435876704e-04
44,38,5.7324162764e-03
44,39,6.3546669313e-03
44,40,4.4454939898e-03
44,41,-6.5687555352e-03
44,42,2.6334129044e-02
44,43,3.5810016368e-02
44,44,7.8905206453e-02
44,45,-5.8068591074e-03
44,46,7.6162833805e-03
44,47,-1.0299030285e-02
44,168,-3.3309662255e-03
44,169,-4.6503881563e-03
44,170,-3.5930686847e-03
44,171,-2.8887843913e-03
44,172,-3.9321055504e-03
44,173,7.1226394930e-04
44,270,1.0864150709e-03
44,271,-2.2041723545e-03
44,272,-5.6194313194e-03
44,273,-1.9654329275e-03
44,274,3.5555927109e-03
