0,0,2.5387297983e-03
0,1,-3.0736686178e-04
0,2,-7.3011086952e-04
0,3,7.9447584915e-05
0,4,-1.7035201048e-04
0,5,-8.3039102380e-04
1,0,-3.0736686178e-04
1,1,1.8856987842e-03
1,2,-3.3912866633e-04
1,3,-1.7035201048e-04
1,4,1.2689139179e-04
1,5,-1.2116578852e-05
2,0,-7.3011086952e-04
2,1,-3.3912866633e-04
2,2,1.8936875422e-03
2,3,5.3043788640e-05
2,4,-6.5961989761e-05
2,5,-1.1010756409e-04
3,0,7.9447584915e-05
3,1,-1.7035201048e-04
3,2,5.3043788640e-05
3,3,1.7960054875e-03
3,4,-3.1820425937e-04
3,5,7.7511081784e-05
4,0,-1.7035201048e-04
4,1,1.2689139179e-04
4,2,-6.5961989761e-05
4,3,-3.1820425937e-04
4,4,1.0548884221e-03
4,5,-1.5300588332e-04
5,0,-8.3039102380e-04
5,1,-1.2116578852e-05
5,2,-1.1010756409e-04
5,3,7.7511081784e-05
5,4,-1.5300588332e-04
5,5,1.7829914702e-03
6,6,2.4849344328e-03
6,7,-5.9530310259e-05
6,8,-5.7169696664e-04
6,9,-2.3630758177e-05
6,10,1.4699401719e-05
6,11,-1.1224656446e-03
7,6,-5.9530310259e-05
7,7,1.9735931208e-03
7,8,-5.0758404523e-05
7,9,1.4699401719e-05
7,10,-2.9989450621e-05
7,11,-3.5465990084e-06
8,6,-5.7169696664e-04
8,7,-5.0758404523e-05
8,8,2.2031024423e-03
8,9,-7.1092342757e-06
8,10,3.2092872211e-05
8,11,-2.9257291673e-04
9,6,-2.3630758177e-05
9,7,1.4699401719e-05
9,8,-7.1092342757e-06
9,9,1.4809706393e-03
9,10,-6.2702484848e-05
9,11,-1.0393140755e-05
10,6,1.4699401719e-05
10,7,-2.9989450621e-05
10,8,3.2092872211e-05
10,9,-6.2702484848e-05
10,10,7.3557099391e-04
10,11,-1.0139856901e-05
11,6,-1.1224656446e-03
11,7,-3.5465990084e-06
11,8,-2.9257291673e-04
11,9,-1.0393140755e-05
11,10,-1.0139856901e-05
11,11,1.6953846326e-03
12,12,2.4408044882e-03
12,13,-1.1980471873e-05
12,14,-1.1209003840e-03
12,15,-2.4804830643e-04
12,16,-1.4058208249e-04
12,17,-7.5422886097e-04
13,12,-1.1980471873e-05
13,13,1.4382407064e-03
13,14,6.1568998826e-05
13,15,-1.4058208249e-04
13,16,-3.2491051431e-04
13,17,-7.7422619134e-06
14,12,-1.1209003840e-03
14,13,6.1568998826e-05
14,14,1.7168229953e-03
14,15,-8.5934560856e-05
14,16,-5.2864319759e-05
14,17,-1.1930763658e-04
15,12,-2.4804830643e-04
15,13,-1.4058208249e-04
15,14,-8.5934560856e-05
15,15,1.7662016867e-03
15,16,-1.8905361448e-05
15,17,-3.0940701378e-05
16,12,-1.4058208249e-04
16,13,-3.2491051431e-04
16,14,-5.2864319759e-05
16,15,-1.8905361448e-05
16,16,6.6819179560e-04
16,17,-2.3709748288e-05
17,12,-7.5422886097e-04
17,13,-7.7422619134e-06
17,14,-1.1930763658e-04
17,15,-3.0940701378e-05
17,16,-2.3709748288e-05
17,17,1.9560089237e-03
18,18,2.4093164575e-03
18,19,2.9224350129e-04
18,20,-6.0246528698e-04
18,21,-6.5031412912e-05
18,22,-1.9013120153e-05
18,23,-1.0874796642e-03
19,18,2.9224350129e-04
19,19,1.8704551232e-03
19,20,2.0936540571e-04
19,21,-1.9013120153e-05
19,22,-7.3831209310e-05
19,23,2.4576559965e-05
20,18,-6.0246528698e-04
20,19,2.0936540571e-04
20,20,2.0330062454e-03
20,21,-9.8384714668e-06
20,22,-4.3534050828e-05
20,23,-1.9006942091e-04
21,18,-6.5031412912e-05
21,19,-1.9013120153e-05
21,20,-9.8384714668e-06
21,21,1.4366450762e-03
21,22,3.1422544478e-04
21,23,-3.1513640222e-05
22,18,-1.9013120153e-05
22,19,-7.3831209310e-05
22,20,-4.3534050828e-05
22,21,3.1422544478e-04
22,22,7.4572820517e-04
22,23,-7.2892145994e-06
23,18,-1.0874796642e-03
23,19,2.4576559965e-05
23,20,-1.9006942091e-04
23,21,-3.1513640222e-05
23,22,-7.2892145994e-06
23,23,1.6512358110e-03
24,24,2.5070359242e-03
24,25,2.2853352658e-04
24,26,-3.5250793053e-04
24,27,6.6498124029e-04
24,28,-2.1610528816e-04
24,29,-4.3788943618e-04
25,24,2.2853352658e-04
25,25,2.1917432461e-03
25,26,1.2766670441e-04
25,27,-2.1610528816e-04
25,28,8.5301676716e-04
25,29,2.9823056670e-05
26,24,-3.5250793053e-04
26,25,1.2766670441e-04
26,26,2.1550769335e-03
26,27,2.1023011014e-04
26,28,-4.8389729775e-05
26,29,4.1942923608e-05
27,24,6.6498124029e-04
27,25,-2.1610528816e-04
27,26,2.1023011014e-04
27,27,2.1153757058e-03
27,28,2.5520807938e-04
27,29,7.6271722715e-04
28,24,-2.1610528816e-04
28,25,8.5301676716e-04
28,26,-4.8389729775e-05
28,27,2.5520807938e-04
28,28,1.8336373666e-03
28,29,-8.1989999981e-05
29,24,-4.3788943618e-04
29,25,2.9823056670e-05
29,26,4.1942923608e-05
29,27,7.6271722715e-04
29,28,-8.1989999981e-05
29,29,2.2158495998e-03
30,30,2.6486627540e-03
30,31,-6.0533523050e-04
30,32,-5.2812210024e-04
30,33,-2.1992277308e-05
30,34,-1.0553653387e-04
30,35,-3.9818982200e-04
31,30,-6.0533523050e-04
31,31,2.1762959874e-03
31,32,-7.5952173102e-04
31,33,-1.0553653387e-04
31,34,-1.0274101613e-05
31,35,-2.0049231065e-04
32,30,-5.2812210024e-04
32,31,-7.5952173102e-04
32,32,2.2953498971e-03
32,33,1.3101318712e-05
32,34,-2.8963213058e-05
32,35,-1.4671225543e-04
33,30,-2.1992277308e-05
33,31,-1.0553653387e-04
33,32,1.3101318712e-05
33,33,2.2925109500e-03
33,34,-7.8466100474e-04
33,35,2.7452468375e-05
34,30,-1.0553653387e-04
34,31,-1.0274101613e-05
34,32,-2.8963213058e-05
34,33,-7.8466100474e-04
34,34,1.7027743791e-03
34,35,-1.3371359954e-04
35,30,-3.9818982200e-04
35,31,-2.0049231065e-04
35,32,-1.4671225543e-04
35,33,2.7452468375e-05
35,34,-1.3371359954e-04
35,35,2.3196139422e-03
36,36,2.2687478038e-03
36,37,-3.3868723148e-04
36,38,-7.5699697148e-04
36,39,1.4511608558e-05
36,40,1.5419629257e-04
36,41,-8.8335675845e-04
37,36,-3.3868723148e-04
37,37,1.5916691290e-03
37,38,-4.0088229020e-04
37,39,1.5419629257e-04
37,40,5.6441309067e-05
37,41,1.6450711321e-04
38,36,-7.5699697148e-04
38,37,-4.0088229020e-04
38,38,1.7874775653e-03
38,39,4.6878830308e-05
38,40,7.2907725215e-05
38,41,-8.0772053241e-05
39,36,1.4511608558e-05
39,37,1.5419629257e-04
39,38,4.6878830308e-05
39,39,1.4786494997e-03
39,40,-1.9154759632e-04
39,41,-9.0178327327e-05
40,36,1.5419629257e-04
40,37,5.6441309067e-05
40,38,7.2907725215e-05
40,39,-1.9154759632e-04
40,40,7.3695318229e-04
40,41,9.7645034192e-06
41,36,-8.8335675845e-04
41,37,1.6450711321e-04
41,38,-8.0772053241e-05
41,39,-9.0178327327e-05
41,40,9.7645034192e-06
41,41,1.5568439290e-03
42,42,2.5240809644e-03
42,43,6.9677824130e-04
42,44,-4.3438249876e-04
42,45,-2.2031689100e-04
42,46,2.4457549186e-04
42,47,-3.7393570019e-04
43,42,6.9677824130e-04
43,43,2.1355574462e-03
43,44,7.7528001822e-04
43,45,2.4457549186e-04
43,46,-2.7268401825e-04
43,47,1.9644089655e-04
44,42,-4.3438249876e-04
44,43,7.7528001822e-04
44,44,2.2444971402e-03
44,45,-5.8548228166e-05
44,46,9.9144547969e-05
44,47,8.1006592150e-05
45,42,-2.2031689100e-04
45,43,2.4457549186e-04
45,44,-5.8548228166e-05
45,45,2.1896227065e-03
45,46,8.7248032060e-04
45,47,-6.6520337032e-05
46,42,2.4457549186e-04
46,43,-2.7268401825e-04
46,44,9.9144547969e-05
46,45,8.7248032060e-04
46,46,1.8659044620e-03
46,47,5.7324207912e-05
47,42,-3.7393570019e-04
47,43,1.9644089655e-04
47,44,8.1006592150e-05
47,45,-6.6520337032e-05
47,46,5.7324207912e-05
47,47,2.1214743896e-03
48,48,2.4781027892e-03
48,49,-7.1991313056e-05
48,50,-7.7147013413e-04
48,51,-9.4469449163e-06
48,52,-6.2772030853e-05
48,53,-1.1303881429e-03
49,48,-7.1991313056e-05
49,49,1.7880789242e-03
49,50,-1.9064716311e-04
49,51,-6.2772030853e-05
49,52,-4.8143424437e-05
49,53,1.0642573690e-04
50,48,-7.7147013413e-04
50,49,-1.9064716311e-04
50,50,1.9484423715e-03
50,51,-4.3263979349e-05
50,52,8.1046239377e-05
50,53,-1.4263336993e-04
51,48,-9.4469449163e-06
51,49,-6.2772030853e-05
51,50,-4.3263979349e-05
51,51,1.4670528978e-03
51,52,2.3198759847e-05
51,53,1.1619841144e-05
52,48,-6.2772030853e-05
52,49,-4.8143424437e-05
52,50,8.1046239377e-05
52,51,2.3198759847e-05
52,52,6.6292233686e-04
52,53,-1.0224421879e-04
53,48,-1.1303881429e-03
53,49,1.0642573690e-04
53,50,-1.4263336993e-04
53,51,1.1619841144e-05
53,52,-1.0224421879e-04
53,53,1.7121187774e-03
54,54,2.5611301263e-03
54,55,-5.9009004607e-04
54,56,-4.8490303716e-04
54,57,-9.9517443123e-06
54,58,-2.0829092502e-05
54,59,-2.5797715751e-04
55,54,-5.9009004607e-04
55,55,2.1274196649e-03
55,56,-7.4762646792e-04
55,57,-2.0829092502e-05
55,58,-5.6132304618e-06
55,59,-2.7453013203e-04
56,54,-4.8490303716e-04
56,55,-7.4762646792e-04
56,56,2.2204106597e-03
56,57,4.8506059455e-06
56,58,-9.4598597878e-06
56,59,-1.3010795719e-04
57,54,-9.9517443123e-06
57,55,-2.0829092502e-05
57,56,4.8506059455e-06
57,57,2.3303883420e-03
57,58,-8.3563726091e-04
57,59,-3.3029106827e-06
58,54,-2.0829092502e-05
58,55,-5.6132304618e-06
58,56,-9.4598597878e-06
58,57,-8.3563726091e-04
58,58,1.7925915148e-03
58,59,-2.3915008914e-05
59,54,-2.5797715751e-04
59,55,-2.7453013203e-04
59,56,-1.3010795719e-04
59,57,-3.3029106827e-06
59,58,-2.3915008914e-05
59,59,2.4177604638e-03
60,60,2.4424817012e-03
60,61,1.9130854159e-04
60,62,-3.6490866924e-04
60,63,-5.7401152177e-04
60,64,1.3703364720e-04
60,65,-4.1121175769e-04
61,60,1.9130854159e-04
61,61,2.1160974652e-03
61,62,1.6894317943e-04
61,63,1.3703364720e-04
61,64,-7.6735052174e-04
61,65,7.8163607056e-06
62,60,-3.6490866924e-04
62,61,1.6894317943e-04
62,62,2.0655898198e-03
62,63,-2.1615957333e-04
62,64,7.7865181569e-06
62,65,1.9284951409e-05
63,60,-5.7401152177e-04
63,61,1.3703364720e-04
63,62,-2.1615957333e-04
63,63,2.0746827239e-03
63,64,1.9829970714e-04
63,65,-7.2060522400e-04
64,60,1.3703364720e-04
64,61,-7.6735052174e-04
64,62,7.7865181569e-06
64,63,1.9829970714e-04
64,64,1.7637264490e-03
64,65,7.5352870412e-05
65,60,-4.1121175769e-04
65,61,7.8163607056e-06
65,62,1.9284951409e-05
65,63,-7.2060522400e-04
65,64,7.5352870412e-05
65,65,2.1269942408e-03
66,66,2.4643477932e-03
66,67,3.3678539663e-05
66,68,-2.6215217164e-04
66,69,-5.7388063745e-04
66,70,5.2921493449e-05
66,71,-4.5716474420e-04
67,66,3.3678539663e-05
67,67,2.2298717628e-03
67,68,-1.3769917297e-05
67,69,5.2921493449e-05
67,70,-8.1284193776e-04
67,71,2.8304691511e-05
68,66,-2.6215217164e-04
68,67,-1.3769917297e-05
68,68,2.2925742022e-03
68,69,-2.6716685574e-04
68,70,4.8594342123e-06
68,71,-9.7942715215e-05
69,66,-5.7388063745e-04
69,67,5.2921493449e-05
69,68,-2.6716685574e-04
69,69,2.0554472153e-03
69,70,5.8995025384e-05
69,71,-7.2360649109e-04
70,66,5.2921493449e-05
70,67,-8.1284193776e-04
70,68,4.8594342123e-06
70,69,5.8995025384e-05
70,70,1.7426170126e-03
70,71,3.1483154554e-05
71,66,-4.5716474420e-04
71,67,2.8304691511e-05
71,68,-9.7942715215e-05
71,69,-7.2360649109e-04
71,70,3.1483154554e-05
71,71,2.1393235219e-03
72,72,2.5138817304e-03
72,73,-4.9307717749e-05
72,74,-1.0473703388e-03
72,75,-1.5447874613e-04
72,76,2.7500818644e-04
72,77,-6.7405242986e-04
73,72,-4.9307717749e-05
73,73,1.5770852204e-03
73,74,-7.2331815834e-06
73,75,2.7500818644e-04
73,76,-2.9536090572e-04
73,77,-1.8409909764e-04
74,72,-1.0473703388e-03
74,73,-7.2331815834e-06
74,74,1.6982451056e-03
74,75,-1.5751104283e-04
74,76,1.8044053136e-04
74,77,-3.2783517417e-05
75,72,-1.5447874613e-04
75,73,2.7500818644e-04
75,74,-1.5751104283e-04
75,75,1.9109909090e-03
75,76,-2.1397095652e-04
75,77,-2.8223623017e-05
76,72,2.7500818644e-04
76,73,-2.9536090572e-04
76,74,1.8044053136e-04
76,75,-2.1397095652e-04
76,76,9.4796758500e-04
76,77,1.2056195241e-04
77,72,-6.7405242986e-04
77,73,-1.8409909764e-04
77,74,-3.2783517417e-05
77,75,-2.8223623017e-05
77,76,1.2056195241e-04
77,77,1.8967817383e-03
78,78,2.4796499588e-03
78,79,-6.4483035118e-04
78,80,-4.4017089765e-04
78,81,-1.7298849492e-04
78,82,-1.3529122681e-04
78,83,-3.8999858262e-04
79,78,-6.4483035118e-04
79,79,2.0859491392e-03
79,80,-7.6447243123e-04
79,81,-1.3529122681e-04
79,82,-1.7688163184e-04
79,83,-2.4260144224e-04
80,78,-4.4017089765e-04
80,79,-7.6447243123e-04
80,80,2.1795353106e-03
80,81,-4.3526593946e-06
80,82,-5.4829903508e-05
80,83,2.2081001001e-05
81,78,-1.7298849492e-04
81,79,-1.3529122681e-04
81,80,-4.3526593946e-06
81,81,2.1308246220e-03
81,82,-8.6181967770e-04
81,83,-1.2275444006e-04
82,78,-1.3529122681e-04
82,79,-1.7688163184e-04
82,80,-5.4829903508e-05
82,81,-8.6181967770e-04
82,82,1.7547886033e-03
82,83,-4.8826842198e-06
83,78,-3.8999858262e-04
83,79,-2.4260144224e-04
83,80,2.2081001001e-05
83,81,-1.2275444006e-04
83,82,-4.8826842198e-06
83,83,2.1087839017e-03
84,84,2.8105589064e-03
84,85,-3.2799830508e-04
84,86,-2.9334179358e-04
84,87,3.6264232656e-04
84,88,2.5091566274e-04
84,89,-3.0629504676e-04
85,84,-3.2799830508e-04
85,85,2.5481860299e-03
85,86,-4.1040804238e-04
85,87,2.5091566274e-04
85,88,5.2519303206e-04
85,89,-1.3916814274e-04
86,84,-2.9334179358e-04
86,85,-4.1040804238e-04
86,86,2.5854742730e-03
86,87,1.8173721365e-04
86,88,1.8232015157e-04
86,89,-1.2482929720e-04
87,84,3.6264232656e-04
87,85,2.5091566274e-04
87,86,1.8173721365e-04
87,87,2.5366002881e-03
87,88,-4.5247407607e-04
87,89,4.5506686261e-04
88,84,2.5091566274e-04
88,85,5.2519303206e-04
88,86,1.8232015157e-04
88,87,-4.5247407607e-04
88,88,2.1743639739e-03
88,89,1.4917820338e-04
89,84,-3.0629504676e-04
89,85,-1.3916814274e-04
89,86,-1.2482929720e-04
89,87,4.5506686261e-04
89,88,1.4917820338e-04
89,89,2.5587351216e-03
90,90,2.4901651653e-03
90,91,-7.0205218756e-04
90,92,-4.3585373808e-04
90,93,2.2902715664e-04
90,94,2.3657746893e-04
90,95,-3.6000933274e-04
91,90,-7.0205218756e-04
91,91,2.1003257307e-03
91,92,-7.7003168659e-04
91,93,2.3657746893e-04
91,94,2.5667614869e-04
91,95,-2.1221239414e-04
92,90,-4.3585373808e-04
92,91,-7.7003168659e-04
92,92,2.2154735127e-03
92,93,3.0912512872e-05
92,94,7.4488929791e-05
92,95,5.9992842252e-05
93,90,2.2902715664e-04
93,91,2.3657746893e-04
93,92,3.0912512872e-05
93,93,2.1681630291e-03
93,94,-8.9186072314e-04
93,95,8.8685201454e-05
94,90,2.3657746893e-04
94,91,2.5667614869e-04
94,92,7.4488929791e-05
94,93,-8.9186072314e-04
94,94,1.8263178683e-03
94,95,5.9170623271e-05
95,90,-3.6000933274e-04
95,91,-2.1221239414e-04
95,92,5.9992842252e-05
95,93,8.8685201454e-05
95,94,5.9170623271e-05
95,95,2.1368864339e-03
96,96,2.4337271921e-03
96,97,2.4740914299e-05
96,98,-9.4861767715e-04
96,99,1.0869343507e-04
96,100,-3.5336925465e-05
96,101,-9.7155660210e-04
97,96,2.4740914299e-05
97,97,1.5852577478e-03
97,98,-1.9890185259e-04
97,99,-3.5336925465e-05
97,100,2.2598938631e-04
97,101,2.1555203435e-04
98,96,-9.4861767715e-04
98,97,-1.9890185259e-04
98,98,1.7978871579e-03
98,99,1.3114086023e-04
98,100,6.0867535562e-05
98,101,-7.2892027582e-05
99,96,1.0869343507e-04
99,97,-3.5336925465e-05
99,98,1.3114086023e-04
99,99,1.5647405496e-03
99,100,2.1753651490e-04
99,101,-1.1909472633e-04
100,96,-3.5336925465e-05
100,97,2.2598938631e-04
100,98,6.0867535562e-05
100,99,2.1753651490e-04
100,100,6.5795748322e-04
100,101,-7.7832402681e-05
101,96,-9.7155660210e-04
101,97,2.1555203435e-04
101,98,-7.2892027582e-05
101,99,-1.1909472633e-04
101,100,-7.7832402681e-05
101,101,1.7836212076e-03
102,102,2.5935928421e-03
102,103,5.7251570836e-04
102,104,-6.2449328611e-04
102,105,-1.6873462675e-04
102,106,1.6288450740e-04
102,107,-8.1904303671e-04
103,102,5.7251570836e-04
103,103,2.0350290664e-03
103,104,4.5662720022e-04
103,105,1.6288450740e-04
103,106,-2.3483449254e-04
103,107,7.9159394411e-05
104,102,-6.2449328611e-04
104,103,4.5662720022e-04
104,104,2.1204929822e-03
104,105,-7.3901896600e-05
104,106,1.6473508030e-05
104,107,-1.2926202851e-04
105,102,-1.6873462675e-04
105,103,1.6288450740e-04
105,104,-7.3901896600e-05
105,105,1.8610184795e-03
105,106,6.4331802314e-04
105,107,2.7800307155e-05
106,102,1.6288450740e-04
106,103,-2.3483449254e-04
106,104,1.6473508030e-05
106,105,6.4331802314e-04
106,106,1.1990450810e-03
106,107,-6.7698727579e-06
107,102,-8.1904303671e-04
107,103,7.9159394411e-05
107,104,-1.2926202851e-04
107,105,2.7800307155e-05
107,106,-6.7698727579e-06
107,107,1.9042120787e-03
108,108,2.3918184132e-03
108,109,9.8410470703e-05
108,110,-1.6820741466e-04
108,111,-4.3988672848e-04
108,112,1.3613793997e-04
108,113,-3.9524034471e-04
109,108,9.8410470703e-05
109,109,2.2413691278e-03
109,110,1.0795543237e-05
109,111,1.3613793997e-04
109,112,-5.7040569345e-04
109,113,1.0984169844e-04
110,108,-1.6820741466e-04
110,109,1.0795543237e-05
110,110,2.2203829000e-03
110,111,-1.4592463901e-04
110,112,1.7594797836e-05
110,113,-7.1994552662e-05
111,108,-4.3988672848e-04
111,109,1.3613793997e-04
111,110,-1.4592463901e-04
111,111,2.0383047019e-03
111,112,1.9665587249e-04
111,113,-6.2191614764e-04
112,108,1.3613793997e-04
112,109,-5.7040569345e-04
112,110,1.7594797836e-05
112,111,1.9665587249e-04
112,112,1.8302597744e-03
112,113,1.2612766243e-04
113,108,-3.9524034471e-04
113,109,1.0984169844e-04
113,110,-7.1994552662e-05
113,111,-6.2191614764e-04
113,112,1.2612766243e-04
113,113,2.0490615588e-03
114,114,2.6510680636e-03
114,115,1.9945427572e-04
114,116,-7.1864949837e-04
114,117,-3.0336313585e-04
114,118,-4.0163646627e-05
114,119,-9.6080854279e-04
115,114,1.9945427572e-04
115,115,2.0082884115e-03
115,116,1.8131393669e-04
115,117,-4.0163646627e-05
115,118,-4.0192172289e-04
115,119,1.6985670918e-05
116,114,-7.1864949837e-04
116,115,1.8131393669e-04
116,116,2.0414092106e-03
116,117,-1.1019185020e-04
116,118,-4.5306171721e-06
116,119,-1.5400400123e-04
117,114,-3.0336313585e-04
117,115,-4.0163646627e-05
117,116,-1.1019185020e-04
117,117,1.7916947776e-03
117,118,2.1464672165e-04
117,119,-1.9345759447e-04
118,114,-4.0163646627e-05
118,115,-4.0192172289e-04
118,116,-4.5306171721e-06
118,117,2.1464672165e-04
118,118,1.0257119245e-03
118,119,-1.0631591167e-04
119,114,-9.6080854279e-04
119,115,1.6985670918e-05
119,116,-1.5400400123e-04
119,117,-1.9345759447e-04
119,118,-1.0631591167e-04
119,119,1.8572069514e-03
120,120,2.4946770511e-03
120,121,2.3389162500e-05
120,122,-5.5132009821e-04
120,123,-1.4603178942e-04
120,124,1.6746111667e-04
120,125,-1.0290761059e-03
121,120,2.3389162500e-05
121,121,2.0015613643e-03
121,122,-1.4668857573e-05
121,123,1.6746111667e-04
121,124,-2.0046872299e-04
121,125,1.2256773668e-05
122,120,-5.5132009821e-04
122,121,-1.4668857573e-05
122,122,2.1118015430e-03
122,123,-6.0862341978e-05
122,124,-2.8523609986e-05
122,125,-2.2604625359e-04
123,120,-1.4603178942e-04
123,121,1.6746111667e-04
123,122,-6.0862341978e-05
123,123,1.5742434003e-03
123,124,3.4351954142e-05
123,125,-6.1835528511e-05
124,120,1.6746111667e-04
124,121,-2.0046872299e-04
124,122,-2.8523609986e-05
124,123,3.4351954142e-05
124,124,9.0029071063e-04
124,125,1.3594033991e-04
125,120,-1.0290761059e-03
125,121,1.2256773668e-05
125,122,-2.2604625359e-04
125,123,-6.1835528511e-05
125,124,1.3594033991e-04
125,125,1.6860687027e-03
126,126,2.5103723453e-03
126,127,-8.6063014088e-05
126,128,-1.0838401855e-03
126,129,4.4663221946e-05
126,130,1.0092560004e-04
126,131,-6.5197970945e-04
127,126,-8.6063014088e-05
127,127,1.5409562126e-03
127,128,-6.1379617893e-05
127,129,1.0092560004e-04
127,130,1.6847090532e-04
127,131,3.2489523371e-05
128,126,-1.0838401855e-03
128,127,-6.1379617893e-05
128,128,1.7093759136e-03
128,129,1.3842119808e-04
128,130,5.2170438218e-06
128,131,-2.0638677196e-04
129,126,4.4663221946e-05
129,127,1.0092560004e-04
129,128,1.3842119808e-04
129,129,1.9272239651e-03
129,130,-5.7003500963e-05
129,131,-1.4914901182e-04
130,126,1.0092560004e-04
130,127,1.6847090532e-04
130,128,5.2170438218e-06
130,129,-5.7003500963e-05
130,130,7.9269841493e-04
130,131,6.6824477432e-05
131,126,-6.5197970945e-04
131,127,3.2489523371e-05
131,128,-2.0638677196e-04
131,129,-1.4914901182e-04
131,130,6.6824477432e-05
131,131,2.0667802477e-03
132,132,2.6379873230e-03
132,133,2.2405737462e-04
132,134,-6.7652719961e-04
132,135,5.6622647185e-05
132,136,-9.5946266288e-05
132,137,-1.0286670345e-03
133,132,2.2405737462e-04
133,133,2.0328830002e-03
133,134,1.4924625763e-04
133,135,-9.5946266288e-05
133,136,-2.0406393701e-05
133,137,7.4784886744e-05
134,132,-6.7652719961e-04
134,133,1.4924625763e-04
134,134,2.0780767516e-03
134,135,-8.6121085832e-05
134,136,3.5835076187e-05
134,137,-1.7775797428e-04
135,132,5.6622647185e-05
135,133,-9.5946266288e-05
135,134,-8.6121085832e-05
135,135,1.7179195569e-03
135,136,2.9094701080e-04
135,137,7.9962044091e-05
136,132,-9.5946266288e-05
136,133,-2.0406393701e-05
136,134,3.5835076187e-05
136,135,2.9094701080e-04
136,136,9.7060885465e-04
136,137,-1.0012499050e-04
137,132,-1.0286670345e-03
137,133,7.4784886744e-05
137,134,-1.7775797428e-04
137,135,7.9962044091e-05
137,136,-1.0012499050e-04
137,137,1.8064000257e-03
138,138,2.6116980905e-03
138,139,-1.1502778944e-04
138,140,-1.0831661649e-03
138,141,-1.2118796990e-04
138,142,7.3636260609e-06
138,143,-7.3419577224e-04
139,138,-1.1502778944e-04
139,139,1.6428848202e-03
139,140,-9.6654046541e-05
139,141,7.3636260609e-06
139,142,-1.1792278186e-04
139,143,2.6632931171e-05
140,138,-1.0831661649e-03
140,139,-9.6654046541e-05
140,140,1.7738696004e-03
140,141,3.6505912146e-06
140,142,-1.1462625433e-05
140,143,-1.9517378369e-04
141,138,-1.2118796990e-04
141,139,7.3636260609e-06
141,140,3.6505912146e-06
141,141,1.9550134282e-03
141,142,-9.1206571626e-05
141,143,-1.0575305623e-04
142,138,7.3636260609e-06
142,139,-1.1792278186e-04
142,140,-1.1462625433e-05
142,141,-9.1206571626e-05
142,142,8.3006113103e-04
142,143,4.1222716927e-05
143,138,-7.3419577224e-04
143,139,2.6632931171e-05
143,140,-1.9517378369e-04
143,141,-1.0575305623e-04
143,142,4.1222716927e-05
143,143,2.0724763784e-03
144,144,2.8324216062e-03
144,145,-3.0285266383e-04
144,146,-6.8722601055e-04
144,147,-1.7808300035e-05
144,148,-8.6154482736e-05
144,149,-1.0409602354e-03
145,144,-3.0285266383e-04
145,145,2.2177479760e-03
145,146,-2.7107208805e-04
145,147,-8.6154482736e-05
145,148,-6.5818138702e-05
145,149,-2.3216071719e-05
146,144,-6.8722601055e-04
146,145,-2.7107208805e-04
146,146,2.2370379201e-03
146,147,-5.3676631425e-05
146,148,-1.1880752775e-04
146,149,-1.9824608454e-04
147,144,-1.7808300035e-05
147,145,-8.6154482736e-05
147,146,-5.3676631425e-05
147,147,1.9013584669e-03
147,148,-3.2361774965e-04
147,149,4.1208834114e-05
148,144,-8.6154482736e-05
148,145,-6.5818138702e-05
148,146,-1.1880752775e-04
148,147,-3.2361774965e-04
148,148,1.1280879691e-03
148,149,2.2582314369e-05
149,144,-1.0409602354e-03
149,145,-2.3216071719e-05
149,146,-1.9824608454e-04
149,147,4.1208834114e-05
149,148,2.2582314369e-05
149,149,1.9273606484e-03
150,150,2.5123438395e-03
150,151,1.3288658891e-05
150,152,-1.0468560788e-03
150,153,-8.9697323194e-05
150,154,-8.8452644194e-05
150,155,-5.0218243469e-04
151,150,1.3288658891e-05
151,151,1.5760072976e-03
151,152,1.9996651582e-05
151,153,-8.8452644194e-05
151,154,-1.1696442442e-04
151,155,2.1057097582e-06
152,150,-1.0468560788e-03
152,151,1.9996651582e-05
152,152,1.6951979669e-03
152,153,-3.0485545946e-05
152,154,-4.0071278123e-05
152,155,-3.1111931004e-04
153,150,-8.9697323194e-05
153,151,-8.8452644194e-05
153,152,-3.0485545946e-05
153,153,2.0631782151e-03
153,154,1.5172062955e-05
153,155,-6.5710384404e-05
154,150,-8.8452644194e-05
154,151,-1.1696442442e-04
154,152,-4.0071278123e-05
154,153,1.5172062955e-05
154,154,8.7794622511e-04
154,155,-4.6417044730e-05
155,150,-5.0218243469e-04
155,151,2.1057097582e-06
155,152,-3.1111931004e-04
155,153,-6.5710384404e-05
155,154,-4.6417044730e-05
155,155,2.2522937420e-03
156,156,2.4387680539e-03
156,157,4.0753668611e-04
156,158,-4.7602550627e-04
156,159,-2.6834341712e-05
156,160,1.8778348673e-04
156,161,-1.0755924615e-03
157,156,4.0753668611e-04
157,157,2.0129978975e-03
157,158,2.7021466795e-04
157,159,1.8778348673e-04
157,160,6.4920981474e-05
157,161,9.4933019213e-05
158,156,-4.7602550627e-04
158,157,2.7021466795e-04
158,158,2.1626934010e-03
158,159,1.0258556997e-04
158,160,9.2106877381e-05
158,161,-1.7657288454e-04
159,156,-2.6834341712e-05
159,157,1.8778348673e-04
159,158,1.0258556997e-04
159,159,1.4767289099e-03
159,160,4.9244735981e-04
159,161,2.3931391586e-05
160,156,1.8778348673e-04
160,157,6.4920981474e-05
160,158,9.2106877381e-05
160,159,4.9244735981e-04
160,160,9.0970044584e-04
160,161,9.3175510322e-05
161,156,-1.0755924615e-03
161,157,9.4933019213e-05
161,158,-1.7657288454e-04
161,159,2.3931391586e-05
161,160,9.3175510322e-05
161,161,1.6893751990e-03
162,162,2.5316180859e-03
162,163,-6.5125953144e-05
162,164,-6.9342765268e-04
162,165,9.6146272666e-06
162,166,-6.8817275866e-05
162,167,-1.1508452836e-03
163,162,-6.5125953144e-05
163,163,1.9113975384e-03
163,164,1.6585875972e-05
163,165,-6.8817275866e-05
163,166,3.0860005175e-05
163,167,-4.7366822464e-05
164,162,-6.9342765268e-04
164,163,1.6585875972e-05
164,164,2.0878397211e-03
164,165,2.3753054606e-05
164,166,-2.4744179818e-05
164,167,-2.1124134705e-04
165,162,9.6146272666e-06
165,163,-6.8817275866e-05
165,164,2.3753054606e-05
165,165,1.5022707717e-03
165,166,-1.0749212711e-04
165,167,-5.0174694125e-06
166,162,-6.8817275866e-05
166,163,3.0860005175e-05
166,164,-2.4744179818e-05
166,165,-1.0749212711e-04
166,166,7.1305714648e-04
166,167,-1.7771265958e-05
167,162,-1.1508452836e-03
167,163,-4.7366822464e-05
167,164,-2.1124134705e-04
167,165,-5.0174694125e-06
167,166,-1.7771265958e-05
167,167,1.7354661605e-03
168,168,2.7786203169e-03
168,169,-2.0761491727e-04
168,170,-8.9545951729e-04
168,171,-4.9045724816e-06
168,172,-3.8000193390e-05
168,173,-9.3016421933e-04
169,168,-2.0761491727e-04
169,169,1.9776969762e-03
169,170,-2.1575577525e-04
169,171,-3.8000193390e-05
169,172,1.1246420400e-04
169,173,3.8831077360e-05
170,168,-8.9545951729e-04
170,169,-2.1575577525e-04
170,170,2.0643313951e-03
170,171,1.3122228133e-04
170,172,5.9803747337e-05
170,173,-2.3436584861e-04
171,168,-4.9045724816e-06
171,169,-3.8000193390e-05
171,170,1.3122228133e-04
171,171,1.9466561470e-03
171,172,-1.7288334582e-04
171,173,-1.2133031102e-04
172,168,-3.8000193390e-05
172,169,1.1246420400e-04
172,170,5.9803747337e-05
172,171,-1.7288334582e-04
172,172,9.5824012740e-04
172,173,-1.1335680491e-04
173,168,-9.3016421933e-04
173,169,3.8831077360e-05
173,170,-2.3436584861e-04
173,171,-1.2133031102e-04
173,172,-1.1335680491e-04
173,173,2.0235089796e-03
174,174,2.5887402206e-03
174,175,-6.0707256195e-04
174,176,-5.1289606456e-04
174,177,-5.8000005734e-05
174,178,2.1967366246e-05
174,179,-3.2789379335e-04
175,174,-6.0707256195e-04
175,175,2.1299920343e-03
175,176,-7.5787054646e-04
175,177,2.1967366246e-05
175,178,-7.2349723181e-05
175,179,-2.3735615684e-04
176,174,-5.1289606456e-04
176,175,-7.5787054646e-04
176,176,2.2475204435e-03
176,177,-1.6043471835e-05
176,178,2.0242491989e-05
176,179,-1.4078926267e-04
177,174,-5.8000005734e-05
177,175,2.1967366246e-05
177,176,-1.6043471835e-05
177,177,2.2954630960e-03
177,178,-8.1937036258e-04
177,179,-9.0643690094e-05
178,174,2.1967366246e-05
178,175,-7.2349723181e-05
178,176,2.0242491989e-05
178,177,-8.1937036258e-04
178,178,1.7240834996e-03
178,179,8.4821545692e-05
179,174,-3.2789379335e-04
179,175,-2.3735615684e-04
179,176,-1.4078926267e-04
179,177,-9.0643690094e-05
179,178,8.4821545692e-05
179,179,2.3543928059e-03
180,180,2.4419528492e-03
180,181,6.6640159040e-04
180,182,-4.4415910783e-04
180,183,1.9948930656e-05
180,184,-8.0954109567e-05
180,185,-3.9762590530e-04
181,180,6.6640159040e-04
181,181,2.0446848660e-03
181,182,7.5690669591e-04
181,183,-8.0954109567e-05
181,184,4.1673893562e-05
181,185,3.0234054882e-04
182,180,-4.4415910783e-04
182,181,7.5690669591e-04
182,182,2.1577107902e-03
182,183,2.4289246933e-05
182,184,4.9046174529e-06
182,185,-7.7185789260e-06
183,180,1.9948930656e-05
183,181,-8.0954109567e-05
183,182,2.4289246933e-05
183,183,2.0863054276e-03
183,184,9.3682319821e-04
183,185,-5.7464875408e-05
184,180,-8.0954109567e-05
184,181,4.1673893562e-05
184,182,4.9046174529e-06
184,183,9.3682319821e-04
184,184,1.6828625813e-03
184,185,-7.1562062045e-05
185,180,-3.9762590530e-04
185,181,3.0234054882e-04
185,182,-7.7185789260e-06
185,183,-5.7464875408e-05
185,184,-7.1562062045e-05
185,185,2.1375540201e-03
186,186,2.3324751808e-03
186,187,-3.2923845121e-05
186,188,-2.6249988488e-04
186,189,-2.6632573584e-04
186,190,1.3278521185e-04
186,191,-3.4146087184e-04
187,186,-3.2923845121e-05
187,187,2.0976881461e-03
187,188,-1.6191160256e-04
187,189,1.3278521185e-04
187,190,-2.7424490704e-04
187,191,6.0887034716e-05
188,186,-2.6249988488e-04
188,187,-1.6191160256e-04
188,188,1.9997955295e-03
188,189,-8.8539025625e-06
188,190,9.8007931116e-05
188,191,-1.1100208021e-04
189,186,-2.6632573584e-04
189,187,1.3278521185e-04
189,188,-8.8539025625e-06
189,189,2.0270632924e-03
189,190,2.1535174309e-05
189,191,-4.7631503702e-04
190,186,1.3278521185e-04
190,187,-2.7424490704e-04
190,188,9.8007931116e-05
190,189,2.1535174309e-05
190,190,1.7034745935e-03
190,191,1.5308267900e-04
191,186,-3.4146087184e-04
191,187,6.0887034716e-05
191,188,-1.1100208021e-04
191,189,-4.7631503702e-04
191,190,1.5308267900e-04
191,191,1.9730859631e-03
192,192,2.4562763683e-03
192,193,-1.8265675256e-04
192,194,-6.3411585139e-04
192,195,6.5161588634e-05
192,196,-2.0622176981e-04
192,197,-1.0571333450e-03
193,192,-1.8265675256e-04
193,193,1.8891059086e-03
193,194,-9.1662818348e-05
193,195,-2.0622176981e-04
193,196,1.8699670813e-04
193,197,-9.3807790166e-05
194,192,-6.3411585139e-04
194,193,-9.1662818348e-05
194,194,1.9220752346e-03
194,195,1.3621580462e-04
194,196,-4.0037873750e-05
194,197,-9.9753541675e-05
195,192,6.5161588634e-05
195,193,-2.0622176981e-04
195,194,1.3621580462e-04
195,195,1.5107475601e-03
195,196,-2.6656099081e-04
195,197,1.8600588416e-05
196,192,-2.0622176981e-04
196,193,1.8699670813e-04
196,194,-4.0037873750e-05
196,195,-2.6656099081e-04
196,196,8.6377426701e-04
196,197,-1.6677071439e-04
197,192,-1.0571333450e-03
197,193,-9.3807790166e-05
197,194,-9.9753541675e-05
197,195,1.8600588416e-05
197,196,-1.6677071439e-04
197,197,1.6676889226e-03
198,198,2.4800434542e-03
198,199,6.0699480349e-05
198,200,-6.0322869018e-04
198,201,2.3782678392e-05
198,202,-6.6278528608e-05
198,203,-1.1235500999e-03
199,198,6.0699480349e-05
199,199,1.9404993113e-03
199,200,1.4588230759e-07
199,201,-6.6278528608e-05
199,202,2.8798895762e-05
199,203,3.5325215069e-05
200,198,-6.0322869018e-04
200,199,1.4588230759e-07
200,200,2.1485399942e-03
200,201,5.6083015150e-06
200,202,-1.5593315695e-07
200,203,-2.6307459315e-04
201,198,2.3782678392e-05
201,199,-6.6278528608e-05
201,200,5.6083015150e-06
201,201,1.4751096944e-03
201,202,9.2295313235e-05
201,203,2.5119133670e-06
202,198,-6.6278528608e-05
202,199,2.8798895762e-05
202,200,-1.5593315695e-07
202,201,9.2295313235e-05
202,202,7.2510587697e-04
202,203,-3.5927254623e-05
203,198,-1.1235500999e-03
203,199,3.5325215069e-05
203,200,-2.6307459315e-04
203,201,2.5119133670e-06
203,202,-3.5927254623e-05
203,203,1.6943425845e-03
204,204,2.4828230982e-03
204,205,-7.5120802511e-05
204,206,-5.5050384552e-04
204,207,-8.0903448953e-05
204,208,2.4299843698e-05
204,209,-1.0773172627e-03
205,204,-7.5120802511e-05
205,205,1.9904374900e-03
205,206,-2.5762181823e-05
205,207,2.4299843698e-05
205,208,-1.1239746911e-04
205,209,-3.4856782899e-05
206,204,-5.5050384552e-04
206,205,-2.5762181823e-05
206,206,2.1743772740e-03
206,207,-3.5211384980e-05
206,208,-3.6996813858e-05
206,209,-2.7863295303e-04
207,204,-8.0903448953e-05
207,205,2.4299843698e-05
207,206,-3.5211384980e-05
207,207,1.5192412451e-03
207,208,-1.0629765693e-04
207,209,-3.6551375037e-05
208,204,2.4299843698e-05
208,205,-1.1239746911e-04
208,206,-3.6996813858e-05
208,207,-1.0629765693e-04
208,208,8.0394927450e-04
208,209,5.0218675545e-05
209,204,-1.0773172627e-03
209,205,-3.4856782899e-05
209,206,-2.7863295303e-04
209,207,-3.6551375037e-05
209,208,5.0218675545e-05
209,209,1.6813351329e-03
210,210,2.2608097395e-03
210,211,4.9124174956e-04
210,212,-7.2329966385e-04
210,213,-8.4489888795e-06
210,214,-1.3164531973e-04
210,215,-9.3155134757e-04
211,210,4.9124174956e-04
211,211,1.6138708529e-03
211,212,4.7890278369e-04
211,213,-1.3164531973e-04
211,214,-1.2409878710e-05
211,215,-1.3906397387e-04
212,210,-7.2329966385e-04
212,211,4.7890278369e-04
212,212,1.8795296544e-03
212,213,-4.4284094566e-06
212,214,-5.5918338692e-05
212,215,-8.6444986549e-05
213,210,-8.4489888795e-06
213,211,-1.3164531973e-04
213,212,-4.4284094566e-06
213,213,1.4276048844e-03
213,214,3.6685915004e-04
213,215,-7.4474805505e-05
214,210,-1.3164531973e-04
214,211,-1.2409878710e-05
214,212,-5.5918338692e-05
214,213,3.6685915004e-04
214,214,7.1151000856e-04
214,215,-2.7808887879e-05
215,210,-9.3155134757e-04
215,211,-1.3906397387e-04
215,212,-8.6444986549e-05
215,213,-7.4474805505e-05
215,214,-2.7808887879e-05
215,215,1.5736877775e-03
216,216,2.3922235659e-03
216,217,-1.6766862634e-04
216,218,-6.1079156083e-04
216,219,-6.9277881253e-05
216,220,1.0694267002e-04
216,221,-1.0666806662e-03
217,216,-1.6766862634e-04
217,217,1.8459149859e-03
217,218,-1.9751429545e-04
217,219,1.0694267002e-04
217,220,-8.9617107838e-05
217,221,2.9116143576e-05
218,216,-6.1079156083e-04
218,217,-1.9751429545e-04
218,218,2.0262484048e-03
218,219,-2.2739946627e-05
218,220,1.5543396914e-05
218,221,-2.1678088533e-04
219,216,-6.9277881253e-05
219,217,1.0694267002e-04
219,218,-2.2739946627e-05
219,219,1.4381553739e-03
219,220,-1.4162635583e-04
219,221,-3.9052942029e-05
220,216,1.0694267002e-04
220,217,-8.9617107838e-05
220,218,1.5543396914e-05
220,219,-1.4162635583e-04
220,220,7.1842208565e-04
220,221,7.0155612784e-05
221,216,-1.0666806662e-03
221,217,2.9116143576e-05
221,218,-2.1678088533e-04
221,219,-3.9052942029e-05
221,220,7.0155612784e-05
221,221,1.6348812870e-03
222,222,2.5386634261e-03
222,223,2.1182883768e-05
222,224,-3.0822321108e-04
222,225,6.8241432186e-04
222,226,-6.9848266337e-06
222,227,-5.0557151284e-04
223,222,2.1182883768e-05
223,223,2.2629802052e-03
223,224,1.9338863135e-05
223,225,-6.9848266337e-06
223,226,9.5409126085e-04
223,227,7.0214197328e-06
224,222,-3.0822321108e-04
224,223,1.9338863135e-05
224,224,2.3715777238e-03
224,225,3.0374405175e-04
224,226,1.4682650871e-05
224,227,-9.4987134023e-05
225,222,6.8241432186e-04
225,223,-6.9848266337e-06
225,224,3.0374405175e-04
225,225,2.0864665180e-03
225,226,2.7463032497e-05
225,227,7.8531805599e-04
226,222,-6.9848266337e-06
226,223,9.5409126085e-04
226,224,1.4682650871e-05
226,225,2.7463032497e-05
226,226,1.7347935899e-03
226,227,5.5289889737e-06
227,222,-5.0557151284e-04
227,223,7.0214197328e-06
227,224,-9.4987134023e-05
227,225,7.8531805599e-04
227,226,5.5289889737e-06
227,227,2.2371774362e-03
228,228,2.4530748192e-03
228,229,-2.1812912280e-04
228,230,-6.9435460814e-04
228,231,-3.3690793151e-04
228,232,4.4393844140e-05
228,233,-6.8741796537e-04
229,228,-2.1812912280e-04
229,229,1.8320251775e-03
229,230,-2.8709725075e-04
229,231,4.4393844140e-05
229,232,-4.7077132889e-04
229,233,1.1036228084e-04
230,228,-6.9435460814e-04
230,229,-2.8709725075e-04
230,230,1.8047211591e-03
230,231,-1.4966382812e-04
230,232,-8.4715393622e-05
230,233,-1.1856806811e-05
231,228,-3.3690793151e-04
231,229,4.4393844140e-05
231,230,-1.4966382812e-04
231,231,1.8382294994e-03
231,232,-1.1941809796e-04
231,233,-2.2492318500e-04
232,228,4.4393844140e-05
232,229,-4.7077132889e-04
232,230,-8.4715393622e-05
232,231,-1.1941809796e-04
232,232,1.2076944122e-03
232,233,2.1018527452e-04
233,228,-6.8741796537e-04
233,229,1.1036228084e-04
233,230,-1.1856806811e-05
233,231,-2.2492318500e-04
233,232,2.1018527452e-04
233,233,1.7314342423e-03
234,234,2.2364991398e-03
234,235,-5.1149073523e-04
234,236,-5.9660394676e-04
234,237,5.7272617343e-05
234,238,-3.8721785578e-05
234,239,-6.7866763367e-04
235,234,-5.1149073523e-04
235,235,1.7028803476e-03
235,236,-5.6149734619e-04
235,237,-3.8721785578e-05
235,238,7.6222906274e-05
235,239,7.4187674829e-06
236,234,-5.9660394676e-04
236,235,-5.6149734619e-04
236,236,1.8834901961e-03
236,237,2.1187067122e-05
236,238,-5.7492949942e-05
236,239,-1.2065873263e-04
237,234,5.7272617343e-05
237,235,-3.8721785578e-05
237,236,2.1187067122e-05
237,237,1.6294803546e-03
237,238,-5.0485518787e-04
237,239,6.0794646361e-05
238,234,-3.8721785578e-05
238,235,7.6222906274e-05
238,236,-5.7492949942e-05
238,237,-5.0485518787e-04
238,238,9.9933457628e-04
238,239,-3.9812535162e-05
239,234,-6.7866763367e-04
239,235,7.4187674829e-06
239,236,-1.2065873263e-04
239,237,6.0794646361e-05
239,238,-3.9812535162e-05
239,239,1.6412956444e-03
240,240,2.5153739564e-03
240,241,1.6822074706e-05
240,242,-5.4000204236e-04
240,243,-1.9963397334e-04
240,244,2.1814731954e-04
240,245,-9.0906354693e-04
241,240,1.6822074706e-05
241,241,2.0323814465e-03
241,242,-3.3393232908e-05
241,243,2.1814731954e-04
241,244,-2.0239454044e-04
241,245,9.8785963494e-08
242,240,-5.4000204236e-04
242,241,-3.3393232908e-05
242,242,2.0102906736e-03
242,243,-3.0864078405e-06
242,244,1.5181354669e-05
242,245,-1.6666590415e-04
243,240,-1.9963397334e-04
243,241,2.1814731954e-04
243,242,-3.0864078405e-06
243,243,1.7022828017e-03
243,244,1.6910431558e-05
243,245,-1.8248544806e-04
244,240,2.1814731954e-04
244,241,-2.0239454044e-04
244,242,1.5181354669e-05
244,243,1.6910431558e-05
244,244,1.0859575685e-03
244,245,1.9489381687e-04
245,240,-9.0906354693e-04
245,241,9.8785963494e-08
245,242,-1.6666590415e-04
245,243,-1.8248544806e-04
245,244,1.9489381687e-04
245,245,1.7256258241e-03
246,246,2.5147732834e-03
246,247,5.6930013581e-05
246,248,-3.4934153492e-04
246,249,6.9223969036e-04
246,250,-2.5431938437e-05
246,251,-4.8646245998e-04
247,246,5.6930013581e-05
247,247,2.2023127156e-03
247,248,6.5393468362e-05
247,249,-2.5431938437e-05
247,250,9.6668785257e-04
247,251,-1.5485686852e-05
248,246,-3.4934153492e-04
248,247,6.5393468362e-05
248,248,2.2827846722e-03
248,249,3.0684237350e-04
248,250,1.0969969762e-05
248,251,-4.7933280450e-05
249,246,6.9223969036e-04
249,247,-2.5431938437e-05
249,248,3.0684237350e-04
249,249,2.0796680318e-03
249,250,4.3079194189e-05
249,251,7.9033291787e-04
250,246,-2.5431938437e-05
250,247,9.6668785257e-04
250,248,1.0969969762e-05
250,249,4.3079194189e-05
250,250,1.7288608396e-03
250,251,-8.1040546299e-06
251,246,-4.8646245998e-04
251,247,-1.5485686852e-05
251,248,-4.7933280450e-05
251,249,7.9033291787e-04
251,250,-8.1040546299e-06
251,251,2.2223785376e-03
252,252,2.1105495789e-03
252,253,-1.1879666223e-04
252,254,-4.4955841629e-04
252,255,-3.1270487525e-04
252,256,-1.4949359574e-06
252,257,-1.6995650975e-04
253,252,-1.1879666223e-04
253,253,1.7084523074e-03
253,254,-2.1456885441e-04
253,255,-1.4949359574e-06
253,256,-4.8422698594e-04
253,257,1.0421833724e-04
254,252,-4.4955841629e-04
254,253,-2.1456885441e-04
254,254,1.5770736513e-03
254,255,-1.9176754958e-04
254,256,-4.3761565773e-05
254,257,8.0194283027e-05
255,252,-3.1270487525e-04
255,253,-1.4949359574e-06
255,254,-1.9176754958e-04
255,255,1.9585358553e-03
255,256,-2.5580947597e-05
255,257,-4.2208948626e-04
256,252,-1.4949359574e-06
256,253,-4.8422698594e-04
256,254,-4.3761565773e-05
256,255,-2.5580947597e-05
256,256,1.6205940102e-03
256,257,7.1661515604e-05
257,252,-1.6995650975e-04
257,253,1.0421833724e-04
257,254,8.0194283027e-05
257,255,-4.2208948626e-04
257,256,7.1661515604e-05
257,257,1.8863315570e-03
258,258,2.4344430939e-03
258,259,-9.7210050583e-05
258,260,-6.5438338594e-04
258,261,-4.0305445835e-05
258,262,1.8782443847e-05
258,263,-1.1230287611e-03
259,258,-9.7210050583e-05
259,259,1.8491448002e-03
259,260,-2.6785917377e-05
259,261,1.8782443847e-05
259,262,-4.1435169637e-05
259,263,-3.3989355201e-05
260,258,-6.5438338594e-04
260,259,-2.6785917377e-05
260,260,2.0418770145e-03
260,261,-1.2630696079e-06
260,262,-1.0266682696e-05
260,263,-2.1615460120e-04
261,258,-4.0305445835e-05
261,259,1.8782443847e-05
261,260,-1.2630696079e-06
261,261,1.4299756338e-03
261,262,-1.2761105408e-04
261,263,-2.3013159120e-05
262,258,1.8782443847e-05
262,259,-4.1435169637e-05
262,260,-1.0266682696e-05
262,261,-1.2761105408e-04
262,262,6.7175365908e-04
262,263,2.3974653475e-05
263,258,-1.1230287611e-03
263,259,-3.3989355201e-05
263,260,-2.1615460120e-04
263,261,-2.3013159120e-05
263,262,2.3974653475e-05
263,263,1.6716333806e-03
264,264,2.4422845813e-03
264,265,-2.5559657110e-04
264,266,-5.1576459898e-04
264,267,4.4505684020e-05
264,268,1.2979037361e-04
264,269,-1.0309250876e-03
265,264,-2.5559657110e-04
265,265,1.9809706999e-03
265,266,-1.3690446469e-04
265,267,1.2979037361e-04
265,268,-9.6895908537e-06
265,269,-9.5043029259e-05
266,264,-5.1576459898e-04
266,265,-1.3690446469e-04
266,266,2.0902425014e-03
266,267,-6.0592159339e-05
266,268,5.5258272687e-05
266,269,-2.0914030920e-04
267,264,4.4505684020e-05
267,265,1.2979037361e-04
267,266,-6.0592159339e-05
267,267,1.5201971511e-03
267,268,-3.4060564079e-04
267,269,1.9447549165e-05
268,264,1.2979037361e-04
268,265,-9.6895908537e-06
268,266,5.5258272687e-05
268,267,-3.4060564079e-04
268,268,8.9157102225e-04
268,269,5.5966258817e-05
269,264,-1.0309250876e-03
269,265,-9.5043029259e-05
269,266,-2.0914030920e-04
269,267,1.9447549165e-05
