0,0,1.5197772139e-02
0,1,2.0689091188e-03
0,2,4.3697012350e-04
0,3,9.7829813595e-07
0,4,3.2929277150e-07
0,5,-4.8282552529e-03
0,30,-7.4796249471e-04
0,31,1.2793013666e-03
0,32,-1.6097235883e-03
0,33,-1.2519257930e-07
0,34,2.0951139068e-07
0,35,5.5407302866e-04
0,36,-7.3187021832e-04
0,37,-5.1030957457e-04
0,38,1.3409194156e-04
0,39,-8.3506832093e-04
0,40,-4.3865984745e-04
0,41,-3.3663123460e-04
0,60,-4.1924078638e-04
0,61,5.0692049410e-04
0,62,-2.5429611179e-04
0,63,-5.0730370772e-04
0,64,5.7863792659e-04
0,65,-2.5718945823e-04
0,72,-4.1912150215e-04
0,73,5.0684898164e-04
0,74,-2.5440496576e-04
0,75,5.0722439300e-04
0,76,-5.7865755378e-04
0,77,-2.5726800449e-04
0,90,-4.6102499019e-04
0,91,-7.8951362081e-04
0,92,-9.9600848475e-04
0,93,8.5446233867e-08
0,94,1.3662946110e-07
0,95,4.3179572720e-04
0,108,-7.3178124380e-04
0,109,-5.1013301802e-04
0,110,1.3416498334e-04
0,111,8.3515886198e-04
0,112,4.3865402913e-04
0,113,-3.3699689747e-04
1,0,2.0689091188e-03
1,1,1.5718911233e-02
1,2,1.7676369811e-03
1,3,3.2929277150e-07
1,4,1.9394487312e-06
1,5,1.2496846545e-03
1,30,-1.2817038945e-03
1,31,2.1919042539e-03
1,32,-2.7572557554e-03
1,33,-2.1845414722e-07
1,34,3.6568040267e-07
1,35,9.4945610587e-04
1,36,4.2335584100e-04
1,37,9.5101743937e-06
1,38,-5.2298646306e-04
1,39,6.4286645615e-04
1,40,3.9211917395e-05
1,41,6.0246796865e-04
1,60,-4.7266852243e-04
1,61,5.3091008352e-04
1,62,-1.7689790027e-04
1,63,-6.1339869149e-04
1,64,6.5334594514e-04
1,65,-4.0210024699e-04
1,72,-4.7262772451e-04
1,73,5.3097576799e-04
1,74,-1.7715100814e-04
1,75,6.1338463943e-04
1,76,-6.5349229815e-04
1,77,-4.0215782823e-04
1,90,7.8849086771e-04
1,91,1.3501107826e-03
1,92,1.7027213596e-03
1,93,-1.5689142232e-07
1,94,-2.5205472031e-07
1,95,-7.3850006573e-04
1,108,4.2308157721e-04
1,109,9.2162159956e-06
1,110,-5.2294481603e-04
1,111,-6.4258594617e-04
1,112,-3.8878537234e-05
1,113,6.0247005917e-04
2,0,4.3697012350e-04
2,1,1.7676369811e-03
2,2,1.8823872030e-02
2,3,1.0646276636e-06
2,4,4.5442565910e-07
2,5,-4.7081609177e-03
2,30,-1.6190283558e-03
2,31,2.7679998699e-03
2,32,-3.4799039657e-03
2,33,-2.8602899825e-07
2,34,4.7903002665e-07
2,35,1.1993381308e-03
2,36,1.8858590322e-04
2,37,5.0101845259e-04
2,38,4.2997763270e-04
2,39,8.4653170348e-06
2,40,4.4627871425e-04
2,41,-4.7545612164e-04
2,60,-1.8129300889e-04
2,61,1.1682181180e-04
2,62,1.6290776338e-04
2,63,-3.2385354949e-04
2,64,2.4906408970e-04
2,65,-3.9796594063e-04
2,72,-1.8144222568e-04
2,73,1.1709665964e-04
2,74,1.6261361640e-04
2,75,3.2398713011e-04
2,76,-2.4934255565e-04
2,77,-3.9794978536e-04
2,90,-9.9204781463e-04
2,91,-1.6981482232e-03
2,92,-2.1403311433e-03
2,93,2.2498697419e-07
2,94,3.6427115135e-07
2,95,9.2915136636e-04
2,108,1.8878405186e-04
2,109,5.0097978683e-04
2,110,4.2951736330e-04
2,111,-8.9513830091e-06
2,112,-4.4650409968e-04
2,113,-4.7481437270e-04
3,0,9.7829813595e-07
3,1,3.2929277150e-07
3,2,1.0646276636e-06
3,3,1.0967305073e-02
3,4,3.1977885045e-03
3,5,6.1974629318e-07
3,30,-8.6357515939e-08
3,31,1.4354975101e-07
3,32,-1.6996479211e-07
3,33,-2.2755048458e-04
3,34,3.8919818446e-04
3,35,-2.1193452244e-08
3,36,8.6219665652e-04
3,37,7.3554685548e-04
3,38,5.1520623661e-05
3,39,9.0825162874e-04
3,40,6.1742283097e-04
3,41,2.0388944396e-04
3,60,5.4714212054e-04
3,61,-6.8985437142e-04
3,62,4.0834446546e-04
3,63,6.3289027562e-04
3,64,-7.5410585593e-04
3,65,2.5669172758e-04
3,72,-5.4703499768e-04
3,73,6.8979800919e-04
3,74,-4.0846816397e-04
3,75,6.3287082657e-04
3,76,-7.5420211174e-04
3,77,-2.5688239419e-04
3,90,-1.1782770466e-07
3,91,-2.1086650892e-07
3,92,-2.8934377668e-07
3,93,-7.0386093419e-05
3,94,-1.2053745680e-04
3,95,1.3952762750e-07
3,108,-8.6227797301e-04
3,109,-7.3540875867e-04
3,110,-5.1260128145e-05
3,111,9.0865084838e-04
3,112,6.1756217874e-04
3,113,-2.0456609185e-04
4,0,3.2929277150e-07
4,1,1.9394487312e-06
4,2,4.5442565910e-07
4,3,3.1977885045e-03
4,4,7.6546607188e-03
4,5,7.7526670131e-07
4,30,-1.5152635585e-07
4,31,2.5201431983e-07
4,32,-2.9874988973e-07
4,33,-3.8992910089e-04
4,34,6.6683674437e-04
4,35,-3.4757836296e-08
4,36,-3.4868957817e-04
4,37,1.5702822106e-05
4,38,5.1431641340e-04
4,39,-5.4244097368e-04
4,40,-3.8020750291e-05
4,41,-5.1446990978e-04
4,60,5.8278825882e-04
4,61,-6.8355583773e-04
4,62,2.9395226781e-04
4,63,7.2639043342e-04
4,64,-8.0667411281e-04
4,65,4.1224843048e-04
4,72,-5.8282003733e-04
4,73,6.8371556493e-04
4,74,-2.9427308219e-04
4,75,7.2649651207e-04
4,76,-8.0696831532e-04
4,77,-4.1242844044e-04
4,90,1.9135975700e-07
4,91,3.4319367995e-07
4,92,4.7270865058e-07
4,93,1.2038130830e-04
4,94,2.0612553671e-04
4,95,-2.3058080907e-07
4,108,3.4855010380e-04
4,109,-1.6045823350e-05
4,110,-5.1453165845e-04
4,111,-5.4239064675e-04
4,112,-3.7643984203e-05
4,113,5.1474959078e-04
5,0,-4.8282552529e-03
5,1,1.2496846545e-03
5,2,-4.7081609177e-03
5,3,6.1974629318e-07
5,4,7.7526670131e-07
5,5,1.1676626572e-02
5,30,6.0687156397e-04
5,31,-1.0379820211e-03
5,32,1.3060754804e-03
5,33,4.2830396560e-08
5,34,-7.0640370462e-08
5,35,-5.1878322924e-04
5,36,-3.9608328520e-04
5,37,-6.3012273641e-04
5,38,-5.0387827916e-04
5,39,-2.5298767290e-04
5,40,-4.9009140833e-04
5,41,3.1756684594e-04
5,60,-3.5611197294e-04
5,61,5.1312425235e-04
5,62,-4.4104308251e-04
5,63,-3.4575412375e-04
5,64,4.8663725480e-04
5,65,9.9205779928e-06
5,72,-3.5613750359e-04
5,73,5.1316076891e-04
5,74,-4.4109036431e-04
5,75,3.4590656441e-04
5,76,-4.8684170200e-04
5,77,9.6291008809e-06
5,90,4.4140615659e-04
5,91,7.5591600881e-04
5,92,9.5362350697e-04
5,93,-1.2203498286e-07
5,94,-2.0093749449e-07
5,95,-4.2416678938e-04
5,108,-3.9644979276e-04
5,109,-6.3023495842e-04
5,110,-5.0349321445e-04
5,111,2.5367807136e-04
5,112,4.9050245021e-04
5,113,3.1688124966e-04
6,6,1.3630434478e-02
6,7,-2.1756032917e-03
6,8,3.9793987988e-03
6,9,-3.6914645539e-04
6,10,-2.5515571858e-04
6,11,-1.7347877964e-03
6,42,-8.9360101342e-04
6,43,4.3236766997e-04
6,44,2.4984219521e-04
6,45,1.2130666280e-03
6,46,-4.5565592895e-04
6,47,-8.8337581083e-04
6,78,-9.3123243451e-04
6,79,3.8292733838e-04
6,80,2.6300041631e-04
6,81,-1.2750559268e-03
6,82,3.8489473905e-04
6,83,-9.5054142543e-04
6,102,-7.8131467848e-04
6,103,1.3198258287e-03
6,104,-1.6189800019e-03
6,105,7.7968040777e-05
6,106,-1.2554223019e-04
6,107,5.8322011605e-04
7,6,-2.1756032917e-03
7,7,1.7339567122e-02
7,8,-3.0861481245e-03
7,9,-2.5515571858e-04
7,10,-5.1346903244e-04
7,11,-3.3057981228e-03
7,42,3.0049591528e-05
7,43,-6.4603921591e-04
7,44,6.7482992737e-04
7,45,1.3884969094e-04
7,46,7.8566709184e-04
7,47,-5.1558777497e-04
7,78,4.4930674648e-06
7,79,-7.1004056850e-04
7,80,6.4990198240e-04
7,81,-1.7697614804e-04
7,82,-8.9622195291e-04
7,83,-5.5608386030e-04
7,102,-1.3145333253e-03
7,103,2.2200655135e-03
7,104,-2.7219986328e-03
7,105,1.3830699735e-04
7,106,-2.2321272984e-04
7,107,9.7965580982e-04
8,6,3.9793987988e-03
8,7,-3.0861481245e-03
8,8,2.0579838637e-02
8,9,-1.5721137140e-04
8,10,-4.3282397160e-04
8,11,-5.5860222309e-04
8,42,3.0778274082e-05
8,43,3.2592327963e-05
8,44,-5.0630079640e-04
8,45,-5.5290889397e-05
8,46,7.1225018836e-05
8,47,3.5382704516e-05
8,78,3.8836121818e-19
8,79,7.6403167891e-06
8,80,-5.4563647049e-04
8,81,1.9767861586e-06
8,82,-1.1481923351e-04
8,83,-2.9901683958e-05
8,102,-1.5989814537e-03
8,103,2.6991884117e-03
8,104,-3.3061698881e-03
8,105,1.8638203843e-04
8,106,-3.0203272300e-04
8,107,1.1875265186e-03
9,6,-3.6914645539e-04
9,7,-2.5515571858e-04
9,8,-1.5721137140e-04
9,9,1.2177819237e-02
9,10,-5.1463336455e-03
9,11,-4.4757609807e-04
9,42,-1.2306128045e-03
9,43,7.1968666226e-04
9,44,2.0963294304e-04
9,45,1.6348173875e-03
9,46,-7.7888224546e-04
9,47,-1.1080153093e-03
9,78,1.3232362058e-03
9,79,-6.6352698054e-04
9,80,-2.6391991883e-04
9,81,1.7804941082e-03
9,82,-6.9753577345e-04
9,83,1.2548286270e-03
9,102,3.4140065899e-05
9,103,-5.0759361318e-05
9,104,4.4636899302e-05
9,105,-2.8625233946e-04
9,106,4.8258906931e-04
9,107,3.7629687261e-05
10,6,-2.5515571858e-04
10,7,-5.1346903244e-04
10,8,-4.3282397160e-04
10,9,-5.1463336455e-03
10,10,1.5394512018e-02
10,11,-5.7865611996e-05
10,42,2.1180694789e-04
10,43,-9.7632473409e-04
10,44,9.6468241786e-04
10,45,-3.8938640518e-05
10,46,1.1537388122e-03
10,47,-5.3868111923e-04
10,78,-1.6356953956e-04
10,79,1.0741452986e-03
10,80,-9.6077415533e-04
10,81,3.6401850019e-05
10,82,1.3201089728e-03
10,83,6.2457154615e-04
10,102,6.5456508670e-05
10,103,-9.8922231701e-05
10,104,9.1638959305e-05
10,105,-4.8272060201e-04
10,106,8.1358489708e-04
10,107,5.9701177277e-05
11,6,-1.7347877964e-03
11,7,-3.3057981228e-03
11,8,-5.5860222309e-04
11,9,-4.4757609807e-04
11,10,-5.7865611996e-05
11,11,1.1461531904e-02
11,42,-9.3280126403e-04
11,43,8.3396336202e-04
11,44,-1.7041624677e-04
11,45,1.1561966151e-03
11,46,-9.3728304152e-04
11,47,-5.8939039379e-04
11,78,-1.0902983928e-03
11,79,8.2772656226e-04
11,80,-5.6202719580e-05
11,81,-1.3933882325e-03
11,82,9.2554381563e-04
11,83,-8.0941332741e-04
11,102,5.1677033293e-04
11,103,-8.7362296004e-04
11,104,1.0733013170e-03
11,105,-2.3933104821e-05
11,106,3.8654208992e-05
11,107,-4.9430861374e-04
12,12,1.5362680836e-02
12,13,9.5287412106e-04
12,14,1.8916636289e-03
12,15,3.8792106250e-03
12,16,-1.1893692470e-03
12,17,-8.7239565344e-05
12,18,-7.9733179883e-04
12,19,1.3428910960e-03
12,20,-1.6370431713e-03
12,21,-2.6774183351e-04
12,22,4.6066319788e-04
12,23,2.1128340829e-04
12,54,-6.8319383206e-04
12,55,-1.1571059511e-03
12,56,-1.4270077648e-03
12,57,-3.5245106271e-04
12,58,-6.0193510482e-04
12,59,1.8374030197e-04
12,72,-3.1675743661e-04
12,73,4.2155974189e-04
12,74,-2.9059313969e-04
12,75,-3.9344377675e-04
12,76,5.0432042981e-04
12,77,-2.1837069289e-04
12,108,-8.1619688521e-04
12,109,-4.3714458247e-04
12,110,2.3525552144e-04
12,111,-9.9263150281e-04
12,112,-3.7304180782e-04
12,113,-5.1243458166e-04
13,12,9.5287412106e-04
13,13,1.7181078559e-02
13,14,5.9487104072e-04
13,15,-1.1893692470e-03
13,16,5.9999193465e-03
13,17,7.8457270673e-04
13,18,-1.3456347904e-03
13,19,2.2658444875e-03
13,20,-2.7608337992e-03
13,21,-4.4284946841e-04
13,22,7.6209904379e-04
13,23,3.6334321627e-04
13,54,1.1554174693e-03
13,55,1.9565176684e-03
13,56,2.4119027540e-03
13,57,5.9075527617e-04
13,58,1.0088034903e-03
13,59,-3.1686700979e-04
13,72,-3.9920718757e-04
13,73,5.1272592302e-04
13,74,-3.1098829260e-04
13,75,-5.1833588396e-04
13,76,6.4245098461e-04
13,77,-3.3764702730e-04
13,108,3.6324733374e-04
13,109,-2.1206005703e-04
13,110,-5.9166183578e-04
13,111,6.1499754210e-04
13,112,-2.3570770621e-04
13,113,6.9913582310e-04
14,12,1.8916636289e-03
14,13,5.9487104072e-04
14,14,1.9575412659e-02
14,15,2.3369211808e-03
14,16,-4.2677657304e-04
14,17,-1.9107908223e-03
14,18,-1.6474163162e-03
14,19,2.7726685923e-03
14,20,-3.3749453831e-03
14,21,-5.1919289486e-04
14,22,8.9388527399e-04
14,23,4.6197724319e-04
14,54,-1.4205868023e-03
14,55,-2.4045557529e-03
14,56,-2.9616728096e-03
14,57,-7.1278256373e-04
14,58,-1.2168713591e-03
14,59,4.0517967461e-04
14,72,-2.3252803410e-04
14,73,2.5714653686e-04
14,74,-5.8729847911e-05
14,75,-3.5217327435e-04
14,76,3.8835756943e-04
14,77,-3.3781519308e-04
14,108,2.3468748439e-04
14,109,5.3033893981e-04
14,110,2.1431527315e-04
14,111,1.1303180980e-04
14,112,5.8417248225e-04
14,113,-3.5813420894e-04
15,12,3.8792106250e-03
15,13,-1.1893692470e-03
15,14,2.3369211808e-03
15,15,1.5409706639e-02
15,16,1.6623846055e-03
15,17,6.5273058857e-03
15,18,-3.6480983740e-04
15,19,6.2328195995e-04
15,20,-7.8236878372e-04
15,21,-5.9546428024e-04
15,22,1.0103230925e-03
15,23,-2.5846069921e-04
15,54,-3.7857418038e-04
15,55,-6.4600934316e-04
15,56,-8.0902752142e-04
15,57,-5.2153850520e-04
15,58,-8.8857610099e-04
15,59,-2.7451861255e-04
15,72,3.9795268430e-04
15,73,-5.4818238560e-04
15,74,4.2032056889e-04
15,75,4.7139029008e-04
15,76,-6.2616364400e-04
15,77,2.1072265900e-04
15,108,9.4524225927e-04
15,109,6.8246016404e-04
15,110,-6.1433520913e-05
15,111,1.0741115651e-03
15,112,6.0589098240e-04
15,113,3.8823250846e-04
16,12,-1.1893692470e-03
16,13,5.9999193465e-03
16,14,-4.2677657304e-04
16,15,1.6623846055e-03
16,16,1.5666482510e-02
16,17,-1.2161765569e-03
16,18,-6.0744688782e-04
16,19,1.0377939716e-03
16,20,-1.3025719738e-03
16,21,-9.9806122086e-04
16,22,1.6930291736e-03
16,23,-4.3050720096e-04
16,54,6.3509435798e-04
16,55,1.0835973042e-03
16,56,1.3566586070e-03
16,57,8.7642658528e-04
16,58,1.4929562944e-03
16,59,4.5999232059e-04
16,72,4.7950379329e-04
16,73,-6.3822302235e-04
16,74,4.3912596079e-04
16,75,5.9496290691e-04
16,76,-7.6374249748e-04
16,77,3.2735867467e-04
16,108,-2.2768291644e-04
16,109,2.7053838794e-04
16,110,6.1411350319e-04
16,111,-4.4392857190e-04
16,112,2.5375773408e-04
16,113,-5.8276873583e-04
17,12,-8.7239565344e-05
17,13,7.8457270673e-04
17,14,-1.9107908223e-03
17,15,6.5273058857e-03
17,16,-1.2161765569e-03
17,17,1.7427833935e-02
17,18,2.2243303708e-04
17,19,-3.6556632058e-04
17,20,4.2246163395e-04
17,21,-4.0918888858e-04
17,22,6.9419347149e-04
17,23,-7.0282428183e-04
17,54,1.7622941706e-04
17,55,2.9249130166e-04
17,56,3.4540169586e-04
17,57,-3.1331226655e-04
17,58,-5.3450481882e-04
17,59,-6.6947910716e-04
17,72,-2.2946886032e-04
17,73,3.5753585755e-04
17,74,-3.6675637595e-04
17,75,-2.2067029545e-04
17,76,3.4326073675e-04
17,77,1.8872576649e-05
17,108,-4.0453611412e-04
17,109,-6.7294839403e-04
17,110,-4.6780107543e-04
17,111,-2.9655817895e-04
17,112,-6.2049562453e-04
17,113,2.7043992144e-04
18,12,-7.9733179883e-04
18,13,-1.3456347904e-03
18,14,-1.6474163162e-03
18,15,-3.6480983740e-04
18,16,-6.0744688782e-04
18,17,2.2243303708e-04
18,18,1.4486233191e-02
18,19,1.1565564171e-03
18,20,3.4912007519e-03
18,21,2.3228104927e-03
18,22,-1.6558119143e-03
18,23,1.3130851624e-03
18,72,-1.0340345483e-03
18,73,-3.9559659690e-04
18,74,2.8839737465e-04
18,75,-1.4448939218e-03
18,76,-4.0649103739e-04
18,77,-1.1390484613e-03
19,12,1.3428910960e-03
19,13,2.2658444875e-03
19,14,2.7726685923e-03
19,15,6.2328195995e-04
19,16,1.0377939716e-03
19,17,-3.6556632058e-04
19,18,1.1565564171e-03
19,19,1.7741649061e-02
19,20,1.6504460491e-03
19,21,-1.6558119143e-03
19,22,2.8624422959e-03
19,23,1.6358502824e-03
19,72,-3.1211475235e-05
19,73,-8.0355527432e-04
19,74,-6.6849396787e-04
19,75,1.4158505390e-04
19,76,-1.0475694792e-03
19,77,5.4427346965e-04
20,12,-1.6370431713e-03
20,13,-2.7608337992e-03
20,14,-3.3749453831e-03
20,15,-7.8236878372e-04
20,16,-1.3025719738e-03
20,17,4.2246163395e-04
20,18,3.4912007519e-03
20,19,1.6504460491e-03
20,20,2.0591567722e-02
20,21,5.7867437459e-04
20,22,-2.1626586344e-03
20,23,-8.1254269325e-05
20,72,3.3645418955e-05
20,73,-4.0557076844e-05
20,74,-6.6114831428e-04
20,75,5.9514416176e-05
20,76,7.0082074549e-05
20,77,4.2994588945e-05
21,12,-2.6774183351e-04
21,13,-4.4284946841e-04
21,14,-5.1919289486e-04
21,15,-5.9546428024e-04
21,16,-9.9806122086e-04
21,17,-4.0918888858e-04
21,18,2.3228104927e-03
21,19,-1.6558119143e-03
21,20,5.7867437459e-04
21,21,1.5796607527e-02
21,22,2.6298978109e-03
21,23,4.9271160637e-03
21,72,1.4226309029e-03
21,73,6.9982812752e-04
21,74,-2.6369970358e-04
21,75,1.9510441350e-03
21,76,7.6252754275e-04
21,77,1.4519533017e-03
22,12,4.6066319788e-04
22,13,7.6209904379e-04
22,14,8.9388527399e-04
22,15,1.0103230925e-03
22,16,1.6930291736e-03
22,17,6.9419347149e-04
22,18,-1.6558119143e-03
22,19,2.8624422959e-03
22,20,-2.1626586344e-03
22,21,2.6298978109e-03
22,22,1.8966915046e-02
22,23,-2.7035754596e-03
22,72,2.4022452605e-04
22,73,1.1857081869e-03
22,74,9.7516492127e-04
22,75,7.9769061986e-05
22,76,1.5023357984e-03
22,77,-5.2895971623e-04
23,12,2.1128340829e-04
23,13,3.6334321627e-04
23,14,4.6197724319e-04
23,15,-2.5846069921e-04
23,16,-4.3050720096e-04
23,17,-7.0282428183e-04
23,18,1.3130851624e-03
23,19,1.6358502824e-03
23,20,-8.1254269325e-05
23,21,4.9271160637e-03
23,22,-2.7035754596e-03
23,23,1.7133107551e-02
23,72,-1.0750447599e-03
23,73,-8.8985924751e-04
23,74,-1.3293877869e-04
23,75,-1.3888154651e-03
23,76,-1.0429133642e-03
23,77,-8.3125221893e-04
24,24,1.5362549193e-02
24,25,9.5229368802e-04
24,26,1.8902867517e-03
24,27,-3.8803966652e-03
24,28,1.1894317360e-03
24,29,-8.7554697559e-05
24,36,-8.1626768481e-04
24,37,-4.3721705845e-04
24,38,2.3532364848e-04
24,39,9.9260114032e-04
24,40,3.7302460498e-04
24,41,-5.1220646313e-04
24,60,-3.1692156779e-04
24,61,4.2174794949e-04
24,62,-2.9066254588e-04
24,63,3.9355746274e-04
24,64,-5.0440772378e-04
24,65,-2.1826538687e-04
24,84,-7.9710491068e-04
24,85,1.3424858402e-03
24,86,-1.6364907036e-03
24,87,2.6784456332e-04
24,88,-4.6083490732e-04
24,89,2.1127461558e-04
24,114,-6.8304647637e-04
24,115,-1.1568749131e-03
24,116,-1.4267698464e-03
24,117,3.5247992130e-04
24,118,6.0198379239e-04
24,119,1.8367507377e-04
25,24,9.5229368802e-04
25,25,1.7179698599e-02
25,26,5.9324975190e-04
25,27,1.1894317360e-03
25,28,-6.0021750171e-03
25,29,7.8393019584e-04
25,36,3.6339191011e-04
25,37,-2.1191447489e-04
25,38,-5.9170004731e-04
25,39,-6.1516810784e-04
25,40,2.3550922679e-04
25,41,6.9917665418e-04
25,60,-3.9936971873e-04
25,61,5.1288421003e-04
25,62,-3.1097977547e-04
25,63,5.1845649568e-04
25,64,-6.4251193090e-04
25,65,-3.3755937562e-04
25,84,-1.3452302694e-03
25,85,2.2651239264e-03
25,86,-2.7598562256e-03
25,87,4.4300956650e-04
25,88,-7.6236627836e-04
25,89,3.6333169226e-04
25,114,1.1551906140e-03
25,115,1.9561651108e-03
25,116,2.4115482485e-03
25,117,-5.9082648127e-04
25,118,-1.0089238918e-03
25,119,-3.1675199304e-04
26,24,1.8902867517e-03
26,25,5.9324975190e-04
26,26,1.9573736029e-02
26,27,-2.3381096233e-03
26,28,4.2713514854e-04
26,29,-1.9108385253e-03
26,36,2.3470409874e-04
26,37,5.3043119046e-04
26,38,2.1449311872e-04
26,39,-1.1291849843e-04
26,40,-5.8414055209e-04
26,41,-3.5843570550e-04
26,60,-2.3253861003e-04
26,61,2.5708808482e-04
26,62,-5.8543119109e-05
26,63,3.5220443201e-04
26,64,-3.8830272063e-04
26,65,-3.3785940197e-04
26,84,-1.6468663740e-03
26,85,2.7716937562e-03
26,86,-3.3736342983e-03
26,87,5.1935572796e-04
26,88,-8.9415610297e-04
26,89,4.6197111419e-04
26,114,-1.4203646133e-03
26,115,-2.4042191449e-03
26,116,-2.9613583324e-03
26,117,7.1292672507e-04
26,118,1.2171155642e-03
26,119,4.0502678113e-04
27,24,-3.8803966652e-03
27,25,1.1894317360e-03
27,26,-2.3381096233e-03
27,27,1.5409294012e-02
27,28,1.6612257418e-03
27,29,-6.5282396573e-03
27,36,-9.4518469411e-04
27,37,-6.8252087608e-04
27,38,6.1393790005e-05
27,39,1.0738547862e-03
27,40,6.0581380416e-04
27,41,-3.8776368207e-04
27,60,-3.9807429953e-04
27,61,5.4833154424e-04
27,62,-4.2040143463e-04
27,63,4.7138893120e-04
27,64,-6.2611488180e-04
27,65,-2.1043798413e-04
27,84,3.6492031930e-04
27,85,-6.2346287313e-04
27,86,7.8257580458e-04
27,87,-5.9527297426e-04
27,88,1.0099930017e-03
27,89,2.5841214610e-04
27,114,3.7861132495e-04
27,115,6.4607300102e-04
27,116,8.0910804911e-04
27,117,-5.2145610350e-04
27,118,-8.8844197745e-04
27,119,2.7445054457e-04
28,24,1.1894317360e-03
28,25,-6.0021750171e-03
28,26,4.2713514854e-04
28,27,1.6612257418e-03
28,28,1.5664777859e-02
28,29,1.2159809602e-03
28,36,2.2773225339e-04
28,37,-2.7032435949e-04
28,38,-6.1397102092e-04
28,39,-4.4394684544e-04
28,40,2.5346033393e-04
28,41,5.8263281224e-04
28,60,-4.7957031235e-04
28,61,6.3827498519e-04
28,62,-4.3908958315e-04
28,63,5.9489760579e-04
28,64,-7.6358367032e-04
28,65,-3.2703871179e-04
28,84,6.0761837173e-04
28,85,-1.0380738301e-03
28,86,1.3028896898e-03
28,87,-9.9771349070e-04
28,88,1.6924299205e-03
28,89,4.3041276342e-04
28,114,-6.3518020646e-04
28,115,-1.0837440945e-03
28,116,-1.3568433803e-03
28,117,8.7631409043e-04
28,118,1.4927753205e-03
28,119,-4.5989325821e-04
29,24,-8.7554697559e-05
29,25,7.8393019584e-04
29,26,-1.9108385253e-03
29,27,-6.5282396573e-03
29,28,1.2159809602e-03
29,29,1.7428229521e-02
29,36,-4.0426843227e-04
29,37,-6.7288819925e-04
29,38,-4.6799583051e-04
29,39,2.9606939935e-04
29,40,6.2028613816e-04
29,41,2.7095859085e-04
29,60,-2.2937933853e-04
29,61,3.5745474512e-04
29,62,-3.6678502482e-04
29,63,2.2039755950e-04
29,64,-3.4292676932e-04
29,65,1.9313942870e-05
29,84,2.2235434730e-04
29,85,-3.6541646283e-04
29,86,4.2223538883e-04
29,87,4.0913205272e-04
29,88,-6.9409107761e-04
29,89,-7.0274728074e-04
29,114,1.7614815183e-04
29,115,2.9236837405e-04
29,116,3.4528734065e-04
29,117,3.1325608217e-04
29,118,5.3441216085e-04
29,119,-6.6938853189e-04
30,0,-7.4796249471e-04
30,1,-1.2817038945e-03
30,2,-1.6190283558e-03
30,3,-8.6357515939e-08
30,4,-1.5152635585e-07
30,5,6.0687156397e-04
30,30,1.3767673434e-02
30,31,2.4275333545e-03
30,32,4.2728956760e-03
30,33,9.0926032351e-07
30,34,-6.1610663240e-07
30,35,-2.4907539163e-03
30,60,-8.9893273344e-04
30,61,-4.4637365896e-04
30,62,2.4968624006e-04
30,63,-1.1787361664e-03
30,64,-4.3763442534e-04
30,65,-7.7625217620e-04
30,72,-8.9886309462e-04
30,73,-4.4621643172e-04
30,74,2.4968952488e-04
30,75,1.1788194805e-03
30,76,4.3758187159e-04
30,77,-7.7665176805e-04
31,0,1.2793013666e-03
31,1,2.1919042539e-03
31,2,2.7679998699e-03
31,3,1.4354975101e-07
31,4,2.5201431983e-07
31,5,-1.0379820211e-03
31,30,2.4275333545e-03
31,31,1.7742136125e-02
31,32,3.1750009969e-03
31,33,-6.1610663240e-07
31,34,1.0413074492e-06
31,35,3.6285462241e-03
31,60,-5.8433571867e-06
31,61,-6.4174987463e-04
31,62,-7.0771667833e-04
31,63,1.9990595317e-04
31,64,-7.3747331994e-04
31,65,6.0355293715e-04
31,72,-5.8571849448e-06
31,73,-6.4177108954e-04
31,74,-7.0753458838e-04
31,75,-1.9976718146e-04
31,76,7.3771155467e-04
31,77,6.0327773406e-04
32,0,-1.6097235883e-03
32,1,-2.7572557554e-03
32,2,-3.4799039657e-03
32,3,-1.6996479211e-07
32,4,-2.9874988973e-07
32,5,1.3060754804e-03
32,30,4.2728956760e-03
32,31,3.1750009969e-03
32,32,2.1426742831e-02
32,33,1.3511521110e-07
32,34,-7.4719393712e-07
32,35,-6.6040940154e-04
32,60,1.1457718455e-15
32,61,-9.2853789837e-06
32,62,-4.6438048618e-04
32,63,3.0187899850e-06
32,64,1.2115686719e-04
32,65,-3.8993706777e-05
32,72,2.1093902007e-08
32,73,-9.2978236526e-06
32,74,-4.6446562126e-04
32,75,-3.0520849095e-06
32,76,-1.2107507053e-04
32,77,-3.8906270493e-05
33,0,-1.2519257930e-07
33,1,-2.1845414722e-07
33,2,-2.8602899825e-07
33,3,-2.2755048458e-04
33,4,-3.8992910089e-04
33,5,4.2830396560e-08
33,30,9.0926032351e-07
33,31,-6.1610663240e-07
33,32,1.3511521110e-07
33,33,1.1631956322e-02
33,34,5.6870987099e-03
33,35,1.0633241564e-06
33,60,1.2138283373e-03
33,61,7.3656058300e-04
33,62,-1.8856338425e-04
33,63,1.5477674976e-03
33,64,7.4462196936e-04
33,65,9.1949981622e-04
33,72,-1.2138838444e-03
33,73,-7.3636531298e-04
33,74,1.8871368489e-04
33,75,1.5481207862e-03
33,76,7.4460295145e-04
33,77,-9.2028053689e-04
34,0,2.0951139068e-07
34,1,3.6568040267e-07
34,2,4.7903002665e-07
34,3,3.8919818446e-04
34,4,6.6683674437e-04
34,5,-7.0640370462e-08
34,30,-6.1610663240e-07
34,31,1.0413074492e-06
34,32,-7.4719393712e-07
34,33,5.6870987099e-03
34,34,1.5027513903e-02
34,35,-1.8510698379e-07
34,60,1.9642041628e-04
34,61,9.6104181936e-04
34,62,9.8922567722e-04
34,63,-2.3001246507e-05
34,64,1.0636352695e-03
34,65,-6.4383745751e-04
34,72,-1.9633643739e-04
34,73,-9.6110182128e-04
34,74,-9.8909548089e-04
34,75,-2.2946777685e-05
34,76,1.0640504767e-03
34,77,6.4357442206e-04
35,0,5.5407302866e-04
35,1,9.4945610587e-04
35,2,1.1993381308e-03
35,3,-2.1193452243e-08
35,4,-3.4757836296e-08
35,5,-5.1878322924e-04
35,30,-2.4907539163e-03
35,31,3.6285462241e-03
35,32,-6.6040940154e-04
35,33,1.0633241564e-06
35,34,-1.8510698379e-07
35,35,1.1120963141e-02
35,60,-8.7125973690e-04
35,61,-8.3668757905e-04
35,62,-2.2652396916e-04
35,63,-1.0099478172e-03
35,64,-8.8227262950e-04
35,65,-3.6599433669e-04
35,72,-8.7160297897e-04
35,73,-8.3661614152e-04
35,74,-2.2613146866e-04
35,75,1.0106858088e-03
35,76,8.8242385589e-04
35,77,-3.6702244171e-04
36,0,-7.3187021832e-04
36,1,4.2335584100e-04
36,2,1.8858590322e-04
36,3,8.6219665652e-04
36,4,-3.4868957817e-04
36,5,-3.9608328520e-04
36,24,-8.1626768481e-04
36,25,3.6339191011e-04
36,26,2.3470409874e-04
36,27,-9.4518469411e-04
36,28,2.2773225339e-04
36,29,-4.0426843227e-04
36,36,1.5393405794e-02
36,37,-1.4245365367e-03
36,38,-7.2035551561e-04
36,39,-4.3927828015e-04
36,40,3.6774234046e-04
36,41,-4.8994215261e-03
36,60,-3.8969737274e-04
36,61,6.6352808642e-04
36,62,-8.2726551135e-04
36,63,1.2774669879e-05
36,64,-2.2662035916e-05
36,65,3.5226211944e-04
36,90,-5.5714999546e-04
36,91,-5.6456711944e-04
36,92,-1.2028749627e-04
36,93,6.6833631327e-04
36,94,6.0927504430e-04
36,95,-3.2879210875e-04
36,102,-5.0885381664e-04
36,103,-8.6951328264e-04
36,104,-1.0919891595e-03
36,105,3.8330388760e-05
36,106,6.5293177405e-05
36,107,4.6209339563e-04
36,114,-4.3198498964e-04
36,115,-4.8110253786e-04
36,116,-1.6805393764e-04
36,117,-5.1767970536e-04
36,118,-5.3420495896e-04
36,119,-2.5328083810e-04
37,0,-5.1030957457e-04
37,1,9.5101743937e-06
37,2,5.0101845259e-04
37,3,7.3554685548e-04
37,4,1.5702822106e-05
37,5,-6.3012273641e-04
37,24,-4.3721705845e-04
37,25,-2.1191447489e-04
37,26,5.3043119046e-04
37,27,-6.8252087608e-04
37,28,-2.7032435949e-04
37,29,-6.7288819925e-04
37,36,-1.4245365367e-03
37,37,1.4856373160e-02
37,38,-8.9652629054e-04
37,39,3.6774234046e-04
37,40,-9.2277084991e-04
37,41,-1.0102381364e-03
37,60,-6.6266792616e-04
37,61,1.1281266442e-03
37,62,-1.4060392963e-03
37,63,2.0749578057e-05
37,64,-3.6872952556e-05
37,65,5.9908182324e-04
37,90,5.6350379096e-04
37,91,4.7829506833e-04
37,92,-8.8409466579e-05
37,93,-7.4363626860e-04
37,94,-5.7358802213e-04
37,95,5.1407158077e-04
37,102,8.7085337976e-04
37,103,1.4878746672e-03
37,104,1.8680120160e-03
37,105,-6.5779480094e-05
37,106,-1.1203579528e-04
37,107,-7.9079705726e-04
37,114,5.0343157826e-04
37,115,5.1527720175e-04
37,116,8.2797093799e-05
37,117,6.4428786142e-04
37,118,6.1380304283e-04
37,119,4.0500156958e-04
38,0,1.3409194156e-04
38,1,-5.2298646306e-04
38,2,4.2997763270e-04
38,3,5.1520623661e-05
38,4,5.1431641340e-04
38,5,-5.0387827916e-04
38,24,2.3532364848e-04
38,25,-5.9170004731e-04
38,26,2.1449311872e-04
38,27,6.1393790005e-05
38,28,-6.1397102092e-04
38,29,-4.6799583051e-04
38,36,-7.2035551561e-04
38,37,-8.9652629054e-04
38,38,1.7437043090e-02
38,39,-5.3718854388e-04
38,40,1.4462406516e-04
38,41,-4.5543754477e-03
38,60,-8.2396716768e-04
38,61,1.4022495941e-03
38,62,-1.7464607241e-03
38,63,2.3309623997e-05
38,64,-4.1593284075e-05
38,65,7.4508380332e-04
38,90,-1.1764981950e-04
38,91,9.0457037075e-05
38,92,4.3422270643e-04
38,93,2.9418442872e-04
38,94,2.2165942347e-05
38,95,-4.8814742547e-04
38,102,-1.0971703380e-03
38,103,-1.8739895411e-03
38,104,-2.3513293021e-03
38,105,8.3338257154e-05
38,106,1.4190265381e-04
38,107,9.9623079243e-04
38,114,-2.2218630659e-04
38,115,-1.2915101739e-04
38,116,2.0337457692e-04
38,117,-3.7307073467e-04
38,118,-2.4809349743e-04
38,119,-4.2032935772e-04
39,0,-8.3506832093e-04
39,1,6.4286645615e-04
39,2,8.4653170348e-06
39,3,9.0825162874e-04
39,4,-5.4244097368e-04
39,5,-2.5298767290e-04
39,24,9.9260114032e-04
39,25,-6.1516810784e-04
39,26,-1.1291849843e-04
39,27,1.0738547862e-03
39,28,-4.4394684544e-04
39,29,2.9606939935e-04
39,36,-4.3927828015e-04
39,37,3.6774234046e-04
39,38,-5.3718854388e-04
39,39,1.1113786342e-02
39,40,-2.3375291214e-03
39,41,-2.6779151070e-04
39,60,2.9263299741e-05
39,61,-5.0615955847e-05
39,62,6.5129206723e-05
39,63,-6.5717940368e-05
39,64,1.1199061694e-04
39,65,-2.1705352690e-05
39,90,-6.6722369439e-04
39,91,-7.4411392154e-04
39,92,-2.9814379659e-04
39,93,7.5040540146e-04
39,94,7.6058677052e-04
39,95,-2.5970759490e-04
39,102,3.5813124237e-05
39,103,6.0985519743e-05
39,104,7.6048701644e-05
39,105,-9.8525969559e-05
39,106,-1.6832777779e-04
39,107,-1.6381184702e-05
39,114,5.4764388995e-04
39,115,6.4656089334e-04
39,116,3.0431260541e-04
39,117,6.2284550709e-04
39,118,6.8390903607e-04
39,119,2.3148996970e-04
40,0,-4.3865984745e-04
40,1,3.9211917395e-05
40,2,4.4627871425e-04
40,3,6.1742283097e-04
40,4,-3.8020750291e-05
40,5,-4.9009140833e-04
40,24,3.7302460498e-04
40,25,2.3550922679e-04
40,26,-5.8414055209e-04
40,27,6.0581380416e-04
40,28,2.5346033393e-04
40,29,6.2028613816e-04
40,36,3.6774234046e-04
40,37,-9.2277084991e-04
40,38,1.4462406516e-04
40,39,-2.3375291214e-03
40,40,6.8684855511e-03
40,41,5.5852641116e-04
40,60,4.8906623016e-05
40,61,-8.4601820724e-05
40,62,1.0888206817e-04
40,63,-1.1165015114e-04
40,64,1.9023209678e-04
40,65,-3.6286034807e-05
40,90,6.0669531503e-04
40,91,5.7252603986e-04
40,92,2.5144518244e-05
40,93,-7.5827383615e-04
40,94,-6.5031667528e-04
40,95,4.3440584288e-04
40,102,-6.1478293182e-05
40,103,-1.0467646904e-04
40,104,-1.3049509464e-04
40,105,1.6864438786e-04
40,106,2.8808126154e-04
40,107,2.8172680958e-05
40,114,-6.0237887276e-04
40,115,-6.5602863193e-04
40,116,-1.9393377056e-04
40,117,-7.3486766807e-04
40,118,-7.4439194521e-04
40,119,-3.8514709165e-04
41,0,-3.3663123460e-04
41,1,6.0246796865e-04
41,2,-4.7545612164e-04
41,3,2.0388944396e-04
41,4,-5.1446990978e-04
41,5,3.1756684594e-04
41,24,-5.1220646313e-04
41,25,6.9917665418e-04
41,26,-3.5843570550e-04
41,27,-3.8776368207e-04
41,28,5.8263281224e-04
41,29,2.7095859085e-04
41,36,-4.8994215261e-03
41,37,-1.0102381364e-03
41,38,-4.5543754477e-03
41,39,-2.6779151070e-04
41,40,5.5852641116e-04
41,41,1.1868960043e-02
41,60,3.7005340701e-04
41,61,-6.2994813309e-04
41,62,7.8505786000e-04
41,63,-1.2569877519e-06
41,64,2.8840127150e-06
41,65,-3.4606365839e-04
41,90,-3.2622625378e-04
41,91,-5.1267932582e-04
41,92,-4.9131935279e-04
41,93,2.5750940698e-04
41,94,4.3412467202e-04
41,95,1.6192252122e-04
41,102,4.5529233952e-04
41,103,7.7802230377e-04
41,104,9.7717407638e-04
41,105,-1.9214847164e-05
41,106,-3.2688590781e-05
41,107,-4.3404060430e-04
41,114,-3.2553041984e-04
41,115,-4.6643081292e-04
41,116,-3.8842880796e-04
41,117,-2.9531794920e-04
41,118,-4.1893743275e-04
41,119,6.0535182835e-05
42,6,-8.9360101342e-04
42,7,3.0049591528e-05
42,8,3.0778274082e-05
42,9,-1.2306128045e-03
42,10,2.1180694789e-04
42,11,-9.3280126403e-04
42,42,1.5548090586e-02
42,43,1.9366121083e-04
42,44,-1.3074019669e-06
42,45,5.5352201881e-08
42,46,-6.8301349447e-08
42,47,-3.1421905787e-03
42,48,-8.9365052979e-04
42,49,3.0138903622e-05
42,50,3.0886063772e-05
42,51,1.2306912035e-03
42,52,-2.1192393448e-04
42,53,-9.3288180608e-04
42,66,-4.0363492450e-04
42,67,4.5982048548e-04
42,68,-1.8437968176e-04
42,69,5.2174259739e-04
42,70,-5.6131245449e-04
42,71,-3.2973478502e-04
42,90,-3.7465013654e-04
42,91,6.4078825397e-04
42,92,-8.0627654823e-04
42,93,-3.1457525683e-08
42,94,5.0935549894e-08
42,95,3.6320855366e-04
42,102,-4.0361356281e-04
42,103,4.5976950423e-04
42,104,-1.8431377119e-04
42,105,-5.2175175777e-04
42,106,5.6129352824e-04
42,107,-3.2981179703e-04
43,6,4.3236766997e-04
43,7,-6.4603921591e-04
43,8,3.2592327963e-05
43,9,7.1968666226e-04
43,10,-9.7632473409e-04
43,11,8.3396336202e-04
43,42,1.9366121083e-04
43,43,1.5645368707e-02
43,44,-8.9755371096e-04
43,45,-6.8301349447e-08
43,46,7.8581991985e-08
43,47,1.0496147124e-03
43,48,4.3233996424e-04
43,49,-6.4610845121e-04
43,50,3.2682546444e-05
43,51,-7.1966188807e-04
43,52,9.7642700622e-04
43,53,8.3397756991e-04
43,66,-4.9679064639e-04
43,67,5.2796293355e-04
43,68,-1.3018149475e-04
43,69,6.6994539418e-04
43,70,-6.7341939306e-04
43,71,-4.8615190911e-04
43,90,-6.4117651371e-04
43,91,1.0964782619e-03
43,92,-1.3792146475e-03
43,93,-5.6549466429e-08
43,94,9.1796979983e-08
43,95,6.2159538002e-04
43,102,-4.9672774306e-04
43,103,5.2785424400e-04
43,104,-1.3007846942e-04
43,105,-6.6990315753e-04
43,106,6.7332736909e-04
43,107,-4.8620456563e-04
44,6,2.4984219521e-04
44,7,6.7482992737e-04
44,8,-5.0630079640e-04
44,9,2.0963294304e-04
44,10,9.6468241786e-04
44,11,-1.7041624677e-04
44,42,-1.3074019669e-06
44,43,-8.9755371096e-04
44,44,1.7590428873e-02
44,45,2.5802603785e-08
44,46,-1.6745261369e-07
44,47,-4.3171866367e-03
44,48,2.4986366133e-04
44,49,6.7475309877e-04
44,50,-5.0649164363e-04
44,51,-2.0967228948e-04
44,52,-9.6460203515e-04
44,53,-1.7036925542e-04
44,66,-2.6808428054e-04
44,67,2.0087152693e-04
44,68,1.4022188855e-04
44,69,4.2300450871e-04
44,70,-3.2247148667e-04
44,71,-4.4193432738e-04
44,90,-8.0778021032e-04
44,91,1.3809508914e-03
44,92,-1.7358983540e-03
44,93,-7.8207166756e-08
44,94,1.2751985461e-07
44,95,7.8311110157e-04
44,102,-2.6797284477e-04
44,103,2.0072293345e-04
44,104,1.4030372914e-04
44,105,-4.2286222822e-04
44,106,3.2227832989e-04
44,107,-4.4185536893e-04
45,6,1.2130666280e-03
45,7,1.3884969094e-04
45,8,-5.5290889397e-05
45,9,1.6348173875e-03
45,10,-3.8938640518e-05
45,11,1.1561966151e-03
45,42,5.5352201880e-08
45,43,-6.8301349447e-08
45,44,2.5802603785e-08
45,45,1.2873610492e-02
45,46,1.1355401608e-03
45,47,9.0032798207e-08
45,48,-1.2131493385e-03
45,49,-1.3871872120e-04
45,50,5.5476451911e-05
45,51,1.6349461005e-03
45,52,-3.9108275528e-05
45,53,-1.1563241397e-03
45,66,-4.8892453449e-04
45,67,5.9592985289e-04
45,68,-3.2254795205e-04
45,69,6.0315690863e-04
45,70,-6.9741526438e-04
45,71,-3.1607070956e-04
45,90,3.8799282383e-08
45,91,-6.9637823105e-08
45,92,9.6031095014e-08
45,93,-5.7260542843e-05
45,94,9.7936393717e-05
45,95,-4.8365136001e-08
45,102,4.8894027612e-04
45,103,-5.9590985633e-04
45,104,3.2246697797e-04
45,105,6.0323555700e-04
45,106,-6.9746402978e-04
45,107,3.1623188362e-04
46,6,-4.5565592895e-04
46,7,7.8566709184e-04
46,8,7.1225018836e-05
46,9,-7.7888224546e-04
46,10,1.1537388122e-03
46,11,-9.3728304152e-04
46,42,-6.8301349447e-08
46,43,7.8581991985e-08
46,44,-1.6745261369e-07
46,45,1.1355401608e-03
46,46,9.4639076014e-03
46,47,4.5399330831e-08
46,48,4.5561876188e-04
46,49,-7.8577400467e-04
46,50,-7.1096991356e-05
46,51,-7.7885240679e-04
46,52,1.1538960332e-03
46,53,9.3731258470e-04
46,66,-5.6864407417e-04
46,67,6.4972620150e-04
46,68,-2.6138226482e-04
46,69,7.3320681116e-04
46,70,-7.9334087224e-04
46,71,-4.5746304750e-04
46,90,6.3259890454e-08
46,91,-1.1378780373e-07
46,92,1.5751540964e-07
46,93,-9.7995734277e-05
46,94,1.6758285762e-04
46,95,-8.0095843272e-08
46,102,5.6862613825e-04
46,103,-6.4964869414e-04
46,104,2.6124486304e-04
46,105,7.3325035075e-04
46,106,-7.9332247829e-04
46,107,4.5762536707e-04
47,6,-8.8337581083e-04
47,7,-5.1558777497e-04
47,8,3.5382704516e-05
47,9,-1.1080153093e-03
47,10,-5.3868111923e-04
47,11,-5.8939039379e-04
47,42,-3.1421905787e-03
47,43,1.0496147124e-03
47,44,-4.3171866367e-03
47,45,9.0032798207e-08
47,46,4.5399330831e-08
47,47,1.2451958710e-02
47,48,-8.8346774573e-04
47,49,-5.1547705524e-04
47,50,3.5614434866e-05
47,51,1.1081535105e-03
47,52,5.3854406840e-04
47,53,-5.8951658131e-04
47,66,-2.4877711608e-04
47,67,3.8889380854e-04
47,68,-3.8606582653e-04
47,69,2.4347468021e-04
47,70,-3.9084514991e-04
47,71,2.0427323071e-05
47,90,3.4524169377e-04
47,91,-5.9048909980e-04
47,92,7.4298726442e-04
47,93,4.2248083731e-08
47,94,-7.0062192676e-08
47,95,-3.4344977598e-04
47,102,-2.4886077461e-04
47,103,3.8896635712e-04
47,104,-3.8603684726e-04
47,105,-2.4363609908e-04
47,106,3.9101100091e-04
47,107,2.0230039582e-05
48,42,-8.9365052979e-04
48,43,4.3233996424e-04
48,44,2.4986366133e-04
48,45,-1.2131493385e-03
48,46,4.5561876188e-04
48,47,-8.8346774573e-04
48,48,1.3630420897e-02
48,49,-2.1766641520e-03
48,50,3.9778306467e-03
48,51,3.6844804125e-04
48,52,2.5476997596e-04
48,53,-1.7355494803e-03
48,66,-7.8111240066e-04
48,67,1.3194157232e-03
48,68,-1.6183036446e-03
48,69,-7.7991563984e-05
48,70,1.2555533761e-04
48,71,5.8313251194e-04
48,96,-9.3138713884e-04
48,97,3.8300346774e-04
48,98,2.6304561866e-04
48,99,1.2750892075e-03
48,100,-3.8482552164e-04
48,101,-9.5019808651e-04
49,42,3.0138903622e-05
49,43,-6.4610845121e-04
49,44,6.7475309877e-04
49,45,-1.3871872120e-04
49,46,-7.8577400467e-04
49,47,-5.1547705524e-04
49,48,-2.1766641520e-03
49,49,1.7338121457e-02
49,50,-3.0883310276e-03
49,51,2.5476997596e-04
49,52,5.1286454550e-04
49,53,-3.3060273423e-03
49,66,-1.3141152006e-03
49,67,2.2192429651e-03
49,68,-2.7206952733e-03
49,69,-1.3836143183e-04
49,70,2.2325972809e-04
49,71,9.7944439499e-04
49,96,4.4948338255e-06
49,97,-7.1015136208e-04
49,98,6.5002390592e-04
49,99,1.7710803751e-04
49,100,8.9617954915e-04
49,101,-5.5641448704e-04
50,42,3.0886063772e-05
50,43,3.2682546444e-05
50,44,-5.0649164363e-04
50,45,5.5476451911e-05
50,46,-7.1096991356e-05
50,47,3.5614434866e-05
50,48,3.9778306467e-03
50,49,-3.0883310276e-03
50,50,2.0576464036e-02
50,51,1.5732696301e-04
50,52,4.3261237361e-04
50,53,-5.5782168004e-04
50,66,-1.5982764056e-03
50,67,2.6978532436e-03
50,68,-3.3041671735e-03
50,69,-1.8648464195e-04
50,70,3.0215093656e-04
50,71,1.1871074972e-03
50,96,5.5511151231e-19
50,97,7.6432378594e-06
50,98,-5.4571725430e-04
50,99,-1.9786752830e-06
50,100,1.1490689398e-04
50,101,-2.9943205729e-05
51,42,1.2306912035e-03
51,43,-7.1966188807e-04
51,44,-2.0967228948e-04
51,45,1.6349461005e-03
51,46,-7.7885240679e-04
51,47,1.1081535105e-03
51,48,3.6844804125e-04
51,49,2.5476997596e-04
51,50,1.5732696301e-04
51,51,1.2177128503e-02
51,52,-5.1476079999e-03
51,53,4.4634740887e-04
51,66,-3.4006394173e-05
51,67,5.0508354588e-05
51,68,-4.4266125731e-05
51,69,-2.8609556450e-04
51,70,4.8229670018e-04
51,71,-3.7729649914e-05
51,96,-1.3233174180e-03
51,97,6.6365791281e-04
51,98,2.6386807613e-04
51,99,1.7803132154e-03
51,100,-6.9745022768e-04
51,101,-1.2540951586e-03
52,42,-2.1192393448e-04
52,43,9.7642700622e-04
52,44,-9.6460203515e-04
52,45,-3.9108275528e-05
52,46,1.1538960332e-03
52,47,5.3854406840e-04
52,48,2.5476997596e-04
52,49,5.1286454550e-04
52,50,4.3261237361e-04
52,51,-5.1476079999e-03
52,52,1.5393009993e-02
52,53,5.7380373398e-05
52,66,-6.5253714152e-05
52,67,9.8537276038e-05
52,68,-9.1061062219e-05
52,69,-4.8243117795e-04
52,70,8.1304895461e-04
52,71,-5.9852653612e-05
52,96,1.6367801521e-04
52,97,-1.0742435196e-03
52,98,9.6087413841e-04
52,99,3.6447264995e-05
52,100,1.3199142841e-03
52,101,-6.2492503086e-04
53,42,-9.3288180608e-04
53,43,8.3397756991e-04
53,44,-1.7036925542e-04
53,45,-1.1563241397e-03
53,46,9.3731258470e-04
53,47,-5.8951658131e-04
53,48,-1.7355494803e-03
53,49,-3.3060273423e-03
53,50,-5.5782168004e-04
53,51,4.4634740887e-04
53,52,5.7380373398e-05
53,53,1.1460837754e-02
53,66,5.1673755835e-04
53,67,-8.7352203367e-04
53,68,1.0730615499e-03
53,69,2.4073974405e-05
53,70,-3.8882790263e-05
53,71,-4.9422510268e-04
53,96,-1.0900695294e-03
53,97,8.2786075102e-04
53,98,-5.6491334246e-05
53,99,1.3927542757e-03
53,100,-9.2545965286e-04
53,101,-8.0829642299e-04
54,12,-6.8319383206e-04
54,13,1.1554174693e-03
54,14,-1.4205868023e-03
54,15,-3.7857418038e-04
54,16,6.3509435798e-04
54,17,1.7622941706e-04
54,54,1.5679383097e-02
54,55,6.1668608484e-04
54,56,1.3367481176e-03
54,57,4.1842071396e-03
54,58,-5.8078093783e-04
54,59,1.5496456873e-04
54,66,-7.4087257348e-04
54,67,-3.4314315495e-04
54,68,2.1465775540e-04
54,69,-9.3003002648e-04
54,70,-2.8819637600e-04
54,71,-5.3486156666e-04
54,96,-6.3303372888e-04
54,97,-1.0714559902e-03
54,98,-1.3196011593e-03
54,99,-2.6915534091e-04
54,100,-4.6075061319e-04
54,101,1.7659549146e-04
54,108,-4.3183062515e-04
54,109,5.0328729832e-04
54,110,-2.2218466188e-04
54,111,-5.4749687553e-04
54,112,6.0228010579e-04
54,113,-3.2553542319e-04
55,12,-1.1571059511e-03
55,13,1.9565176684e-03
55,14,-2.4045557529e-03
55,15,-6.4600934316e-04
55,16,1.0835973042e-03
55,17,2.9249130166e-04
55,54,6.1668608484e-04
55,55,1.6989734537e-02
55,56,2.7833309028e-04
55,57,-5.8078093783e-04
55,58,6.7925683621e-03
55,59,6.8456296243e-04
55,66,4.2835772887e-04
55,67,-1.5714816579e-04
55,68,-4.9233717733e-04
55,69,6.6744216157e-04
55,70,-2.1961649581e-04
55,71,6.7335521030e-04
55,96,1.0705838185e-03
55,97,1.8116838384e-03
55,98,2.2303366069e-03
55,99,4.4984041055e-04
55,100,7.7000566032e-04
55,101,-3.0374767491e-04
55,108,-4.8096527715e-04
55,109,5.1519109779e-04
55,110,-1.2924774915e-04
55,111,-6.4640957677e-04
55,112,6.5597148305e-04
55,113,-4.6638237708e-04
56,12,-1.4270077648e-03
56,13,2.4119027540e-03
56,14,-2.9616728096e-03
56,15,-8.0902752142e-04
56,16,1.3566586070e-03
56,17,3.4540169586e-04
56,54,1.3367481176e-03
56,55,2.7833309028e-04
56,56,1.9395243538e-02
56,57,2.8840175718e-03
56,58,4.0312176247e-04
56,59,-1.9315050006e-03
56,66,1.8920831104e-04
56,67,5.4730344447e-04
56,68,2.5053131818e-04
56,69,6.9813435540e-05
56,70,6.2858334668e-04
56,71,-3.5678976770e-04
56,96,-1.3162859515e-03
56,97,-2.2265441233e-03
56,98,-2.7386653400e-03
56,99,-5.3941658042e-04
56,100,-9.2321035057e-04
56,101,3.8640399737e-04
56,108,-1.6805473279e-04
56,109,8.2888887242e-05
56,110,2.0316956817e-04
56,111,-3.0426062417e-04
56,112,1.9399311495e-04
56,113,-3.8829147392e-04
57,12,-3.5245106271e-04
