0,0,3.5110012356e-02
0,1,5.9207185549e-03
0,2,2.6692819983e-02
0,3,1.7837884901e-06
0,4,1.3141948972e-06
0,5,4.5650483394e-03
0,30,-7.4796249471e-03
0,31,1.2873983292e-02
0,32,-1.6410826565e-02
0,33,-1.2519257930e-06
0,34,2.1086857738e-06
0,35,5.5407302866e-03
0,36,-7.3187021832e-03
0,37,-5.1397820366e-03
0,38,1.2828980036e-03
0,39,-8.3506832093e-03
0,40,-4.4290855760e-03
0,41,-3.3663123460e-03
0,60,-4.1924078638e-03
0,61,5.0953718716e-03
0,62,-2.6144395019e-03
0,63,-5.0730370772e-03
0,64,5.8185049683e-03
0,65,-2.5718945823e-03
0,72,-4.1912150215e-03
0,73,5.0946526403e-03
0,74,-2.6155270671e-03
0,75,5.0722439300e-03
0,76,-5.8187002262e-03
0,77,-2.5726800449e-03
0,90,-4.6102499019e-03
0,91,-7.9399535917e-03
0,92,-1.0133652783e-02
0,93,8.5446233867e-07
0,94,1.3747077656e-06
0,95,4.3179572720e-03
0,108,-7.3178124380e-03
0,109,-5.1380011454e-03
0,110,1.2836657354e-03
0,111,8.3515886198e-03
0,112,4.4290194132e-03
0,113,-3.3699689747e-03
1,0,5.9207185549e-03
1,1,5.9636302024e-02
1,2,1.1719287055e-02
1,3,1.3141948972e-06
1,4,7.3220683317e-06
1,5,6.5139338338e-03
1,30,-1.2886006123e-02
1,31,2.2178738165e-02
1,32,-2.8269918025e-02
1,33,-2.1961015278e-06
1,34,3.7003333684e-06
1,35,9.5456503226e-03
1,36,4.2744568982e-03
1,37,1.4566044986e-04
1,38,-5.2345101465e-03
1,39,6.4760298899e-03
1,40,4.5067218701e-04
1,41,6.0453038705e-03
1,60,-4.7580484636e-03
1,61,5.3773079993e-03
1,62,-1.8650721861e-03
1,63,-6.1724922371e-03
1,64,6.6171988507e-03
1,65,-4.0417639486e-03
1,72,-4.7576317228e-03
1,73,5.3779607894e-03
1,74,-1.8676302514e-03
1,75,6.1723457867e-03
1,76,-6.6186679030e-03
1,77,-4.0423453994e-03
1,90,7.9348161975e-03
1,91,1.3665167164e-02
1,92,1.7439403799e-02
1,93,-1.5782829022e-06
1,94,-2.5513445513e-06
1,95,-7.4317440107e-03
1,108,4.2716946588e-03
1,109,1.4268013541e-04
1,110,-5.2341302280e-03
1,111,-6.4732129797e-03
1,112,-4.4730467296e-04
1,113,6.0453384389e-03
2,0,2.6692819983e-02
2,1,1.1719287055e-02
2,2,8.3718399078e-02
2,3,6.1421282511e-06
2,4,2.4848655951e-06
2,5,-3.6488504115e-02
2,30,-1.6457389875e-02
2,31,2.8323684176e-02
2,32,-3.6097479583e-02
2,33,-2.9058714010e-06
2,34,4.8995955553e-06
2,35,1.2191247387e-02
2,36,1.8319359450e-03
2,37,5.0166452482e-03
2,38,4.4215453027e-03
2,39,2.2164317234e-06
2,40,4.4561324982e-03
2,41,-4.8335133760e-03
2,60,-1.8930470668e-03
2,61,1.2716258647e-03
2,62,1.5770808261e-03
2,63,-3.3438481895e-03
2,64,2.6260887448e-03
2,65,-4.0517776816e-03
2,72,-1.8945325308e-03
2,73,1.2743964683e-03
2,74,1.5740545135e-03
2,75,3.3451817693e-03
2,76,-2.6289099756e-03
2,77,-4.0516259318e-03
2,90,-1.0113757926e-02
2,91,-1.7416432458e-02
2,92,-2.2223472743e-02
2,93,2.2887609617e-06
2,94,3.7288786827e-06
2,95,9.4725393871e-03
2,108,1.8339714704e-03
2,109,5.0163050352e-03
2,110,4.4168949301e-03
2,111,-7.1422985597e-06
2,112,-4.4584570649e-03
2,113,-4.8270676050e-03
3,0,1.7837884901e-06
3,1,1.3141948972e-06
3,2,6.1421282511e-06
3,3,4.0073672894e-02
3,4,1.1858232601e-02
3,5,3.1536200480e-06
3,30,-8.6357515939e-07
3,31,1.4448286015e-06
3,32,-1.7347801921e-06
3,33,-2.2755048458e-03
3,34,3.9166150015e-03
3,35,-2.1193452244e-07
3,36,8.6219665652e-03
3,37,7.3992761385e-03
3,38,5.9956409588e-04
3,39,9.0825162874e-03
3,40,6.2211872173e-03
3,41,2.0388944396e-03
3,60,5.4714212054e-03
3,61,-6.9330717711e-03
3,62,4.1817204470e-03
3,63,6.3289027562e-03
3,64,-7.5816347524e-03
3,65,2.5669172758e-03
3,72,-5.4703499768e-03
3,73,6.9325057449e-03
3,74,-4.1829618506e-03
3,75,6.3287082657e-03
3,76,-7.5826010198e-03
3,77,-2.5688239419e-03
3,90,-1.1782770466e-06
3,91,-2.1202198095e-06
3,92,-2.9401657568e-06
3,93,-7.0386093419e-04
3,94,-1.2122169748e-03
3,95,1.3952762750e-06
3,108,-8.6227797301e-03
3,109,-7.3978863242e-03
3,110,-5.9691835789e-04
3,111,9.0865084838e-03
3,112,6.2225872551e-03
3,113,-2.0456609185e-03
4,0,1.3141948972e-06
4,1,7.3220683317e-06
4,2,2.4848655951e-06
4,3,1.1858232601e-02
4,4,3.5000120205e-02
4,5,3.2012793994e-06
4,30,-1.5232114654e-06
4,31,2.5500710090e-06
4,32,-3.0661207196e-06
4,33,-3.9202726957e-03
4,34,6.7473738990e-03
4,35,-3.4955472838e-07
4,36,-3.5357332056e-03
4,37,9.6655403660e-05
4,38,5.1398234248e-03
4,39,-5.4767603091e-03
4,40,-4.4492327385e-04
4,41,-5.1584269642e-03
4,60,5.8692673318e-03
4,61,-6.9255597948e-03
4,62,3.0708420529e-03
4,63,7.3125382711e-03
4,64,-8.1725077194e-03
4,65,4.1439087421e-03
4,72,-5.8695771691e-03
4,73,6.9271595764e-03
4,74,-3.0740948747e-03
4,75,7.3135975486e-03
4,76,-8.1754697281e-03
4,77,-4.1457230843e-03
4,90,1.9264646183e-06
4,91,3.4742342209e-06
4,92,4.8367841593e-06
4,93,1.2114326165e-03
4,94,2.0863028072e-03
4,95,-2.3210577096e-06
4,108,3.5343255949e-03
4,109,-1.0012102846e-04
4,110,-5.1420319647e-03
4,111,-5.4762611308e-03
4,112,-4.4113953932e-04
4,113,5.1612584066e-03
5,0,4.5650483394e-03
5,1,6.5139338338e-03
5,2,-3.6488504115e-02
5,3,3.1536200480e-06
5,4,3.2012793994e-06
5,5,3.6734705514e-02
5,30,6.0687156397e-03
5,31,-1.0445516236e-02
5,32,1.3315191717e-02
5,33,4.2830396560e-07
5,34,-7.1106777525e-07
5,35,-5.1878322924e-03
5,36,-3.9608328520e-03
5,37,-6.3226529694e-03
5,38,-5.1129172109e-03
5,39,-2.5298767290e-03
5,40,-4.9156464574e-03
5,41,3.1756684594e-03
5,60,-3.5611197294e-03
5,61,5.1545850485e-03
5,62,-4.4858719989e-03
5,63,-3.4575412375e-03
5,64,4.8896764532e-03
5,65,9.9205779928e-05
5,72,-3.5613750359e-03
5,73,5.1549545201e-03
5,74,-4.4863592670e-03
5,75,3.4590656441e-03
5,76,-4.8917333085e-03
5,77,9.6291008809e-05
5,90,4.4140615659e-03
5,91,7.6020702763e-03
5,92,9.7024168528e-03
5,93,-1.2203498286e-06
5,94,-2.0213747155e-06
5,95,-4.2416678938e-03
5,108,-3.9644979276e-03
5,109,-6.3237876962e-03
5,110,-5.1090575449e-03
5,111,2.5367807136e-03
5,112,4.9197886142e-03
5,113,3.1688124966e-03
6,6,3.8362856988e-02
6,7,-8.1072021979e-03
6,8,4.2479179387e-02
6,9,-1.2676346714e-03
6,10,-1.1369391698e-03
6,11,1.5063293239e-02
6,42,-8.9360101342e-03
6,43,4.3425073310e-03
6,44,2.4778712828e-03
6,45,1.2130666280e-02
6,46,-4.5825070488e-03
6,47,-8.8337581083e-03
6,78,-9.3123243451e-03
6,79,3.8463576515e-03
6,80,2.6141553164e-03
6,81,-1.2750559268e-02
6,82,3.8727159884e-03
6,83,-9.5054142543e-03
6,102,-7.8131467848e-03
6,103,1.3271564055e-02
6,104,-1.6469770028e-02
6,105,7.7968040777e-04
6,106,-1.2627611942e-03
6,107,5.8322011605e-03
7,6,-8.1072021979e-03
7,7,7.7106640852e-02
7,8,-1.8503955822e-02
7,9,-1.1369391698e-03
7,10,-2.4790785260e-03
7,11,-1.9295324455e-02
7,42,2.7469894937e-04
7,43,-6.4483261136e-03
7,44,6.7857209257e-03
7,45,1.4240439631e-03
7,46,7.8400444527e-03
7,47,-5.1830051043e-03
7,78,2.2465337324e-05
7,79,-7.0910853990e-03
7,80,6.5343393064e-03
7,81,-1.8010165262e-03
7,82,-8.9492526210e-03
7,83,-5.5853103111e-03
7,102,-1.3230237249e-02
7,103,2.2470598793e-02
7,104,-2.7879090047e-02
7,105,1.3915700041e-03
7,106,-2.2591522854e-03
7,107,9.8599293986e-03
8,6,4.2479179387e-02
8,7,-1.8503955822e-02
8,8,1.1240985290e-01
8,9,-1.3337045295e-03
8,10,-2.6614019713e-03
8,11,-1.0104267021e-02
8,42,3.0938945393e-04
8,43,2.8372055269e-04
8,44,-5.0201012205e-03
8,45,-5.4351979523e-04
8,46,7.6474060453e-04
8,47,3.1976521087e-04
8,78,3.5509789553e-18
8,79,3.8201583945e-05
8,80,-5.4209256063e-03
8,81,9.8839307928e-06
8,82,-1.1972399491e-03
8,83,-3.2976519507e-04
8,102,-1.6313358219e-02
8,103,2.7700548390e-02
8,104,-3.4351160318e-02
8,105,1.8979449644e-03
8,106,-3.0942348844e-03
8,107,1.2116366157e-02
9,6,-1.2676346714e-03
9,7,-1.1369391698e-03
9,8,-1.3337045295e-03
9,9,5.2826137390e-02
9,10,-2.5504811298e-02
9,11,-2.5951672354e-03
9,42,-1.2306128045e-02
9,43,7.2231639391e-03
9,44,2.0617716421e-03
9,45,1.6348173875e-02
9,46,-7.8243132079e-03
9,47,-1.1080153093e-02
9,78,1.3232362058e-02
9,79,-6.6598686132e-03
9,80,-2.6114782179e-03
9,81,1.7804941082e-02
9,82,-7.0090139017e-03
9,83,1.2548286270e-02
9,102,3.4140065899e-04
9,103,-5.1077020220e-04
9,104,4.5704996957e-04
9,105,-2.8625233946e-03
9,106,4.8527462889e-03
9,107,3.7629687261e-04
10,6,-1.1369391698e-03
10,7,-2.4790785260e-03
10,8,-2.6614019713e-03
10,9,-2.5504811298e-02
10,10,8.3252695481e-02
10,11,-6.2456079663e-04
10,42,2.0820435504e-03
10,43,-9.7463968905e-03
10,44,9.6992473700e-03
10,45,-3.4076595586e-04
10,46,1.1514646821e-02
10,47,-5.4215471156e-03
10,78,-1.6033486469e-03
10,79,1.0728033159e-02
10,80,-9.6585963615e-03
10,81,4.0827542490e-04
10,82,1.3182728678e-02
10,83,6.2786312596e-03
10,102,6.5824426645e-04
10,103,-1.0009198966e-03
10,104,9.4247788112e-04
10,105,-4.8583106307e-03
10,106,8.2347429314e-03
10,107,6.0114631445e-04
11,6,1.5063293239e-02
11,7,-1.9295324455e-02
11,8,-1.0104267021e-02
11,9,-2.5951672354e-03
11,10,-6.2456079663e-04
11,11,4.8836485045e-02
11,42,-9.3280126403e-03
11,43,8.3604298468e-03
11,44,-1.7451523793e-03
11,45,1.1561966151e-02
11,46,-9.3991578819e-03
11,47,-5.8939039379e-03
11,78,-1.0902983928e-02
11,79,8.2983076735e-03
11,80,-5.9732686577e-04
11,81,-1.3933882325e-02
11,82,9.2828872615e-03
11,83,-8.0941332741e-03
11,102,5.1677033293e-03
11,103,-8.7847174348e-03
11,104,1.0918338920e-02
11,105,-2.3933104821e-04
11,106,3.8882497654e-04
11,107,-4.9430861374e-03
12,12,3.5830150904e-02
12,13,2.2122579249e-03
12,14,3.0828170721e-02
12,15,1.0374910894e-02
12,16,-2.8782999173e-03
12,17,2.2406930091e-02
12,18,-7.9733179883e-03
12,19,1.3515193637e-02
12,20,-1.6699552702e-02
12,21,-2.6774183351e-03
12,22,4.6355696426e-03
12,23,2.1128340829e-03
12,54,-6.8319383206e-03
12,55,-1.1640587842e-02
12,56,-1.4536557316e-02
12,57,-3.5245106271e-03
12,58,-6.0551947602e-03
12,59,1.8374030197e-03
12,72,-3.1675743661e-03
12,73,4.2400708156e-03
12,74,-2.9796072297e-03
12,75,-3.9344377675e-03
12,76,5.0740513463e-03
12,77,-2.1837069289e-03
12,108,-8.1619688521e-03
12,109,-4.4033043921e-03
12,110,2.3138449718e-03
12,111,-9.9263150281e-03
12,112,-3.7697209996e-03
12,113,-5.1243458166e-03
13,12,2.2122579249e-03
13,13,6.4035916735e-02
13,14,4.0573053721e-03
13,15,-2.8782999173e-03
13,16,2.5290500463e-02
13,17,4.5741047081e-03
13,18,-1.3536421686e-02
13,19,2.2942390573e-02
13,20,-2.8341370175e-02
13,21,-4.4553499959e-03
13,22,7.7162207367e-03
13,23,3.6546756909e-03
13,54,1.1628180339e-02
13,55,1.9811116869e-02
13,56,2.4735804259e-02
13,57,5.9457046488e-03
13,58,1.0214823637e-02
13,59,-3.1886041769e-03
13,72,-4.0208499775e-03
13,73,5.1972918850e-03
13,74,-3.2286229007e-03
13,75,-5.2196316751e-03
13,76,6.5127812331e-03
13,77,-3.3977967554e-03
13,108,3.6673195758e-03
13,109,-2.0872146985e-03
13,110,-5.9442575696e-03
13,111,6.1929641390e-03
13,112,-2.3158899529e-03
13,113,7.0149182174e-03
14,12,3.0828170721e-02
14,13,4.0573053721e-03
14,14,8.8893346748e-02
14,15,1.6505619850e-02
14,16,-2.1067797283e-03
14,17,-1.5792906875e-02
14,18,-1.6779937903e-02
14,19,2.8433152958e-02
14,20,-3.5107458798e-02
14,21,-5.2924552946e-03
14,22,9.1723346896e-03
14,23,4.7024129337e-03
14,54,-1.4489315709e-02
14,55,-2.4681716755e-02
14,56,-3.0806955347e-02
14,57,-7.2726630223e-03
14,58,-1.2494463911e-02
14,59,4.1296300327e-03
14,72,-2.4075491987e-03
14,73,2.6977088272e-03
14,74,-7.0408834143e-04
14,75,-3.6300156079e-03
14,76,4.0488746261e-03
14,77,-3.4520511108e-03
14,108,2.3115319717e-03
14,109,5.3318809923e-03
14,110,2.2469491815e-03
14,111,1.0701677538e-03
14,112,5.8678814207e-03
14,113,-3.6508892347e-03
15,12,1.0374910894e-02
15,13,-2.8782999173e-03
15,14,1.6505619850e-02
15,15,5.7122070870e-02
15,16,6.3811347722e-03
15,17,3.0457558972e-02
15,18,-3.6480983740e-03
15,19,6.2723299091e-03
15,20,-7.9765429063e-03
15,21,-5.9546428024e-03
15,22,1.0167663213e-02
15,23,-2.5846069921e-03
15,54,-3.7857418038e-03
15,55,-6.4986450299e-03
15,56,-8.2391310706e-03
15,57,-5.2153850520e-03
15,58,-8.9388363606e-03
15,59,-2.7451861255e-03
15,72,3.9795268430e-03
15,73,-5.5130062368e-03
15,74,4.3003006455e-03
15,75,4.7139029008e-03
15,76,-6.2991779275e-03
15,77,2.1072265900e-03
15,108,9.4524225927e-03
15,109,6.8621175752e-03
15,110,-5.5336122792e-04
15,111,1.0741115651e-02
15,112,6.1022574701e-03
15,113,3.8823250846e-03
16,12,-2.8782999173e-03
16,13,2.5290500463e-02
16,14,-2.1067797283e-03
16,15,6.3811347722e-03
16,16,7.2475368593e-02
16,17,-6.9695419023e-03
16,18,-6.1111360290e-03
16,19,1.0507963294e-02
16,20,-1.3365050740e-02
16,21,-1.0040407954e-02
16,22,1.7142330485e-02
16,23,-4.3309649295e-03
16,54,6.3919777290e-03
16,55,1.0972340290e-02
16,56,1.3910456425e-02
16,57,8.8207590192e-03
16,58,1.5117304563e-02
16,59,4.6296073842e-03
16,72,4.8317050837e-03
16,73,-6.4714611926e-03
16,74,4.5466695433e-03
16,75,5.9937738506e-03
16,76,-7.7448530555e-03
16,77,3.2949207411e-03
16,108,-2.3178633136e-03
16,109,2.6660694253e-03
16,110,6.1667017898e-03
16,111,-4.4866984727e-03
16,112,2.4921516024e-03
16,113,-5.8465766290e-03
17,12,2.2406930091e-02
17,13,4.5741047081e-03
17,14,-1.5792906875e-02
17,15,3.0457558972e-02
17,16,-6.9695419023e-03
17,17,7.1680339355e-02
17,18,2.2243303708e-03
17,19,-3.6797001720e-03
17,20,4.3141078628e-03
17,21,-4.0918888858e-03
17,22,6.9862793399e-03
17,23,-7.0282428183e-03
17,54,1.7622941706e-03
17,55,2.9428177114e-03
17,56,3.5212760351e-03
17,57,-3.1331226655e-03
17,58,-5.3769817272e-03
17,59,-6.6947910716e-03
17,72,-2.2946886032e-03
17,73,3.5943290630e-03
17,74,-3.7338532811e-03
17,75,-2.2067029545e-03
17,76,3.4514989817e-03
17,77,1.8872576649e-04
17,108,-4.0453611412e-03
17,109,-6.7469076372e-03
17,110,-4.7397048879e-03
17,111,-2.9655817895e-03
17,112,-6.2187241120e-03
17,113,2.7043992144e-03
18,12,-7.9733179883e-03
18,13,-1.3536421686e-02
18,14,-1.6779937903e-02
18,15,-3.6480983740e-03
18,16,-6.1111360290e-03
18,17,2.2243303708e-03
18,18,3.8315015504e-02
18,19,3.6824766183e-03
18,20,3.7635237776e-02
18,21,5.5361122074e-03
18,22,-7.0088772380e-03
18,23,2.9563147468e-02
18,72,-1.0340345483e-02
18,73,-3.9723178943e-03
18,74,2.8698695960e-03
18,75,-1.4448939218e-02
18,76,-4.0880800398e-03
18,77,-1.1390484613e-02
19,12,1.3515193637e-02
19,13,2.2942390573e-02
19,14,2.8433152958e-02
19,15,6.2723299091e-03
19,16,1.0507963294e-02
19,17,-3.6797001720e-03
19,18,3.6824766183e-03
19,19,7.2640950450e-02
19,20,8.7918900941e-03
19,21,-7.0088772380e-03
19,22,1.1295896799e-02
19,23,9.8792442069e-03
19,72,-2.9139569188e-04
19,73,-8.0279886432e-03
19,74,-6.7190224580e-03
19,75,1.4452081651e-03
19,76,-1.0464976931e-02
19,77,5.4668447103e-03
20,12,-1.6699552702e-02
20,13,-2.8341370175e-02
20,14,-3.5107458798e-02
20,15,-7.9765429063e-03
20,16,-1.3365050740e-02
20,17,4.3141078628e-03
20,18,3.7635237776e-02
20,19,8.7918900941e-03
20,20,1.0387694913e-01
20,21,6.3163733280e-03
20,22,-1.2974913798e-02
20,23,-3.7395786419e-03
20,72,3.3766693812e-04
20,73,-3.6909989711e-04
20,74,-6.5824024997e-03
20,75,5.8856124033e-04
20,76,7.4929557691e-04
20,77,4.0505549640e-04
21,12,-2.6774183351e-03
21,13,-4.4553499959e-03
21,14,-5.2924552946e-03
21,15,-5.9546428024e-03
21,16,-1.0040407954e-02
21,17,-4.0918888858e-03
21,18,5.5361122074e-03
21,19,-7.0088772380e-03
21,20,6.3163733280e-03
21,21,6.6116251079e-02
21,22,1.2620665472e-02
21,23,2.2983335618e-02
21,72,1.4226309029e-02
21,73,7.0211194979e-03
21,74,-2.6117949718e-03
21,75,1.9510441350e-02
21,76,7.6570597343e-03
21,77,1.4519533017e-02
22,12,4.6355696426e-03
22,13,7.7162207367e-03
22,14,9.1723346896e-03
22,15,1.0167663213e-02
22,16,1.7142330485e-02
22,17,6.9862793399e-03
22,18,-7.0088772380e-03
22,19,1.1295896799e-02
22,20,-1.2974913798e-02
22,21,1.2620665472e-02
22,22,9.7341061915e-02
22,23,-1.6636881220e-02
22,72,2.3733075967e-03
22,73,1.1846517327e-02
22,74,9.7993956215e-03
22,75,7.5741762676e-04
22,76,1.5008655148e-02
22,77,-5.3209583182e-03
23,12,2.1128340829e-03
23,13,3.6546756909e-03
23,14,4.7024129337e-03
23,15,-2.5846069921e-03
23,16,-4.3309649295e-03
23,17,-7.0282428183e-03
23,18,2.9563147468e-02
23,19,9.8792442069e-03
23,20,-3.7395786419e-03
23,21,2.2983335618e-02
23,22,-1.6636881220e-02
23,23,8.0409613624e-02
23,72,-1.0750447599e-02
23,73,-8.9166583397e-03
23,74,-1.3621571412e-03
23,75,-1.3888154651e-02
23,76,-1.0452932851e-02
23,77,-8.3125221893e-03
24,24,3.5829468480e-02
24,25,2.2100779847e-03
24,26,3.0820331303e-02
24,27,-1.0376946864e-02
24,28,2.8785996415e-03
24,29,2.2406427604e-02
24,36,-8.1626768481e-03
24,37,-4.4040369576e-03
24,38,2.3145136531e-03
24,39,9.9260114032e-03
24,40,3.7695539718e-03
24,41,-5.1220646313e-03
24,60,-3.1692156779e-03
24,61,4.2419641392e-03
24,62,-2.9803298805e-03
24,63,3.9355746274e-03
24,64,-5.0749314417e-03
24,65,-2.1826538687e-03
24,84,-7.9710491068e-03
24,85,1.3511116440e-02
24,86,-1.6693928441e-02
24,87,2.6784456332e-03
24,88,-4.6372977805e-03
24,89,2.1127461558e-03
24,114,-6.8304647637e-03
24,115,-1.1638268904e-02
24,116,-1.4534149841e-02
24,117,3.5247992130e-03
24,118,6.0556879332e-03
24,119,1.8367507377e-03
25,24,2.2100779847e-03
25,25,6.4028138517e-02
25,26,4.0495908203e-03
25,27,2.8785996415e-03
25,28,-2.5297669072e-02
25,29,4.5719096089e-03
25,36,3.6687738004e-03
25,37,-2.0857447639e-03
25,38,-5.9446338841e-03
25,39,-6.1946751712e-03
25,40,2.3138925995e-03
25,41,7.0153201637e-03
25,60,-4.0224902051e-03
25,61,5.1989030198e-03
25,62,-3.2285675524e-03
25,63,5.2208483362e-03
25,64,-6.5134062315e-03
25,65,-3.3969109279e-03
25,84,-1.3532353946e-02
25,85,2.2935099793e-02
25,86,-2.8331358458e-02
25,87,4.4569613382e-03
25,88,-7.7189280547e-03
25,89,3.6545596829e-03
25,114,1.1625895710e-02
25,115,1.9807553501e-02
25,116,2.4732192888e-02
25,117,-5.9464198104e-03
25,118,-1.0216046049e-02
25,119,-3.1874468726e-03
26,24,3.0820331303e-02
26,25,4.0495908203e-03
26,26,8.8879342503e-02
26,27,-1.6511321111e-02
26,28,2.1087089235e-03
26,29,-1.5794020348e-02
26,36,2.3116786343e-03
26,37,5.3327942912e-03
26,38,2.2487553674e-03
26,39,-1.0690087123e-03
26,40,-5.8675420802e-03
26,41,-3.6539191301e-03
26,60,-2.4076885945e-03
26,61,2.6971578378e-03
26,62,-7.0220874941e-04
26,63,3.6303525666e-03
26,64,-4.0483406156e-03
26,65,-3.4524755324e-03
26,84,-1.6774347604e-02
26,85,2.8423178960e-02
26,86,-3.5093872394e-02
26,87,5.2941202087e-03
26,88,-9.1751231223e-03
26,89,4.7023494603e-03
26,114,-1.4487037657e-02
26,115,-2.4678252870e-02
26,116,-3.0803692855e-02
26,117,7.2741219745e-03
26,118,1.2496958006e-02
26,119,4.1280726245e-03
27,24,-1.0376946864e-02
27,25,2.8785996415e-03
27,26,-1.6511321111e-02
27,27,5.7120947797e-02
27,28,6.3769539619e-03
27,29,-3.0462265395e-02
27,36,-9.4518469411e-03
27,37,-6.8627283609e-03
27,38,5.5294887511e-04
27,39,1.0738547862e-02
27,40,6.1014822661e-03
27,41,-3.8776368207e-03
27,60,-3.9807429953e-03
27,61,5.5145055582e-03
27,62,-4.3011300559e-03
27,63,4.7138893120e-03
27,64,-6.2986881921e-03
27,65,-2.1043798413e-03
27,84,3.6492031930e-03
27,85,-6.2741509956e-03
27,86,7.9786574618e-03
27,87,-5.9527297426e-03
27,88,1.0164341529e-02
27,89,2.5841214610e-03
27,114,3.7861132495e-03
27,115,6.4992889198e-03
27,116,8.2399648038e-03
27,117,-5.2145610350e-03
27,118,-8.9374916554e-03
27,119,2.7445054457e-03
28,24,2.8785996415e-03
28,25,-2.5297669072e-02
28,26,2.1087089235e-03
28,27,6.3769539619e-03
28,28,7.2466201966e-02
28,29,6.9696349030e-03
28,36,2.3183606015e-03
28,37,-2.6639183139e-03
28,38,-6.1652600450e-03
28,39,-4.4868773612e-03
28,40,2.4891731159e-03
28,41,5.8451993547e-03
28,60,-4.8323815225e-03
28,61,6.4719979601e-03
28,62,-4.5463166655e-03
28,63,5.9931209451e-03
28,64,-7.7432527239e-03
28,65,-3.2916948200e-03
28,84,6.1128621163e-03
28,85,-1.0510799349e-02
28,86,1.3368319434e-02
28,87,-1.0036911622e-02
28,88,1.7136266532e-02
28,89,4.3300156827e-03
28,114,-6.3928401323e-03
28,115,-1.0973829884e-02
28,116,-1.3912370836e-02
28,117,8.8196250596e-03
28,118,1.5115476810e-02
28,119,-4.6286094248e-03
29,24,2.2406427604e-02
29,25,4.5719096089e-03
29,26,-1.5794020348e-02
29,27,-3.0462265395e-02
29,28,6.9696349030e-03
29,29,7.1681292826e-02
29,36,-4.0426843227e-03
29,37,-6.7462976916e-03
29,38,-4.7416567075e-03
29,39,2.9606939935e-03
29,40,6.2166114266e-03
29,41,2.7095859085e-03
29,60,-2.2937933853e-03
29,61,3.5935101188e-03
29,62,-3.7341221184e-03
29,63,2.2039755950e-03
29,64,-3.4481367602e-03
29,65,1.9313942870e-04
29,84,2.2235434730e-03
29,85,-3.6781929958e-03
29,86,4.3118084161e-03
29,87,4.0913205272e-03
29,88,-6.9852492803e-03
29,89,-7.0274728074e-03
29,114,1.7614815183e-03
29,115,2.9415818623e-03
29,116,3.5201105900e-03
29,117,3.1325608217e-03
29,118,5.3760523093e-03
29,119,-6.6938853189e-03
30,0,-7.4796249471e-03
30,1,-1.2886006123e-02
30,2,-1.6457389875e-02
30,3,-8.6357515939e-07
30,4,-1.5232114654e-06
30,5,6.0687156397e-03
30,30,3.8333852891e-02
30,31,9.2081758996e-03
30,32,4.4123120653e-02
30,33,1.8069974908e-06
30,34,-2.9349028211e-06
30,35,1.1887896872e-02
30,60,-8.9893273344e-03
30,61,-4.4844993282e-03
30,62,2.4735942159e-03
30,63,-1.1787361664e-02
30,64,-4.4039977165e-03
30,65,-7.7625217620e-03
30,72,-8.9886309462e-03
30,73,-4.4829200110e-03
30,74,2.4736413479e-03
30,75,1.1788194805e-02
30,76,4.4034668461e-03
30,77,-7.7665176805e-03
31,0,1.2873983292e-02
31,1,2.2178738165e-02
31,2,2.8323684176e-02
31,3,1.4448286015e-06
31,4,2.5500710090e-06
31,5,-1.0445516236e-02
31,30,9.2081758996e-03
31,31,7.8562114826e-02
31,32,1.9525337372e-02
31,33,-2.9349028211e-06
31,34,3.9625643590e-06
31,35,2.0972669258e-02
31,60,-2.9216785929e-05
31,61,-6.4028559068e-03
31,62,-7.1181237464e-03
31,63,2.0379727660e-03
31,64,-7.3552307036e-03
31,65,6.0625528261e-03
31,72,-2.9368552753e-05
31,73,-6.4030792181e-03
31,74,-7.1162925576e-03
31,75,-2.0365727811e-03
31,76,7.3576250625e-03
31,77,6.0598035908e-03
32,0,-1.6410826565e-02
32,1,-2.8269918025e-02
32,2,-3.6097479583e-02
32,3,-1.7347801921e-06
32,4,-3.0661207196e-06
32,5,1.3315191717e-02
32,30,4.4123120653e-02
32,31,1.9525337372e-02
32,32,1.1734038231e-01
32,33,2.3474072058e-06
32,34,-4.9161826686e-06
32,35,-1.1283447143e-02
32,60,1.1394604010e-14
32,61,-4.6426894909e-05
32,62,-4.5917756191e-03
32,63,1.5093949930e-05
32,64,1.2658389246e-03
32,65,-4.3488945889e-04
32,72,2.1213957136e-07
32,73,-4.6566985401e-05
32,74,-4.5926611446e-03
32,75,-1.5442983601e-05
32,76,-1.2650185136e-03
32,77,-4.3397742481e-04
33,0,-1.2519257930e-06
33,1,-2.1961015278e-06
33,2,-2.9058714010e-06
33,3,-2.2755048458e-03
33,4,-3.9202726957e-03
33,5,4.2830396560e-07
33,30,1.8069974908e-06
33,31,-2.9349028211e-06
33,32,2.3474072058e-06
33,33,4.9887520269e-02
33,34,2.8107651040e-02
33,35,5.2049535650e-06
33,60,1.2138283373e-02
33,61,7.3940301068e-03
33,62,-1.8468640997e-03
33,63,1.5477674976e-02
33,64,7.4830719251e-03
33,65,9.1949981622e-03
33,72,-1.2138838444e-02
33,73,-7.3920712412e-03
33,74,1.8483875283e-03
33,75,1.5481207862e-02
33,76,7.4828803745e-03
33,77,-9.2028053689e-03
34,0,2.1086857738e-06
34,1,3.7003333684e-06
34,2,4.8995955553e-06
34,3,3.9166150015e-03
34,4,6.7473738990e-03
34,5,-7.1106777525e-07
34,30,-2.9349028211e-06
34,31,3.9625643590e-06
34,32,-4.9161826686e-06
34,33,2.8107651040e-02
34,34,8.0836132952e-02
34,35,-2.4616341466e-06
34,60,1.9242062595e-03
34,61,9.5903720845e-03
34,62,9.9483270275e-03
34,63,-2.8186996705e-04
34,64,1.0610362804e-02
34,65,-6.4711560411e-03
34,72,-1.9233800425e-03
34,73,-9.5909849322e-03
34,74,-9.9470179685e-03
34,75,-2.8131699999e-04
34,76,1.0614526840e-02
34,77,6.4685393702e-03
35,0,5.5407302866e-03
35,1,9.5456503226e-03
35,2,1.2191247387e-02
35,3,-2.1193452243e-07
35,4,-3.4955472838e-07
35,5,-5.1878322924e-03
35,30,1.1887896872e-02
35,31,2.0972669258e-02
35,32,-1.1283447143e-02
35,33,5.2049535650e-06
35,34,-2.4616341466e-06
35,35,4.4979792804e-02
35,60,-8.7125973690e-03
35,61,-8.3881882152e-03
35,62,-2.3102935275e-03
35,63,-1.0099478172e-02
35,64,-8.8480339232e-03
35,65,-3.6599433669e-03
35,72,-8.7160297897e-03
35,73,-8.3874763179e-03
35,74,-2.3063527409e-03
35,75,1.0106858088e-02
35,76,8.8495572348e-03
35,77,-3.6702244171e-03
36,0,-7.3187021832e-03
36,1,4.2744568982e-03
36,2,1.8319359450e-03
36,3,8.6219665652e-03
36,4,-3.5357332056e-03
36,5,-3.9608328520e-03
36,24,-8.1626768481e-03
36,25,3.6687738004e-03
36,26,2.3116786343e-03
36,27,-9.4518469411e-03
36,28,2.3183606015e-03
36,29,-4.0426843227e-03
36,36,3.4358240776e-02
36,37,-3.2759418979e-03
36,38,1.9515254303e-02
36,39,-1.0302943893e-03
36,40,7.3890470362e-04
36,41,6.7524862482e-03
36,60,-3.8969737274e-03
36,61,6.6744960675e-03
36,62,-8.4237238703e-03
36,63,1.2774669879e-04
36,64,-2.2789185759e-04
36,65,3.5226211944e-03
36,90,-5.5714999546e-03
36,91,-5.6788832646e-03
36,92,-1.2790134536e-03
36,93,6.6833631327e-03
36,94,6.1331027385e-03
36,95,-3.2879210875e-03
36,102,-5.0885381664e-03
36,103,-8.7502253754e-03
36,104,-1.1133063454e-02
36,105,3.8330388760e-04
36,106,6.5708357427e-04
36,107,4.6209339563e-03
36,114,-4.3198498964e-03
36,115,-4.8404983250e-03
36,116,-1.7548355246e-03
36,117,-5.1767970536e-03
36,118,-5.3778995989e-03
36,119,-2.5328083810e-03
37,0,-5.1397820366e-03
37,1,1.4566044986e-04
37,2,5.0166452482e-03
37,3,7.3992761385e-03
37,4,9.6655403660e-05
37,5,-6.3226529694e-03
37,24,-4.4040369576e-03
37,25,-2.0857447639e-03
37,26,5.3327942912e-03
37,27,-6.8627283609e-03
37,28,-2.6639183139e-03
37,29,-6.7462976916e-03
37,36,-3.2759418979e-03
37,37,5.2349579494e-02
37,38,-5.8087988224e-03
37,39,7.3890470362e-04
37,40,-3.1961714934e-03
37,41,-5.6419082684e-03
37,60,-6.6688410624e-03
37,61,1.1421435593e-02
37,62,-1.4413318380e-02
37,63,2.0886281833e-04
37,64,-3.7327431534e-04
37,65,6.0289309631e-03
37,90,5.6682129906e-03
37,91,4.8509492706e-03
37,92,-8.1045916024e-04
37,93,-7.4766700400e-03
37,94,-5.8184977477e-03
37,95,5.1616838552e-03
37,102,8.7573946432e-03
37,103,1.5058640054e-02
37,104,1.9157984713e-02
37,105,-6.6147697709e-04
37,106,-1.1339148021e-03
37,107,-7.9523411419e-03
37,114,5.0629943206e-03
37,115,5.2198415372e-03
37,116,9.2077111301e-04
37,117,6.4777623290e-03
37,118,6.2196117834e-03
37,119,4.0682341682e-03
38,0,1.2828980036e-03
38,1,-5.2345101465e-03
38,2,4.4215453027e-03
38,3,5.9956409588e-04
38,4,5.1398234248e-03
38,5,-5.1129172109e-03
38,24,2.3145136531e-03
38,25,-5.9446338841e-03
38,26,2.2487553674e-03
38,27,5.5294887511e-04
38,28,-6.1652600450e-03
38,29,-4.7416567075e-03
38,36,1.9515254303e-02
38,37,-5.8087988224e-03
38,38,6.9452390585e-02
38,39,-2.4046613057e-03
38,40,8.0771674070e-04
38,41,-3.4603761520e-02
38,60,-8.4020260907e-03
38,61,1.4388380706e-02
38,62,-1.8153829749e-02
38,63,2.3812415397e-04
38,64,-4.2738921616e-04
38,65,7.5976176291e-03
38,90,-1.2524093265e-03
38,91,8.3115883563e-04
38,92,4.3621377782e-03
38,93,3.0431001059e-03
38,94,3.2010599485e-04
38,95,-4.9539714034e-03
38,102,-1.1160782785e-02
38,103,-1.9189965078e-02
38,104,-2.4410369334e-02
38,105,8.4767056964e-04
38,106,1.4530112873e-03
38,107,1.0134004516e-02
38,114,-2.2974477578e-03
38,115,-1.3861835682e-03
38,116,1.9961076274e-03
38,117,-3.8287462570e-03
38,118,-2.6029696236e-03
38,119,-4.2679010710e-03
39,0,-8.3506832093e-03
39,1,6.4760298899e-03
39,2,2.2164317234e-06
39,3,9.0825162874e-03
39,4,-5.4767603091e-03
39,5,-2.5298767290e-03
39,24,9.9260114032e-03
39,25,-6.1946751712e-03
39,26,-1.0690087123e-03
39,27,1.0738547862e-02
39,28,-4.4868773612e-03
39,29,2.9606939935e-03
39,36,-1.0302943893e-03
39,37,7.3890470362e-04
39,38,-2.4046613057e-03
39,39,4.1423411891e-02
39,40,-8.4162993236e-03
39,41,-1.5944855605e-03
39,60,2.9263299741e-04
39,61,-5.0911655197e-04
39,62,6.6286162112e-04
39,63,-6.5717940368e-04
39,64,1.1265186982e-03
39,65,-2.1705352690e-04
39,90,-6.6722369439e-03
39,91,-7.4814271084e-03
39,92,-3.0828764374e-03
39,93,7.5040540146e-03
39,94,7.6518461638e-03
39,95,-2.5970759490e-03
39,102,3.5813124237e-04
39,103,6.1373069858e-04
39,104,7.7543152291e-04
39,105,-9.8525969559e-04
39,106,-1.6939449666e-03
39,107,-1.6381184702e-04
39,114,5.4764388995e-03
39,115,6.5034343661e-03
39,116,3.1440825731e-03
39,117,6.2284550709e-03
39,118,6.8828270996e-03
39,119,2.3148996970e-03
40,0,-4.4290855760e-03
40,1,4.5067218701e-04
40,2,4.4561324982e-03
40,3,6.2211872173e-03
40,4,-4.4492327385e-04
40,5,-4.9156464574e-03
40,24,3.7695539718e-03
40,25,2.3138925995e-03
40,26,-5.8675420802e-03
40,27,6.1014822661e-03
40,28,2.4891731159e-03
40,29,6.2166114266e-03
40,36,7.3890470362e-04
40,37,-3.1961714934e-03
40,38,8.0771674070e-04
40,39,-8.4162993236e-03
40,40,3.1307719611e-02
40,41,2.7604862196e-03
40,60,4.9224540967e-04
40,61,-8.5658755873e-04
40,62,1.1157398584e-03
40,63,-1.1236109000e-03
40,64,1.9259565088e-03
40,65,-3.6522624332e-04
40,90,6.1071961735e-03
40,91,5.8077460670e-03
40,92,3.5005905942e-04
40,93,-7.6286656126e-03
40,94,-6.5973033186e-03
40,95,4.3614314149e-03
40,102,-6.1822006201e-04
40,103,-1.0594193420e-03
40,104,-1.3384779810e-03
40,105,1.6959044657e-03
40,106,2.9156441250e-03
40,107,2.8329750418e-04
40,114,-6.0605946206e-03
40,115,-6.6463630070e-03
40,116,-2.0650436778e-03
40,117,-7.3912345477e-03
40,118,-7.5434480853e-03
40,119,-3.8688367894e-03
41,0,-3.3663123460e-03
41,1,6.0453038705e-03
41,2,-4.8335133760e-03
41,3,2.0388944396e-03
41,4,-5.1584269642e-03
41,5,3.1756684594e-03
41,24,-5.1220646313e-03
41,25,7.0153201637e-03
41,26,-3.6539191301e-03
41,27,-3.8776368207e-03
41,28,5.8451993547e-03
41,29,2.7095859085e-03
41,36,6.7524862482e-03
41,37,-5.6419082684e-03
41,38,-3.4603761520e-02
41,39,-1.5944855605e-03
41,40,2.7604862196e-03
41,41,3.6318953204e-02
41,60,3.7005340701e-03
41,61,-6.3367177018e-03
41,62,7.9939942322e-03
41,63,-1.2569877519e-05
41,64,2.8948698075e-05
41,65,-3.4606365839e-03
41,90,-3.2622625378e-03
41,91,-5.1476347224e-03
41,92,-4.9855980842e-03
41,93,2.5750940698e-03
41,94,4.3585104613e-03
41,95,1.6192252122e-03
41,102,4.5529233952e-03
41,103,7.8295168972e-03
41,104,9.9624835586e-03
41,105,-1.9214847164e-04
41,106,-3.2896874103e-04
41,107,-4.3404060430e-03
41,114,-3.2553041984e-03
41,115,-4.6878422772e-03
41,116,-3.9596991599e-03
41,117,-2.9531794920e-03
41,118,-4.2114776434e-03
41,119,6.0535182835e-04
42,6,-8.9360101342e-03
42,7,2.7469894937e-04
42,8,3.0938945393e-04
42,9,-1.2306128045e-02
42,10,2.0820435504e-03
42,11,-9.3280126403e-03
42,42,3.4721300370e-02
42,43,-8.4864670627e-04
42,44,1.9605982674e-02
42,45,3.6800542672e-07
42,46,-2.2825982226e-07
42,47,1.5533986443e-02
42,48,-8.9365052979e-03
42,49,2.7559603104e-04
42,50,3.1047283033e-04
42,51,1.2306912035e-02
42,52,-2.0832186502e-03
42,53,-9.3288180608e-03
42,66,-4.0363492450e-03
42,67,4.6298409907e-03
42,68,-1.9254932809e-03
42,69,5.2174259739e-03
42,70,-5.6544919100e-03
42,71,-3.2973478502e-03
42,90,-3.7465013654e-03
42,91,6.4484387132e-03
42,92,-8.2198355790e-03
42,93,-3.1457525683e-07
42,94,5.1280853558e-07
42,95,3.6320855366e-03
42,102,-4.0361356281e-03
42,103,4.6293267345e-03
42,104,-1.9248179330e-03
42,105,-5.2175175777e-03
42,106,5.6542997624e-03
42,107,-3.2981179703e-03
43,6,4.3425073310e-03
43,7,-6.4483261136e-03
43,8,2.8372055269e-04
43,9,7.2231639391e-03
43,10,-9.7463968905e-03
43,11,8.3604298468e-03
43,42,-8.4864670627e-04
43,43,5.2749661867e-02
43,44,-3.3380357459e-03
43,45,-2.2825982226e-07
43,46,4.0269568692e-07
43,47,4.0620248185e-03
43,48,4.3422293611e-03
43,49,-6.4490237462e-03
43,50,2.8462465551e-04
43,51,-7.2229151399e-03
43,52,9.7474268459e-03
43,53,8.3605715416e-03
43,66,-4.9946549525e-03
43,67,5.3498772878e-03
43,68,-1.4101088310e-03
43,69,6.7344302264e-03
43,70,-6.8260500505e-03
43,71,-4.8845425230e-03
43,90,-6.4503832573e-03
43,91,1.1101913718e-02
43,92,-1.4150541760e-02
43,93,-5.6878269105e-07
43,94,9.2964542573e-07
43,95,6.2533925469e-03
43,102,-4.9940203399e-03
43,103,5.3487736839e-03
43,104,-1.4090439757e-03
43,105,-6.7340030379e-03
43,106,6.8251144585e-03
43,107,-4.8850707358e-03
44,6,2.4778712828e-03
44,7,6.7857209257e-03
44,8,-5.0201012205e-03
44,9,2.0617716421e-03
44,10,9.6992473700e-03
44,11,-1.7451523793e-03
44,42,1.9605982674e-02
44,43,-3.3380357459e-03
44,44,6.9170774775e-02
44,45,3.7939434460e-08
44,46,-8.4464605056e-07
44,47,-3.0132858512e-02
44,48,2.4780893925e-03
44,49,6.7849519587e-03
44,50,-5.0220280129e-03
44,51,-2.0621698963e-03
44,52,-9.6984435991e-03
44,53,-1.7446788303e-03
44,66,-2.7552509764e-03
44,67,2.1112101095e-03
44,68,1.3409217720e-03
44,69,4.3314707800e-03
44,70,-3.3635062291e-03
44,71,-4.4954638674e-03
44,90,-8.2273664586e-03
44,91,1.4159237493e-02
44,92,-1.8044597018e-02
44,93,-7.9543330658e-07
44,94,1.3060618623e-06
44,95,7.9761077683e-03
44,102,-2.7541155505e-03
44,103,2.1096840681e-03
44,104,1.3417908122e-03
44,105,-4.3300257462e-03
44,106,3.3615296140e-03
44,107,-4.4946703811e-03
45,6,1.2130666280e-02
45,7,1.4240439631e-03
45,8,-5.4351979523e-04
45,9,1.6348173875e-02
45,10,-3.4076595586e-04
45,11,1.1561966151e-02
45,42,3.6800542672e-07
45,43,-2.2825982226e-07
45,44,3.7939434459e-08
45,45,4.9975126217e-02
45,46,2.8152888532e-03
45,47,6.6813687239e-07
45,48,-1.2131493385e-02
45,49,-1.4227292506e-03
45,50,5.4538601806e-04
45,51,1.6349461005e-02
45,52,-3.4246865839e-04
45,53,-1.1563241397e-02
45,66,-4.8892453449e-03
45,67,5.9981814097e-03
45,68,-3.3327354102e-03
45,69,6.0315690863e-03
45,70,-7.0227444743e-03
45,71,-3.1607070956e-03
45,90,3.8799282383e-07
45,91,-7.0063318464e-07
45,92,9.7758582402e-07
45,93,-5.7260542843e-04
45,94,9.8556243620e-04
45,95,-4.8365136001e-07
45,102,4.8894027612e-03
45,103,-5.9979793011e-03
45,104,3.3319126861e-03
45,105,6.0323555700e-03
45,106,-7.0232341984e-03
45,107,3.1623188362e-03
46,6,-4.5825070488e-03
46,7,7.8400444527e-03
46,8,7.6474060453e-04
46,9,-7.8243132079e-03
46,10,1.1514646821e-02
46,11,-9.3991578819e-03
46,42,-2.2825982226e-07
46,43,4.0269568692e-07
46,44,-8.4464605056e-07
46,45,2.8152888532e-03
46,46,4.3536077701e-02
46,47,1.6899575877e-07
46,48,4.5821344437e-03
46,49,-7.8411206491e-03
46,50,-7.6346056039e-04
46,51,-7.8240139135e-03
46,52,1.1516228462e-02
46,53,9.3994534276e-03
46,66,-5.7193163842e-03
46,67,6.5836013444e-03
46,68,-2.7554391457e-03
46,69,7.3731527127e-03
46,70,-8.0413067479e-03
46,71,-4.5973620553e-03
46,90,6.3665052714e-07
46,91,-1.1522651556e-06
46,92,1.6141335939e-06
46,93,-9.8585963483e-04
46,94,1.6967873332e-03
46,95,-8.0601002013e-07
46,102,5.7191329733e-03
46,103,-6.5828131033e-03
46,104,2.7540313445e-03
46,105,7.3735870598e-03
46,106,-8.0411168954e-03
46,107,4.5989928323e-03
47,6,-8.8337581083e-03
47,7,-5.1830051043e-03
47,8,3.1976521087e-04
47,9,-1.1080153093e-02
47,10,-5.4215471156e-03
47,11,-5.8939039379e-03
47,42,1.5533986443e-02
47,43,4.0620248185e-03
47,44,-3.0132858512e-02
47,45,6.6813687239e-07
47,46,1.6899575877e-07
47,47,4.3413019710e-02
47,48,-8.8346774573e-03
47,49,-5.1818949890e-03
47,50,3.2209721305e-04
47,51,1.1081535105e-02
47,52,5.4201735497e-03
47,53,-5.8951658131e-03
47,66,-2.4877711608e-03
47,67,3.9099810381e-03
47,68,-3.9338126849e-03
47,69,2.4347468021e-03
47,70,-3.9297798588e-03
47,71,2.0427323071e-04
47,90,3.4524169377e-03
47,91,-5.9422636843e-03
47,92,7.5746134059e-03
47,93,4.2248083731e-07
47,94,-7.0525806542e-07
47,95,-3.4344977598e-03
47,102,-2.4886077461e-03
47,103,3.9107114450e-03
47,104,-3.9335296638e-03
47,105,-2.4363609908e-03
47,106,3.9314497298e-03
47,107,2.0230039582e-04
48,42,-8.9365052979e-03
48,43,4.3422293611e-03
48,44,2.4780893925e-03
48,45,-1.2131493385e-02
48,46,4.5821344437e-03
48,47,-8.8346774573e-03
48,48,3.8361410382e-02
48,49,-8.1098025933e-03
48,50,4.2467792422e-02
48,51,1.2663260869e-03
48,52,1.1349963341e-03
48,53,1.5062137771e-02
48,66,-7.8111240066e-03
48,67,1.3267447800e-02
48,68,-1.6462934209e-02
48,69,-7.7991563984e-04
48,70,1.2628949409e-03
48,71,5.8313251194e-03
48,96,-9.3138713884e-03
48,97,3.8471254768e-03
48,98,2.6146007367e-03
48,99,1.2750892075e-02
48,100,-3.8720296265e-03
48,101,-9.5019808651e-03
49,42,2.7559603104e-04
49,43,-6.4490237462e-03
49,44,6.7849519587e-03
49,45,-1.4227292506e-03
49,46,-7.8411206491e-03
49,47,-5.1818949890e-03
49,48,-8.1098025933e-03
49,49,7.7094862006e-02
49,50,-1.8514150020e-02
49,51,1.1349963341e-03
49,52,2.4769714559e-03
49,53,-1.9297917730e-02
49,66,-1.3226035259e-02
49,67,2.2462297350e-02
49,68,-2.7865832875e-02
49,69,-1.3921171301e-03
49,70,2.2596301073e-03
49,71,9.8578066299e-03
49,96,2.2474169127e-05
49,97,-7.0921893509e-03
49,98,6.5355718162e-03
49,99,1.8023434015e-03
49,100,8.9488248276e-03
49,101,-5.5886138963e-03
50,42,3.1047283033e-04
50,43,2.8462465551e-04
50,44,-5.0220280129e-03
50,45,5.4538601806e-04
50,46,-7.6346056039e-04
50,47,3.2209721305e-04
50,48,4.2467792422e-02
50,49,-1.8514150020e-02
50,50,1.1238175412e-01
50,51,1.3328646845e-03
50,52,2.6595463780e-03
50,53,-1.0101356937e-02
50,66,-1.6306209854e-02
50,67,2.7686941273e-02
50,68,-3.4330555612e-02
50,69,-1.8989852384e-03
50,70,3.0954412795e-03
50,71,1.2112127565e-02
50,96,5.7714250046e-18
50,97,3.8216189297e-05
50,98,-5.4217186794e-03
50,99,-9.8933764148e-06
50,100,1.1981254907e-03
50,101,-3.3020555829e-04
51,42,1.2306912035e-02
51,43,-7.2229151399e-03
51,44,-2.0621698963e-03
51,45,1.6349461005e-02
51,46,-7.8240139135e-03
51,47,1.1081535105e-02
51,48,1.2663260869e-03
51,49,1.1349963341e-03
51,50,1.3328646845e-03
51,51,5.2823698479e-02
51,52,-2.5509815929e-02
51,53,2.5894193042e-03
51,66,-3.4006394173e-04
51,67,5.0824765863e-04
51,68,-4.5328922963e-04
51,69,-2.8609556450e-03
51,70,4.8498092609e-03
51,71,-3.7729649914e-04
51,96,-1.3233174180e-02
51,97,6.6611847818e-03
51,98,2.6109483243e-03
51,99,1.7803132154e-02
51,100,-7.0081624267e-03
51,101,-1.2540951586e-02
52,42,-2.0832186502e-03
52,43,9.7474268459e-03
52,44,-9.6984435991e-03
52,45,-3.4246865839e-04
52,46,1.1516228462e-02
52,47,5.4201735497e-03
52,48,1.1349963341e-03
52,49,2.4769714559e-03
52,50,2.6595463780e-03
52,51,-2.5509815929e-02
52,52,8.3242213577e-02
52,53,6.2093898999e-04
52,66,-6.5620173563e-04
52,67,9.9702353408e-04
52,68,-9.3657504528e-04
52,69,-4.8553997946e-03
52,70,8.2293270756e-03
52,71,-6.0267216421e-04
52,96,1.6044240516e-03
52,97,-1.0729011028e-02
52,98,9.6596100159e-03
52,99,4.0873528995e-04
52,100,1.3180778789e-02
52,101,-6.2821554947e-03
53,42,-9.3288180608e-03
53,43,8.3605715416e-03
53,44,-1.7446788303e-03
53,45,-1.1563241397e-02
53,46,9.3994534276e-03
53,47,-5.8951658131e-03
53,48,1.5062137771e-02
53,49,-1.9297917730e-02
53,50,-1.0101356937e-02
53,51,2.5894193042e-03
53,52,6.2093898999e-04
53,53,4.8830443800e-02
53,66,5.1673755835e-03
53,67,-8.7837075958e-03
53,68,1.0915929596e-02
53,69,2.4073974405e-04
53,70,-3.9112425899e-04
53,71,-4.9422510268e-03
53,96,-1.0900695294e-02
53,97,8.2996499256e-03
53,98,-6.0022632808e-04
53,99,1.3927542757e-02
53,100,-9.2820396374e-03
53,101,-8.0829642299e-03
54,12,-6.8319383206e-03
54,13,1.1628180339e-02
54,14,-1.4489315709e-02
54,15,-3.7857418038e-03
54,16,6.3919777290e-03
54,17,1.7622941706e-03
54,54,3.5702136790e-02
54,55,1.6013973832e-03
54,56,2.7597595025e-02
54,57,1.1426033136e-02
54,58,-1.3073391207e-03
54,59,2.5191869177e-02
54,66,-7.4087257348e-03
54,67,-3.4656392555e-03
54,68,2.1104436830e-03
54,69,-9.3003002648e-03
54,70,-2.9255134734e-03
54,71,-5.3486156666e-03
54,96,-6.3303372888e-03
54,97,-1.0780085507e-02
54,98,-1.3447040204e-02
54,99,-2.6915534091e-03
54,100,-4.6353362294e-03
54,101,1.7659549146e-03
54,108,-4.3183062515e-03
54,109,5.0615454888e-03
54,110,-2.2974208246e-03
54,111,-5.4749687553e-03
54,112,6.0596025122e-03
54,113,-3.2553542319e-03
55,12,-1.1640587842e-02
55,13,1.9811116869e-02
55,14,-2.4681716755e-02
55,15,-6.4986450299e-03
55,16,1.0972340290e-02
55,17,2.9428177114e-03
55,54,1.6013973832e-03
55,55,6.0959814064e-02
55,56,2.4171416393e-03
55,57,-1.3073391207e-03
55,58,2.7219753836e-02
55,59,3.7604484564e-03
55,66,4.3147572089e-03
55,67,-1.5366862695e-03
55,68,-4.9476077336e-03
55,69,6.7141166654e-03
55,70,-2.1518670684e-03
55,71,6.7576400863e-03
55,96,1.0773650634e-02
55,97,1.8345240256e-02
55,98,2.2880002677e-02
55,99,4.5272054734e-03
55,100,7.7970636636e-03
55,101,-3.0564239547e-03
55,108,-4.8391168093e-03
55,109,5.2189680068e-03
55,110,-1.3871499082e-03
55,111,-6.5019131616e-03
55,112,6.6457832131e-03
55,113,-4.6873594121e-03
56,12,-1.4536557316e-02
56,13,2.4735804259e-02
56,14,-3.0806955347e-02
56,15,-8.2391310706e-03
56,16,1.3910456425e-02
56,17,3.5212760351e-03
56,54,2.7597595025e-02
56,55,2.4171416393e-03
56,56,8.3392030052e-02
56,57,1.7496821902e-02
56,58,1.8092760089e-03
56,59,-1.5597227306e-02
56,66,1.8511853127e-03
56,67,5.4955266051e-03
56,68,2.6090714381e-03
56,69,6.3384991584e-04
56,70,6.3086966260e-03
56,71,-3.6342733818e-03
56,96,-1.3422549666e-02
56,97,-2.2851969017e-02
56,98,-2.8491019211e-02
56,99,-5.5031777073e-03
56,100,-9.4790143933e-03
56,101,3.9378183298e-03
56,108,-1.7548263558e-03
56,109,9.2168158426e-04
56,110,1.9940259475e-03
56,111,-3.1435448434e-03
56,112,2.0656333994e-03
56,113,-3.9583223677e-03
57,12,-3.5245106271e-03
57,13,5.9457046488e-03
