0,0,8.3979333251e-03
0,1,1.0983306376e-03
0,2,-7.4046249103e-04
0,3,5.5932538385e-07
0,4,1.6018202766e-07
0,5,-3.2865020213e-03
0,30,-1.8699062368e-04
0,31,3.1982534166e-04
0,32,-4.0243089708e-04
0,33,-3.1298144825e-08
0,34,5.2377847670e-08
0,35,1.3851825717e-04
0,36,-1.8296755458e-04
0,37,-1.2757739364e-04
0,38,3.3522985390e-05
0,39,-2.0876708023e-04
0,40,-1.0966496186e-04
0,41,-8.4157808650e-05
0,60,-1.0481019660e-04
0,61,1.2673012353e-04
0,62,-6.3574027947e-05
0,63,-1.2682592693e-04
0,64,1.4465948165e-04
0,65,-6.4297364556e-05
0,72,-1.0478037554e-04
0,73,1.2671224541e-04
0,74,-6.3601241441e-05
0,75,1.2680609825e-04
0,76,-1.4466438845e-04
0,77,-6.4317001122e-05
0,90,-1.1525624755e-04
0,91,-1.9737840520e-04
0,92,-2.4900212119e-04
0,93,2.1361558467e-08
0,94,3.4157365276e-08
0,95,1.0794893180e-04
0,108,-1.8294531095e-04
0,109,-1.2753325451e-04
0,110,3.3541245835e-05
0,111,2.0878971549e-04
0,112,1.0966350728e-04
0,113,-8.4249224368e-05
1,0,1.0983306376e-03
1,1,7.7682188227e-03
1,2,6.7992936489e-04
1,3,1.6018202766e-07
1,4,9.5988562530e-07
1,5,5.4783577249e-04
1,30,-3.2042597362e-04
1,31,5.4797606348e-04
1,32,-6.8931393885e-04
1,33,-5.4613536805e-08
1,34,9.1420100667e-08
1,35,2.3736402647e-04
1,36,1.0583896025e-04
1,37,2.3775435984e-06
1,38,-1.3074661577e-04
1,39,1.6071661404e-04
1,40,9.8029793488e-06
1,41,1.5061699216e-04
1,60,-1.1816713061e-04
1,61,1.3272752088e-04
1,62,-4.4224475068e-05
1,63,-1.5334967287e-04
1,64,1.6333648628e-04
1,65,-1.0052506175e-04
1,72,-1.1815693113e-04
1,73,1.3274394200e-04
1,74,-4.4287752036e-05
1,75,1.5334615986e-04
1,76,-1.6337307454e-04
1,77,-1.0053945706e-04
1,90,1.9712271693e-04
1,91,3.3752769566e-04
1,92,4.2568033991e-04
1,93,-3.9222855580e-08
1,94,-6.3013680077e-08
1,95,-1.8462501643e-04
1,108,1.0577039430e-04
1,109,2.3040539989e-06
1,110,-1.3073620401e-04
1,111,-1.6064648654e-04
1,112,-9.7196343084e-06
1,113,1.5061751479e-04
2,0,-7.4046249103e-04
2,1,6.7992936489e-04
2,2,8.8080234567e-03
2,3,4.4534712193e-07
2,4,1.9512424703e-07
2,5,-1.6068164728e-03
2,30,-4.0475708894e-04
2,31,6.9199996746e-04
2,32,-8.6997599142e-04
2,33,-7.1507249562e-08
2,34,1.1975750666e-07
2,35,2.9983453271e-04
2,36,4.7146475805e-05
2,37,1.2525461315e-04
2,38,1.0749440818e-04
2,39,2.1163292587e-06
2,40,1.1156967856e-04
2,41,-1.1886403041e-04
2,60,-4.5323252223e-05
2,61,2.9205452950e-05
2,62,4.0726940844e-05
2,63,-8.0963387373e-05
2,64,6.2266022424e-05
2,65,-9.9491485158e-05
2,72,-4.5360556420e-05
2,73,2.9274164911e-05
2,74,4.0653404100e-05
2,75,8.0996782528e-05
2,76,-6.2335638914e-05
2,77,-9.9487446339e-05
2,90,-2.4801195366e-04
2,91,-4.2453705579e-04
2,92,-5.3508278583e-04
2,93,5.6246743548e-08
2,94,9.1067787836e-08
2,95,2.3228784159e-04
2,108,4.7196012965e-05
2,109,1.2524494671e-04
2,110,1.0737934083e-04
2,111,-2.2378457523e-06
2,112,-1.1162602492e-04
2,113,-1.1870359317e-04
3,0,5.5932538385e-07
3,1,1.6018202766e-07
3,2,4.4534712193e-07
3,3,5.4804104833e-03
3,4,1.5911117114e-03
3,5,2.7470517372e-07
3,30,-2.1589378985e-08
3,31,3.5887437752e-08
3,32,-4.2491198029e-08
3,33,-5.6887621145e-05
3,34,9.7299546115e-05
3,35,-5.2983630609e-09
3,36,2.1554916413e-04
3,37,1.8388671387e-04
3,38,1.2880155915e-05
3,39,2.2706290719e-04
3,40,1.5435570774e-04
3,41,5.0972360989e-05
3,60,1.3678553013e-04
3,61,-1.7246359285e-04
3,62,1.0208611636e-04
3,63,1.5822256891e-04
3,64,-1.8852646398e-04
3,65,6.4172931896e-05
3,72,-1.3675874942e-04
3,73,1.7244950230e-04
3,74,-1.0211704099e-04
3,75,1.5821770664e-04
3,76,-1.8855052793e-04
3,77,-6.4220598546e-05
3,90,-2.9456926166e-08
3,91,-5.2716627229e-08
3,92,-7.2335944171e-08
3,93,-1.7596523355e-05
3,94,-3.0134364199e-05
3,95,3.4881906875e-08
3,108,-2.1556949325e-04
3,109,-1.8385218967e-04
3,110,-1.2815032036e-05
3,111,2.2716271210e-04
3,112,1.5439054468e-04
3,113,-5.1141522962e-05
4,0,1.6018202766e-07
4,1,9.5988562530e-07
4,2,1.9512424703e-07
4,3,1.5911117114e-03
4,4,3.5484291240e-03
4,5,3.7290388361e-07
4,30,-3.7881588962e-08
4,31,6.3003579957e-08
4,32,-7.4687472433e-08
4,33,-9.7482275222e-05
4,34,1.6670918609e-04
4,35,-8.6894590739e-09
4,36,-8.7172394542e-05
4,37,3.9257055264e-06
4,38,1.2857910335e-04
4,39,-1.3561024342e-04
4,40,-9.5051875728e-06
4,41,-1.2861747744e-04
4,60,1.4569706470e-04
4,61,-1.7088895943e-04
4,62,7.3488066952e-05
4,63,1.8159760835e-04
4,64,-2.0166852820e-04
4,65,1.0306210762e-04
4,72,-1.4570500933e-04
4,73,1.7092889123e-04
4,74,-7.3568270548e-05
4,75,1.8162412802e-04
4,76,-2.0174207883e-04
4,77,-1.0310711011e-04
4,90,4.7839939250e-08
4,91,8.5798419987e-08
4,92,1.1817716265e-07
4,93,3.0095327074e-05
4,94,5.1531384177e-05
4,95,-5.7645202267e-08
4,108,8.7137525949e-05
4,109,-4.0114558375e-06
4,110,-1.2863291461e-04
4,111,-1.3559766169e-04
4,112,-9.4109960507e-06
4,113,1.2868739770e-04
5,0,-3.2865020213e-03
5,1,5.4783577249e-04
5,2,-1.6068164728e-03
5,3,2.7470517372e-07
5,4,3.7290388361e-07
5,5,6.0682245556e-03
5,30,1.5171789099e-04
5,31,-2.5949550527e-04
5,32,3.2651887011e-04
5,33,1.0707599140e-08
5,34,-1.7660092615e-08
5,35,-1.2969580731e-04
5,36,-9.9020821300e-05
5,37,-1.5753068410e-04
5,38,-1.2596956979e-04
5,39,-6.3246918225e-05
5,40,-1.2252285208e-04
5,41,7.9391711485e-05
5,60,-8.9027993236e-05
5,61,1.2828106309e-04
5,62,-1.1026077063e-04
5,63,-8.6438530936e-05
5,64,1.2165931370e-04
5,65,2.4801444982e-06
5,72,-8.9034375899e-05
5,73,1.2829019223e-04
5,74,-1.1027259108e-04
5,75,8.6476641103e-05
5,76,-1.2171042550e-04
5,77,2.4072752202e-06
5,90,1.1035153915e-04
5,91,1.8897900220e-04
5,92,2.3840587674e-04
5,93,-3.0508745714e-08
5,94,-5.0234373622e-08
5,95,-1.0604169735e-04
5,108,-9.9112448190e-05
5,109,-1.5755873961e-04
5,110,-1.2587330361e-04
5,111,6.3419517840e-05
5,112,1.2262561255e-04
5,113,7.9220312415e-05
6,6,7.2613932481e-03
6,7,-1.0861924447e-03
6,8,9.4244812537e-04
6,9,-1.8765905053e-04
6,10,-1.1945107332e-04
6,11,-1.7090060769e-03
6,42,-2.2340025335e-04
6,43,1.0809191749e-04
6,44,6.2460548803e-05
6,45,3.0326665701e-04
6,46,-1.1391398224e-04
6,47,-2.2084395271e-04
6,78,-2.3280810863e-04
6,79,9.5731834594e-05
6,80,6.5750104077e-05
6,81,-3.1876398170e-04
6,82,9.6223684763e-05
6,83,-2.3763535636e-04
6,102,-1.9532866962e-04
6,103,3.2995645717e-04
6,104,-4.0474500047e-04
6,105,1.9492010194e-05
6,106,-3.1385557548e-05
6,107,1.4580502901e-04
7,6,-1.0861924447e-03
7,7,8.1418070160e-03
7,8,-1.3092832158e-03
7,9,-1.1945107332e-04
7,10,-2.3285980931e-04
7,11,-1.3679801559e-03
7,42,7.5123978819e-06
7,43,-1.6150980398e-04
7,44,1.6870748184e-04
7,45,3.4712422735e-05
7,46,1.9641677296e-04
7,47,-1.2889694374e-04
7,78,1.1232668662e-06
7,79,-1.7751014212e-04
7,80,1.6247549560e-04
7,81,-4.4244037011e-05
7,82,-2.2405548823e-04
7,83,-1.3902096508e-04
7,102,-3.2863333134e-04
7,103,5.5501637837e-04
7,104,-6.8049965821e-04
7,105,3.4576749336e-05
7,106,-5.5803182461e-05
7,107,2.4491395245e-04
8,6,9.4244812537e-04
8,7,-1.3092832158e-03
8,8,8.9094551312e-03
8,9,-4.9499440863e-05
8,10,-1.7426850966e-04
8,11,2.7224909941e-05
8,42,7.6945685205e-06
8,43,8.1480819908e-06
8,44,-1.2657519910e-04
8,45,-1.3822722349e-05
8,46,1.7806254709e-05
8,47,8.8456761289e-06
8,78,9.7090304546e-20
8,79,1.9100791973e-06
8,80,-1.3640911762e-04
8,81,4.9419653964e-07
8,82,-2.8704808376e-05
8,83,-7.4754209896e-06
8,102,-3.9974536343e-04
8,103,6.7479710292e-04
8,104,-8.2654247203e-04
8,105,4.6595509607e-05
8,106,-7.5508180749e-05
8,107,2.9688162966e-04
9,6,-1.8765905053e-04
9,7,-1.1945107332e-04
9,8,-4.9499440863e-05
9,9,5.7575682770e-03
9,10,-2.3132347491e-03
9,11,-1.8589130015e-04
9,42,-3.0765320113e-04
9,43,1.7992166557e-04
9,44,5.2408235761e-05
9,45,4.0870434687e-04
9,46,-1.9472056137e-04
9,47,-2.7700382732e-04
9,78,3.3080905144e-04
9,79,-1.6588174514e-04
9,80,-6.5979979707e-05
9,81,4.4512352704e-04
9,82,-1.7438394336e-04
9,83,3.1370715676e-04
9,102,8.5350164747e-06
9,103,-1.2689840330e-05
9,104,1.1159224825e-05
9,105,-7.1563084865e-05
9,106,1.2064726733e-04
9,107,9.4074218153e-06
10,6,-1.1945107332e-04
10,7,-2.3285980931e-04
10,8,-1.7426850966e-04
10,9,-2.3132347491e-03
10,10,6.6483724518e-03
10,11,-1.2660153765e-05
10,42,5.2951736972e-05
10,43,-2.4408118352e-04
10,44,2.4117060447e-04
10,45,-9.7346601294e-06
10,46,2.8843470304e-04
10,47,-1.3467027981e-04
10,78,-4.0892384890e-05
10,79,2.6853632465e-04
10,80,-2.4019353883e-04
10,81,9.1004625049e-06
10,82,3.3002724321e-04
10,83,1.5614288654e-04
10,102,1.6364127168e-05
10,103,-2.4730557925e-05
10,104,2.2909739826e-05
10,105,-1.2068015050e-04
10,106,2.0339622427e-04
10,107,1.4925294319e-05
11,6,-1.7090060769e-03
11,7,-1.3679801559e-03
11,8,2.7224909941e-05
11,9,-1.8589130015e-04
11,10,-1.2660153765e-05
11,11,5.4536370959e-03
11,42,-2.3320031601e-04
11,43,2.0849084051e-04
11,44,-4.2604061693e-05
11,45,2.8904915378e-04
11,46,-2.3432076038e-04
11,47,-1.4734759845e-04
11,78,-2.7257459819e-04
11,79,2.0693164056e-04
11,80,-1.4050679895e-05
11,81,-3.4834705814e-04
11,82,2.3138595391e-04
11,83,-2.0235333185e-04
11,102,1.2919258323e-04
11,103,-2.1840574001e-04
11,104,2.6832532924e-04
11,105,-5.9832762053e-06
11,106,9.6635522479e-06
11,107,-1.2357715343e-04
12,12,8.4757125999e-03
12,13,5.2610624216e-04
12,14,3.2035309459e-05
12,15,2.0879575170e-03
12,16,-6.5207841002e-04
12,17,-9.3780075217e-04
12,18,-1.9933294971e-04
12,19,3.3572277400e-04
12,20,-4.0926079282e-04
12,21,-6.6935458379e-05
12,22,1.1516579947e-04
12,23,5.2820852071e-05
12,54,-1.7079845802e-04
12,55,-2.8927648777e-04
12,56,-3.5675194121e-04
12,57,-8.8112765677e-05
12,58,-1.5048377621e-04
12,59,4.5935075492e-05
12,72,-7.9189359152e-05
12,73,1.0538993547e-04
12,74,-7.2648284922e-05
12,75,-9.8360944187e-05
12,76,1.2608010745e-04
12,77,-5.4592673222e-05
12,108,-2.0404922130e-04
12,109,-1.0928614562e-04
12,110,5.8813880361e-05
12,111,-2.4815787570e-04
12,112,-9.3260451954e-05
12,113,-1.2810864541e-04
13,12,5.2610624216e-04
13,13,8.5359764362e-03
13,14,2.2486789532e-04
13,15,-6.5207841002e-04
13,16,2.8656914526e-03
13,17,3.2487440429e-04
13,18,-3.3640869759e-04
13,19,5.6646112187e-04
13,20,-6.9020844980e-04
13,21,-1.1071236710e-04
13,22,1.9052476095e-04
13,23,9.0835804068e-05
13,54,2.8885436733e-04
13,55,4.8912941709e-04
13,56,6.0297568851e-04
13,57,1.4768881904e-04
13,58,2.5220087256e-04
13,59,-7.9216752448e-05
13,72,-9.9801796891e-05
13,73,1.2818148075e-04
13,74,-7.7747073150e-05
13,75,-1.2958397099e-04
13,76,1.6061274615e-04
13,77,-8.4411756825e-05
13,108,9.0811833434e-05
13,109,-5.3015014257e-05
13,110,-1.4791545894e-04
13,111,1.5374938553e-04
13,112,-5.8926926552e-05
13,113,1.7478395578e-04
14,12,3.2035309459e-05
14,13,2.2486789532e-04
14,14,9.0933015725e-03
14,15,8.6100716168e-04
14,16,-1.9385282449e-04
14,17,-6.1363216881e-04
14,18,-4.1185407904e-04
14,19,6.9316714807e-04
14,20,-8.4373634577e-04
14,21,-1.2979822372e-04
14,22,2.2347131850e-04
14,23,1.1549431080e-04
14,54,-3.5514670057e-04
14,55,-6.0113893822e-04
14,56,-7.4041820241e-04
14,57,-1.7819564093e-04
14,58,-3.0421783978e-04
14,59,1.0129491865e-04
14,72,-5.8132008526e-05
14,73,6.4286634214e-05
14,74,-1.4682461978e-05
14,75,-8.8043318588e-05
14,76,9.7089392357e-05
14,77,-8.4453798271e-05
14,108,5.8671871097e-05
14,109,1.3258473495e-04
14,110,5.3578818287e-05
14,111,2.8257952449e-05
14,112,1.4604312056e-04
14,113,-8.9533552234e-05
15,12,2.0879575170e-03
15,13,-6.5207841002e-04
15,14,8.6100716168e-04
15,15,7.6681819181e-03
15,16,8.1862457357e-04
15,17,3.0017407060e-03
15,18,-9.1202459350e-05
15,19,1.5582048999e-04
15,20,-1.9559219593e-04
15,21,-1.4886607006e-04
15,22,2.5258077313e-04
15,23,-6.4615174804e-05
15,54,-9.4643545096e-05
15,55,-1.6150233579e-04
15,56,-2.0225688035e-04
15,57,-1.3038462630e-04
15,58,-2.2214402525e-04
15,59,-6.8629653137e-05
15,72,9.9488171074e-05
15,73,-1.3704559640e-04
15,74,1.0508014222e-04
15,75,1.1784757252e-04
15,76,-1.5654091100e-04
15,77,5.2680664749e-05
15,108,2.3631056482e-04
15,109,1.7061504101e-04
15,110,-1.5358380228e-05
15,111,2.6852789128e-04
15,112,1.5147274560e-04
15,113,9.7058127115e-05
16,12,-6.5207841002e-04
16,13,2.8656914526e-03
16,14,-1.9385282449e-04
16,15,8.1862457357e-04
16,16,7.2292927208e-03
16,17,-5.0834685308e-04
16,18,-1.5186172195e-04
16,19,2.5944849289e-04
16,20,-3.2564299344e-04
16,21,-2.4951530521e-04
16,22,4.2325729340e-04
16,23,-1.0762680024e-04
16,54,1.5877358950e-04
16,55,2.7089932604e-04
16,56,3.3916465175e-04
16,57,2.1910664632e-04
16,58,3.7323907359e-04
16,59,1.1499808015e-04
16,72,1.1987594832e-04
16,73,-1.5955575559e-04
16,74,1.0978149020e-04
16,75,1.4874072673e-04
16,76,-1.9093562437e-04
16,77,8.1839668668e-05
16,108,-5.6920729109e-05
16,109,6.7634596986e-05
16,110,1.5352837580e-04
16,111,-1.1098214297e-04
16,112,6.3439433520e-05
16,113,-1.4569218396e-04
17,12,-9.3780075217e-04
17,13,3.2487440429e-04
17,14,-6.1363216881e-04
17,15,3.0017407060e-03
17,16,-5.0834685308e-04
17,17,8.3939667447e-03
17,18,5.5608259270e-05
17,19,-9.1391580144e-05
17,20,1.0561540849e-04
17,21,-1.0229722215e-04
17,22,1.7354836787e-04
17,23,-1.7570607046e-04
17,54,4.4057354265e-05
17,55,7.3122825414e-05
17,56,8.6350423966e-05
17,57,-7.8328066638e-05
17,58,-1.3362620471e-04
17,59,-1.6736977679e-04
17,72,-5.7367215081e-05
17,73,8.9383964388e-05
17,74,-9.1689093988e-05
17,75,-5.5167573863e-05
17,76,8.5815184187e-05
17,77,4.7181441621e-06
17,108,-1.0113402853e-04
17,109,-1.6823709851e-04
17,110,-1.1695026886e-04
17,111,-7.4139544737e-05
17,112,-1.5512390613e-04
17,113,6.7609980359e-05
18,12,-1.9933294971e-04
18,13,-3.3640869759e-04
18,14,-4.1185407904e-04
18,15,-9.1202459350e-05
18,16,-1.5186172195e-04
18,17,5.5608259270e-05
18,18,7.8139635739e-03
18,19,6.0353174811e-04
18,20,8.1116220718e-04
18,21,1.2768440759e-03
18,22,-7.8969488834e-04
18,23,-3.1830382852e-04
18,72,-2.5850863709e-04
18,73,-9.8899149225e-05
18,74,7.2099343663e-05
18,75,-3.6122348045e-04
18,76,-1.0162275935e-04
18,77,-2.8476211533e-04
19,12,3.3572277400e-04
19,13,5.6646112187e-04
19,14,6.9316714807e-04
19,15,1.5582048999e-04
19,16,2.5944849289e-04
19,17,-9.1391580144e-05
19,18,6.0353174811e-04
19,19,8.5726868553e-03
19,20,7.5593273185e-04
19,21,-7.8969488834e-04
19,22,1.3974504076e-03
19,23,6.6390731182e-04
19,72,-7.8028688087e-06
19,73,-2.0088881858e-04
19,74,-1.6712349197e-04
19,75,3.5396263475e-05
19,76,-2.6189236980e-04
19,77,1.3606836741e-04
20,12,-4.0926079282e-04
20,13,-6.9020844980e-04
20,14,-8.4373634577e-04
20,15,-1.9559219593e-04
20,16,-3.2564299344e-04
20,17,1.0561540849e-04
20,18,8.1116220718e-04
20,19,7.5593273185e-04
20,20,9.2349594719e-03
20,21,1.2867889749e-04
20,22,-8.8370699107e-04
20,23,9.0354190443e-05
20,72,8.4113547387e-06
20,73,-1.0139269211e-05
20,74,-1.6528707857e-04
20,75,1.4878604044e-05
20,76,1.7520518637e-05
20,77,1.0748647236e-05
21,12,-6.6935458379e-05
21,13,-1.1071236710e-04
21,14,-1.2979822372e-04
21,15,-1.4886607006e-04
21,16,-2.4951530521e-04
21,17,-1.0229722215e-04
21,18,1.2768440759e-03
21,19,-7.8969488834e-04
21,20,1.2867889749e-04
21,21,7.5632427904e-03
21,22,1.1998966053e-03
21,23,2.2661477830e-03
21,72,3.5565772572e-04
21,73,1.7495703188e-04
21,74,-6.5924925896e-05
21,75,4.8776103376e-04
21,76,1.9063188569e-04
21,77,3.6298832542e-04
22,12,1.1516579947e-04
22,13,1.9052476095e-04
22,14,2.2347131850e-04
22,15,2.5258077313e-04
22,16,4.2325729340e-04
22,17,1.7354836787e-04
22,18,-7.8969488834e-04
22,19,1.3974504076e-03
22,20,-8.8370699107e-04
22,21,1.1998966053e-03
22,22,8.3892231902e-03
22,23,-1.0850669260e-03
22,72,6.0056131512e-05
22,73,2.9642704672e-04
22,74,2.4379123032e-04
22,75,1.9942265496e-05
22,76,3.7558394960e-04
22,77,-1.3223992906e-04
23,12,5.2820852071e-05
23,13,9.0835804068e-05
23,14,1.1549431080e-04
23,15,-6.4615174804e-05
23,16,-1.0762680024e-04
23,17,-1.7570607046e-04
23,18,-3.1830382852e-04
23,19,6.6390731182e-04
23,20,9.0354190443e-05
23,21,2.2661477830e-03
23,22,-1.0850669260e-03
23,23,7.8608387576e-03
23,72,-2.6876118996e-04
23,73,-2.2246481188e-04
23,74,-3.3234694671e-05
23,75,-3.4720386627e-04
23,76,-2.6072834105e-04
23,77,-2.0781305473e-04
24,24,8.4756547427e-03
24,25,5.2581852202e-04
24,26,3.1454087319e-05
24,27,-2.0886405971e-03
24,28,6.5210682687e-04
24,29,-9.3798376110e-04
24,36,-2.0406692120e-04
24,37,-1.0930426461e-04
24,38,5.8830912119e-05
24,39,2.4815028508e-04
24,40,9.3256151245e-05
24,41,-1.2805161578e-04
24,60,-7.9230391947e-05
24,61,1.0543698737e-04
24,62,-7.2665636469e-05
24,63,9.8389365686e-05
24,64,-1.2610193095e-04
24,65,-5.4566346716e-05
24,84,-1.9927622767e-04
24,85,3.3562146005e-04
24,86,-4.0912267591e-04
24,87,6.6961140830e-05
24,88,-1.1520872683e-04
24,89,5.2818653896e-05
24,114,-1.7076161909e-04
24,115,-2.8921872828e-04
24,116,-3.5669246159e-04
24,117,8.8119980325e-05
24,118,1.5049594810e-04
24,119,4.5918768443e-05
25,24,5.2581852202e-04
25,25,8.5353945179e-03
25,26,2.2412710618e-04
25,27,6.5210682687e-04
25,28,-2.8668608584e-03
25,29,3.2454733489e-04
25,36,9.0847977528e-05
25,37,-5.2978618722e-05
25,38,-1.4792501183e-04
25,39,-1.5379202696e-04
25,40,5.8877306697e-05
25,41,1.7479416355e-04
25,60,-9.9842429683e-05
25,61,1.2822105251e-04
25,62,-7.7744943868e-05
25,63,1.2961412392e-04
25,64,-1.6062798272e-04
25,65,-8.4389843905e-05
25,84,-3.3630756736e-04
25,85,5.6628098159e-04
25,86,-6.8996405640e-04
25,87,1.1075239162e-04
25,88,-1.9059156959e-04
25,89,9.0832923066e-05
25,114,2.8879765350e-04
25,115,4.8904127770e-04
25,116,6.0288706212e-04
25,117,-1.4770662032e-04
25,118,-2.5223097294e-04
25,119,-7.9187998259e-05
26,24,3.1454087319e-05
26,25,2.2412710618e-04
26,26,9.0927715650e-03
26,27,-8.6154903020e-04
26,28,1.9400745578e-04
26,29,-6.1361897644e-04
26,36,5.8676024684e-05
26,37,1.3260779761e-04
26,38,5.3623279680e-05
26,39,-2.8229624608e-05
26,40,-1.4603513802e-04
26,41,-8.9608926375e-05
26,60,-5.8134652506e-05
26,61,6.4272021204e-05
26,62,-1.4635779777e-05
26,63,8.8051108003e-05
26,64,-9.7075680158e-05
26,65,-8.4464850493e-05
26,84,-4.1171659350e-04
26,85,6.9292343905e-04
26,86,-8.4340857457e-04
26,87,1.2983893199e-04
26,88,-2.2353902574e-04
26,89,1.1549277855e-04
26,114,-3.5509115332e-04
26,115,-6.0105478623e-04
26,116,-7.4033958310e-04
26,117,1.7823168127e-04
26,118,3.0427889106e-04
26,119,1.0125669528e-04
27,24,-2.0886405971e-03
27,25,6.5210682687e-04
27,26,-8.6154903020e-04
27,27,7.6679605925e-03
27,28,8.1804337582e-04
27,29,-3.0021563802e-03
27,36,-2.3629617353e-04
27,37,-1.7063021902e-04
27,38,1.5348447501e-05
27,39,2.6846369655e-04
27,40,1.5145345104e-04
27,41,-9.6940920518e-05
27,60,-9.9518574883e-05
27,61,1.3708288606e-04
27,62,-1.0510035866e-04
27,63,1.1784723280e-04
27,64,-1.5652872045e-04
27,65,-5.2609496033e-05
27,84,9.1230079825e-05
27,85,-1.5586571828e-04
27,86,1.9564395114e-04
27,87,-1.4881824357e-04
27,88,2.5249825043e-04
27,89,6.4603036525e-05
27,114,9.4652831237e-05
27,115,1.6151825025e-04
27,116,2.0227701228e-04
27,117,-1.3036402588e-04
27,118,-2.2211049436e-04
27,119,6.8612636141e-05
28,24,6.5210682687e-04
28,25,-2.8668608584e-03
28,26,1.9400745578e-04
28,27,8.1804337582e-04
28,28,7.2285565017e-03
28,29,5.0821733150e-04
28,36,5.6933063346e-05
28,37,-6.7581089872e-05
28,38,-1.5349275523e-04
28,39,-1.1098671136e-04
28,40,6.3365083483e-05
28,41,1.4565820306e-04
28,60,-1.1989257809e-04
28,61,1.5956874630e-04
28,62,-1.0977239579e-04
28,63,1.4872440145e-04
28,64,-1.9089591758e-04
28,65,-8.1759677948e-05
28,84,1.5190459293e-04
28,85,-2.5951845752e-04
28,86,3.2572242245e-04
28,87,-2.4942837268e-04
28,88,4.2310748012e-04
28,89,1.0760319086e-04
28,114,-1.5879505162e-04
28,115,-2.7093602362e-04
28,116,-3.3921084507e-04
28,117,2.1907852261e-04
28,118,3.7319383012e-04
28,119,-1.1497331455e-04
29,24,-9.3798376110e-04
29,25,3.2454733489e-04
29,26,-6.1361897644e-04
29,27,-3.0021563802e-03
29,28,5.0821733150e-04
29,29,8.3941837785e-03
29,36,-1.0106710807e-04
29,37,-1.6822204981e-04
29,38,-1.1699895763e-04
29,39,7.4017349836e-05
29,40,1.5507153454e-04
29,41,6.7739647712e-05
29,60,-5.7344834632e-05
29,61,8.9363686280e-05
29,62,-9.1696256206e-05
29,63,5.5099389875e-05
29,64,-8.5731692331e-05
29,65,4.8284857175e-06
29,84,5.5588586825e-05
29,85,-9.1354115707e-05
29,86,1.0555884721e-04
29,87,1.0228301318e-04
29,88,-1.7352276940e-04
29,89,-1.7568682018e-04
29,114,4.4037037958e-05
29,115,7.3092093513e-05
29,116,8.6321835163e-05
29,117,7.8314020542e-05
29,118,1.3360304021e-04
29,119,-1.6734713297e-04
30,0,-1.8699062368e-04
30,1,-3.2042597362e-04
30,2,-4.0475708894e-04
30,3,-2.1589378985e-08
30,4,-3.7881588962e-08
30,5,1.5171789099e-04
30,30,7.3508447805e-03
30,31,1.2052279193e-03
30,32,1.0681898289e-03
30,33,5.1398782864e-07
30,34,-2.8096917854e-07
30,35,-2.0705088970e-03
30,60,-2.2473318336e-04
30,61,-1.1159341474e-04
30,62,6.2421560015e-05
30,63,-2.9468404160e-04
30,64,-1.0940860634e-04
30,65,-1.9406304405e-04
30,72,-2.2471577365e-04
30,73,-1.1155410793e-04
30,74,6.2422381221e-05
30,75,2.9470487012e-04
30,76,1.0939546790e-04
30,77,-1.9416294201e-04
31,0,3.1982534166e-04
31,1,5.4797606348e-04
31,2,6.9199996746e-04
31,3,3.5887437752e-08
31,4,6.3003579957e-08
31,5,-2.5949550527e-04
31,30,1.2052279193e-03
31,31,8.3444299622e-03
31,32,1.3289613384e-03
31,33,-2.8096917854e-07
31,34,5.1414041321e-07
31,35,1.5096616712e-03
31,60,-1.4608392967e-06
31,61,-1.6043746866e-04
31,62,-1.7692916958e-04
31,63,4.9976488291e-05
31,64,-1.8436832999e-04
31,65,1.5088823429e-04
31,72,-1.4642962362e-06
31,73,-1.6044277239e-04
31,74,-1.7688364709e-04
31,75,-4.9941795366e-05
31,76,1.8442788867e-04
31,77,1.5081943351e-04
32,0,-4.0243089708e-04
32,1,-6.8931393885e-04
32,2,-8.6997599142e-04
32,3,-4.2491198029e-08
32,4,-7.4687472433e-08
32,5,3.2651887011e-04
32,30,1.0681898289e-03
32,31,1.3289613384e-03
32,32,9.2655511496e-03
32,33,-2.9588961598e-09
32,34,-2.8845250338e-07
32,35,6.5819606576e-06
32,60,2.8644296136e-16
32,61,-2.3213447459e-06
32,62,-1.1609512155e-04
32,63,7.5469749626e-07
32,64,3.0289216797e-05
32,65,-9.7484266944e-06
32,72,5.2734755018e-09
32,73,-2.3244559131e-06
32,74,-1.1611640532e-04
32,75,-7.6302122737e-07
32,76,-3.0268767632e-05
32,77,-9.7265676233e-06
33,0,-3.1298144825e-08
33,1,-5.4613536805e-08
33,2,-7.1507249562e-08
33,3,-5.6887621145e-05
33,4,-9.7482275222e-05
33,5,1.0707599140e-08
33,30,5.1398782864e-07
33,31,-2.8096917854e-07
33,32,-2.9588961597e-09
33,33,5.5219455532e-03
33,34,2.5590341044e-03
33,35,4.7942237121e-07
33,60,3.0345708432e-04
33,61,1.8414014575e-04
33,62,-4.7140846062e-05
33,63,3.8694187440e-04
33,64,1.8615549234e-04
33,65,2.2987495405e-04
33,72,-3.0347096111e-04
33,73,-1.8409132824e-04
33,74,4.7178421223e-05
33,75,3.8703019655e-04
33,76,1.8615073786e-04
33,77,-2.3007013422e-04
34,0,5.2377847670e-08
34,1,9.1420100667e-08
34,2,1.1975750666e-07
34,3,9.7299546115e-05
34,4,1.6670918609e-04
34,5,-1.7660092615e-08
34,30,-2.8096917854e-07
34,31,5.1414041321e-07
34,32,-2.8845250338e-07
34,33,2.5590341044e-03
34,34,6.5081519061e-03
34,35,-2.2252367712e-08
34,60,4.9105104070e-05
34,61,2.4026045484e-04
34,62,2.4730641930e-04
34,63,-5.7503116267e-06
34,64,2.6590881737e-04
34,65,-1.6095936438e-04
34,72,-4.9084109347e-05
34,73,-2.4027545532e-04
34,74,-2.4727387022e-04
34,75,-5.7366944212e-06
34,76,2.6601261917e-04
34,77,1.6089360551e-04
35,0,1.3851825717e-04
35,1,2.3736402647e-04
35,2,2.9983453271e-04
35,3,-5.2983630609e-09
35,4,-8.6894590739e-09
35,5,-1.2969580731e-04
35,30,-2.0705088970e-03
35,31,1.5096616712e-03
35,32,6.5819606576e-06
35,33,4.7942237121e-07
35,34,-2.2252367712e-08
35,35,5.3862409566e-03
35,60,-2.1781493423e-04
35,61,-2.0917189476e-04
35,62,-5.6630992291e-05
35,63,-2.5248695430e-04
35,64,-2.2056815737e-04
35,65,-9.1498584173e-05
35,72,-2.1790074474e-04
35,73,-2.0915403538e-04
35,74,-5.6532867166e-05
35,75,2.5267145219e-04
35,76,2.2060596397e-04
35,77,-9.1755610428e-05
36,0,-1.8296755458e-04
36,1,1.0583896025e-04
36,2,4.7146475805e-05
36,3,2.1554916413e-04
36,4,-8.7172394542e-05
36,5,-9.9020821300e-05
36,24,-2.0406692120e-04
36,25,9.0847977528e-05
36,26,5.8676024684e-05
36,27,-2.3629617353e-04
36,28,5.6933063346e-05
36,29,-1.0106710807e-04
36,36,8.5533999066e-03
36,37,-7.8775710109e-04
36,38,-1.2078200830e-03
36,39,-2.4212617930e-04
36,40,2.0755990791e-04
36,41,-3.4183668974e-03
36,60,-9.7424343186e-05
36,61,1.6588202161e-04
36,62,-2.0681637784e-04
36,63,3.1936674697e-06
36,64,-5.6655089789e-06
36,65,8.8065529860e-05
36,90,-1.3928749887e-04
36,91,-1.4114177986e-04
36,92,-3.0071874067e-05
36,93,1.6708407832e-04
36,94,1.5231876108e-04
36,95,-8.2198027186e-05
36,102,-1.2721345416e-04
36,103,-2.1737832066e-04
36,104,-2.7299728987e-04
36,105,9.5825971900e-06
36,106,1.6323294351e-05
36,107,1.1552334891e-04
36,114,-1.0799624741e-04
36,115,-1.2027563446e-04
36,116,-4.2013484409e-05
36,117,-1.2941992634e-04
36,118,-1.3355123974e-04
36,119,-6.3320209525e-05
37,0,-1.2757739364e-04
37,1,2.3775435984e-06
37,2,1.2525461315e-04
37,3,1.8388671387e-04
37,4,3.9257055264e-06
37,5,-1.5753068410e-04
37,24,-1.0930426461e-04
37,25,-5.2978618722e-05
37,26,1.3260779761e-04
37,27,-1.7063021902e-04
37,28,-6.7581089872e-05
37,29,-1.6822204981e-04
37,36,-7.8775710109e-04
37,37,7.4999110140e-03
37,38,-3.5049616580e-04
37,39,2.0755990791e-04
37,40,-4.6802058161e-04
37,41,-4.2806945374e-04
37,60,-1.6566698154e-04
37,61,2.8203166105e-04
37,62,-3.5150982406e-04
37,63,5.1873945143e-06
37,64,-9.2182381389e-06
37,65,1.4977045581e-04
37,90,1.4087594774e-04
37,91,1.1957376708e-04
37,92,-2.2102366645e-05
37,93,-1.8590906715e-04
37,94,-1.4339700553e-04
37,95,1.2851789519e-04
37,102,2.1771334494e-04
37,103,3.7196866680e-04
37,104,4.6700300399e-04
37,105,-1.6444870024e-05
37,106,-2.8008948821e-05
37,107,-1.9769926432e-04
37,114,1.2585789456e-04
37,115,1.2881930044e-04
37,116,2.0699273450e-05
37,117,1.6107196535e-04
37,118,1.5345076071e-04
37,119,1.0125039240e-04
38,0,3.3522985390e-05
38,1,-1.3074661577e-04
38,2,1.0749440818e-04
38,3,1.2880155915e-05
38,4,1.2857910335e-04
38,5,-1.2596956979e-04
38,24,5.8830912119e-05
38,25,-1.4792501183e-04
38,26,5.3623279680e-05
38,27,1.5348447501e-05
38,28,-1.5349275523e-04
38,29,-1.1699895763e-04
38,36,-1.2078200830e-03
38,37,-3.5049616580e-04
38,38,8.4772494122e-03
38,39,-2.5171447405e-04
38,40,6.1860401188e-05
38,41,-1.5800592838e-03
38,60,-2.0599179192e-04
38,61,3.5056239852e-04
38,62,-4.3661518102e-04
38,63,5.8274059994e-06
38,64,-1.0398321019e-05
38,65,1.8627095083e-04
38,90,-2.9412454874e-05
38,91,2.2614259269e-05
38,92,1.0855567661e-04
38,93,7.3546107180e-05
38,94,5.5414855867e-06
38,95,-1.2203685637e-04
38,102,-2.7429258451e-04
38,103,-4.6849738528e-04
38,104,-5.8783232552e-04
38,105,2.0834564289e-05
38,106,3.5475663453e-05
38,107,2.4905769811e-04
38,114,-5.5546576648e-05
38,115,-3.2287754347e-05
38,116,5.0843644229e-05
38,117,-9.3267683669e-05
38,118,-6.2023374357e-05
38,119,-1.0508233943e-04
39,0,-2.0876708023e-04
39,1,1.6071661404e-04
39,2,2.1163292587e-06
39,3,2.2706290719e-04
39,4,-1.3561024342e-04
39,5,-6.3246918225e-05
39,24,2.4815028508e-04
39,25,-1.5379202696e-04
39,26,-2.8229624608e-05
39,27,2.6846369655e-04
39,28,-1.1098671136e-04
39,29,7.4017349836e-05
39,36,-2.4212617930e-04
39,37,2.0755990791e-04
39,38,-2.5171447405e-04
39,39,5.5215587000e-03
39,40,-1.1729860917e-03
39,41,-1.0957847505e-04
39,60,7.3158249353e-06
39,61,-1.2653988962e-05
39,62,1.6282301681e-05
39,63,-1.6429485092e-05
39,64,2.7997654235e-05
39,65,-5.4263381725e-06
39,90,-1.6680592360e-04
39,91,-1.8602848039e-04
39,92,-7.4535949147e-05
39,93,1.8760135037e-04
39,94,1.9014669263e-04
39,95,-6.4926898726e-05
39,102,8.9532810593e-06
39,103,1.5246379936e-05
39,104,1.9012175411e-05
39,105,-2.4631492390e-05
39,106,-4.2081944447e-05
39,107,-4.0952961755e-06
39,114,1.3691097249e-04
39,115,1.6164022334e-04
39,116,7.6078151353e-05
39,117,1.5571137677e-04
39,118,1.7097725902e-04
39,119,5.7872492425e-05
40,0,-1.0966496186e-04
40,1,9.8029793488e-06
40,2,1.1156967856e-04
40,3,1.5435570774e-04
40,4,-9.5051875728e-06
40,5,-1.2252285208e-04
40,24,9.3256151245e-05
40,25,5.8877306697e-05
40,26,-1.4603513802e-04
40,27,1.5145345104e-04
40,28,6.3365083483e-05
40,29,1.5507153454e-04
40,36,2.0755990791e-04
40,37,-4.6802058161e-04
40,38,6.1860401188e-05
40,39,-1.1729860917e-03
40,40,3.1878304308e-03
40,41,2.5078047202e-04
40,60,1.2226655754e-05
40,61,-2.1150455181e-05
40,62,2.7220517042e-05
40,63,-2.7912537784e-05
40,64,4.7558024194e-05
40,65,-9.0715087017e-06
40,90,1.5167382876e-04
40,91,1.4313150996e-04
40,92,6.2861295611e-06
40,93,-1.8956845904e-04
40,94,-1.6257916882e-04
40,95,1.0860146072e-04
40,102,-1.5369573295e-05
40,103,-2.6169117260e-05
40,104,-3.2623773660e-05
40,105,4.2161096965e-05
40,106,7.2020315384e-05
40,107,7.0431702394e-06
40,114,-1.5059471819e-04
40,115,-1.6400715798e-04
40,116,-4.8483442641e-05
40,117,-1.8371691702e-04
40,118,-1.8609798630e-04
40,119,-9.6286772912e-05
41,0,-8.4157808650e-05
41,1,1.5061699216e-04
41,2,-1.1886403041e-04
41,3,5.0972360989e-05
41,4,-1.2861747744e-04
41,5,7.9391711485e-05
41,24,-1.2805161578e-04
41,25,1.7479416355e-04
41,26,-8.9608926375e-05
41,27,-9.6940920518e-05
41,28,1.4565820306e-04
41,29,6.7739647712e-05
41,36,-3.4183668974e-03
41,37,-4.2806945374e-04
41,38,-1.5800592838e-03
41,39,-1.0957847505e-04
41,40,2.5078047202e-04
41,41,6.2083459127e-03
41,60,9.2513351753e-05
41,61,-1.5748703327e-04
41,62,1.9626446500e-04
41,63,-3.1424693797e-07
41,64,7.2100317874e-07
41,65,-8.6515914597e-05
41,90,-8.1556563446e-05
41,91,-1.2816983146e-04
41,92,-1.2282983820e-04
41,93,6.4377351746e-05
41,94,1.0853116800e-04
41,95,4.0480630305e-05
41,102,1.1382308488e-04
41,103,1.9450557594e-04
41,104,2.4429351909e-04
41,105,-4.8037117910e-06
41,106,-8.1721476952e-06
41,107,-1.0851015107e-04
41,114,-8.1382604960e-05
41,115,-1.1660770323e-04
41,116,-9.7107201989e-05
41,117,-7.3829487301e-05
41,118,-1.0473435819e-04
41,119,1.5133795709e-05
42,6,-2.2340025335e-04
42,7,7.5123978819e-06
42,8,7.6945685205e-06
42,9,-3.0765320113e-04
42,10,5.2951736972e-05
42,11,-2.3320031601e-04
42,42,8.6386506016e-03
42,43,1.5586672575e-04
42,44,-7.4234176992e-04
42,45,2.1137725072e-08
42,46,-3.5005669876e-08
42,47,-2.6331599259e-03
42,48,-2.2341263245e-04
42,49,7.5347259054e-06
42,50,7.7215159431e-06
42,51,3.0767280086e-04
42,52,-5.2980983621e-05
42,53,-2.3322045152e-04
42,66,-1.0090873113e-04
42,67,1.1495512137e-04
42,68,-4.6094920441e-05
42,69,1.3043564935e-04
42,70,-1.4032811362e-04
42,71,-8.2433696255e-05
42,90,-9.3662534134e-05
42,91,1.6019706349e-04
42,92,-2.0156913706e-04
42,93,-7.8643814207e-09
42,94,1.2733887473e-08
42,95,9.0802138414e-05
42,102,-1.0090339070e-04
42,103,1.1494237606e-04
42,104,-4.6078442797e-05
42,105,-1.3043793944e-04
42,106,1.4032338206e-04
42,107,-8.2452949256e-05
43,6,1.0809191749e-04
43,7,-1.6150980398e-04
43,8,8.1480819908e-06
43,9,1.7992166557e-04
43,10,-2.4408118352e-04
43,11,2.0849084051e-04
43,42,1.5586672575e-04
43,43,7.9992918119e-03
43,44,-4.6488487473e-04
43,45,-3.5005669875e-08
43,46,3.4847958286e-08
43,47,5.1713071370e-04
43,48,1.0808499106e-04
43,49,-1.6152711280e-04
43,50,8.1706366110e-06
43,51,-1.7991547202e-04
43,52,2.4410675156e-04
43,53,2.0849439248e-04
43,66,-1.2419766160e-04
43,67,1.3199073339e-04
43,68,-3.2545373688e-05
43,69,1.6748634855e-04
43,70,-1.6835484827e-04
43,71,-1.2153797728e-04
43,90,-1.6029412843e-04
43,91,2.7411956547e-04
43,92,-3.4480366186e-04
43,93,-1.4137366607e-08
43,94,2.2949244996e-08
43,95,1.5539884500e-04
43,102,-1.2418193577e-04
43,103,1.3196356100e-04
43,104,-3.2519617354e-05
43,105,-1.6747578938e-04
43,106,1.6833184227e-04
43,107,-1.2155114141e-04
44,6,6.2460548803e-05
44,7,1.6870748184e-04
44,8,-1.2657519910e-04
44,9,5.2408235761e-05
44,10,2.4117060447e-04
44,11,-4.2604061693e-05
44,42,-7.4234176992e-04
44,43,-4.6488487473e-04
44,44,8.6276842213e-03
44,45,1.5286233952e-08
44,46,-7.4927672884e-08
44,47,-1.6068087127e-03
44,48,6.2465915332e-05
44,49,1.6868827469e-04
44,50,-1.2662291091e-04
44,51,-5.2418072370e-05
44,52,-2.4115050879e-04
44,53,-4.2592313855e-05
44,66,-6.7021070136e-05
44,67,5.0217881733e-05
44,68,3.5055472137e-05
44,69,1.0575112718e-04
44,70,-8.0617871668e-05
44,71,-1.1048358185e-04
44,90,-2.0194505258e-04
44,91,3.4523772286e-04
44,92,-4.3397458850e-04
44,93,-1.9551791689e-08
44,94,3.1879963653e-08
44,95,1.9577777539e-04
44,102,-6.6993211192e-05
44,103,5.0180733362e-05
44,104,3.5075932286e-05
44,105,-1.0571555706e-04
44,106,8.0569582472e-05
44,107,-1.1046384223e-04
45,6,3.0326665701e-04
45,7,3.4712422735e-05
45,8,-1.3822722349e-05
45,9,4.0870434687e-04
45,10,-9.7346601294e-06
45,11,2.8904915378e-04
45,42,2.1137725072e-08
45,43,-3.5005669876e-08
45,44,1.5286233952e-08
45,45,6.3174759153e-03
45,46,6.1917125017e-04
45,47,3.1644414955e-08
45,48,-3.0328733462e-04
45,49,-3.4679680300e-05
45,50,1.3869112978e-05
45,51,4.0873652511e-04
45,52,-9.7770688820e-06
45,53,-2.8908103493e-04
45,66,-1.2223113362e-04
45,67,1.4898246322e-04
45,68,-8.0636988012e-05
45,69,1.5078922716e-04
45,70,-1.7435381609e-04
45,71,-7.9017677389e-05
45,90,9.6998205959e-09
45,91,-1.7409455776e-08
45,92,2.4007773754e-08
45,93,-1.4315135711e-05
45,94,2.4484098429e-05
45,95,-1.2091284000e-08
45,102,1.2223506903e-04
45,103,-1.4897746408e-04
45,104,8.0616744492e-05
45,105,1.5080888925e-04
45,106,-1.7436600744e-04
45,107,7.9057970904e-05
46,6,-1.1391398224e-04
46,7,1.9641677296e-04
46,8,1.7806254709e-05
46,9,-1.9472056137e-04
46,10,2.8843470304e-04
46,11,-2.3432076038e-04
46,42,-3.5005669876e-08
46,43,3.4847958287e-08
46,44,-7.4927672884e-08
46,45,6.1917125017e-04
46,46,4.3793622298e-03
46,47,2.2561880515e-08
46,48,1.1390469047e-04
46,49,-1.9644350117e-04
46,50,-1.7774247839e-05
46,51,-1.9471310170e-04
46,52,2.8847400830e-04
46,53,2.3432814617e-04
46,66,-1.4216101854e-04
46,67,1.6243155038e-04
46,68,-6.5345566206e-05
46,69,1.8330170279e-04
46,70,-1.9833521806e-04
46,71,-1.1436576187e-04
46,90,1.5814972613e-08
46,91,-2.8446950933e-08
46,92,3.9378852410e-08
46,93,-2.4498933569e-05
46,94,4.1895714404e-05
46,95,-2.0023960818e-08
46,102,1.4215653456e-04
46,103,-1.6241217353e-04
46,104,6.5311215760e-05
46,105,1.8331258769e-04
46,106,-1.9833061957e-04
46,107,1.1440634177e-04
47,6,-2.2084395271e-04
47,7,-1.2889694374e-04
47,8,8.8456761289e-06
47,9,-2.7700382732e-04
47,10,-1.3467027981e-04
47,11,-1.4734759845e-04
47,42,-2.6331599259e-03
47,43,5.1713071370e-04
47,44,-1.6068087127e-03
47,45,3.1644414955e-08
47,46,2.2561880515e-08
47,47,6.3043567856e-03
47,48,-2.2086693643e-04
47,49,-1.2886926381e-04
47,50,8.9036087164e-06
47,51,2.7703837763e-04
47,52,1.3463601710e-04
47,53,-1.4737914533e-04
47,66,-6.2194279020e-05
47,67,9.7223452135e-05
47,68,-9.6516456633e-05
47,69,6.0868670054e-05
47,70,-9.7711287479e-05
47,71,5.1068307678e-06
47,90,8.6310423442e-05
47,91,-1.4762227495e-04
47,92,1.8574681610e-04
47,93,1.0562020933e-08
47,94,-1.7515548169e-08
47,95,-8.5862443994e-05
47,102,-6.2215193654e-05
47,103,9.7241589280e-05
47,104,-9.6509211816e-05
47,105,-6.0909024770e-05
47,106,9.7752750226e-05
47,107,5.0575098955e-06
48,42,-2.2341263245e-04
48,43,1.0808499106e-04
48,44,6.2465915332e-05
48,45,-3.0328733462e-04
48,46,1.1390469047e-04
48,47,-2.2086693643e-04
48,48,7.2614414297e-03
48,49,-1.0867721408e-03
48,50,9.4187820175e-04
48,51,1.8726112617e-04
48,52,1.1927930269e-04
48,53,-1.7094507388e-03
48,66,-1.9527810017e-04
48,67,3.2985393080e-04
48,68,-4.0457591115e-04
48,69,-1.9497890996e-05
48,70,3.1388834402e-05
48,71,1.4578312799e-04
48,96,-2.3284678471e-04
48,97,9.5750866934e-05
48,98,6.5761404665e-05
48,99,3.1877230187e-04
48,100,-9.6206380411e-05
48,101,-2.3754952163e-04
49,42,7.5347259054e-06
49,43,-1.6152711280e-04
49,44,1.6868827469e-04
49,45,-3.4679680300e-05
49,46,-1.9644350117e-04
49,47,-1.2886926381e-04
49,48,-1.0867721408e-03
49,49,8.1413380710e-03
49,50,-1.3102828761e-03
49,51,1.1927930269e-04
49,52,2.3255374373e-04
49,53,-1.3680256139e-03
49,66,-3.2852880014e-04
49,67,5.5481074127e-04
49,68,-6.8017381833e-04
49,69,-3.4590357957e-05
49,70,5.5814932023e-05
49,71,2.4486109875e-04
49,96,1.1237084564e-06
49,97,-1.7753784052e-04
49,98,1.6250597648e-04
49,99,4.4277009377e-05
49,100,2.2404488729e-04
49,101,-1.3910362176e-04
50,42,7.7215159431e-06
50,43,8.1706366110e-06
50,44,-1.2662291091e-04
50,45,1.3869112978e-05
50,46,-1.7774247839e-05
50,47,8.9036087164e-06
50,48,9.4187820175e-04
50,49,-1.3102828761e-03
50,50,8.9083756046e-03
50,51,4.9604786554e-05
50,52,1.7420462027e-04
50,53,2.7612785111e-05
50,66,-3.9956910140e-04
50,67,6.7446331089e-04
50,68,-8.2604179338e-04
50,69,-4.6621160489e-05
50,70,7.5537734140e-05
50,71,2.9677687429e-04
50,96,1.3877787808e-19
50,97,1.9108094648e-06
50,98,-1.3642931358e-04
50,99,-4.9466882074e-07
50,100,2.8726723495e-05
50,101,-7.4858014323e-06
51,42,3.0767280086e-04
51,43,-1.7991547202e-04
51,44,-5.2418072370e-05
51,45,4.0873652511e-04
51,46,-1.9471310170e-04
51,47,2.7703837763e-04
51,48,1.8726112617e-04
51,49,1.1927930269e-04
51,50,4.9604786554e-05
51,51,5.7572197703e-03
51,52,-2.3138572226e-03
51,53,1.8532683396e-04
51,66,-8.5015985433e-06
51,67,1.2627088647e-05
51,68,-1.1066531433e-05
51,69,-7.1523891125e-05
51,70,1.2057417504e-04
51,71,-9.4324124784e-06
51,96,-3.3082935449e-04
51,97,1.6591447820e-04
51,98,6.5967019033e-05
51,99,4.4507830386e-04
51,100,-1.7436255692e-04
51,101,-3.1352378964e-04
52,42,-5.2980983621e-05
52,43,2.4410675156e-04
52,44,-2.4115050879e-04
52,45,-9.7770688820e-06
52,46,2.8847400830e-04
52,47,1.3463601710e-04
52,48,1.1927930269e-04
52,49,2.3255374373e-04
52,50,1.7420462027e-04
52,51,-2.3138572226e-03
52,52,6.6478162082e-03
52,53,1.2490423494e-05
52,66,-1.6313428538e-05
52,67,2.4634319009e-05
52,68,-2.2765265555e-05
52,69,-1.2060779449e-04
52,70,2.0326223865e-04
52,71,-1.4963163403e-05
52,96,4.0919503802e-05
52,97,-2.6856087990e-04
52,98,2.4021853460e-04
52,99,9.1118162488e-06
52,100,3.2997857101e-04
52,101,-1.5623125772e-04
53,42,-2.3322045152e-04
53,43,2.0849439248e-04
53,44,-4.2592313855e-05
53,45,-2.8908103493e-04
53,46,2.3432814617e-04
53,47,-1.4737914533e-04
53,48,-1.7094507388e-03
53,49,-1.3680256139e-03
53,50,2.7612785111e-05
53,51,1.8532683396e-04
53,52,1.2490423494e-05
53,53,5.4534281359e-03
53,66,1.2918438959e-04
53,67,-2.1838050842e-04
53,68,2.6826538748e-04
53,69,6.0184936012e-06
53,70,-9.7206975657e-06
53,71,-1.2355627567e-04
53,96,-2.7251738236e-04
53,97,2.0696518775e-04
53,98,-1.4122833562e-05
53,99,3.4818856893e-04
53,100,-2.3136491321e-04
53,101,-2.0207410575e-04
54,12,-1.7079845802e-04
54,13,2.8885436733e-04
54,14,-3.5514670057e-04
54,15,-9.4643545096e-05
54,16,1.5877358950e-04
54,17,4.4057354265e-05
54,54,8.6845406977e-03
54,55,3.3381258364e-04
54,56,-2.0050141934e-04
54,57,2.2428567686e-03
54,58,-3.2227895546e-04
54,59,-8.9152895600e-04
54,66,-1.8521814337e-04
54,67,-8.5785788737e-05
54,68,5.3664438851e-05
54,69,-2.3250750662e-04
54,70,-7.2049094000e-05
54,71,-1.3371539167e-04
54,96,-1.5825843222e-04
54,97,-2.6786399754e-04
54,98,-3.2990028983e-04
54,99,-6.7288835227e-05
54,100,-1.1518765330e-04
54,101,4.4148872864e-05
54,108,-1.0795765629e-04
54,109,1.2582182458e-04
54,110,-5.5546165471e-05
54,111,-1.3687421888e-04
54,112,1.5057002645e-04
54,113,-8.1383855797e-05
55,12,-2.8927648777e-04
55,13,4.8912941709e-04
55,14,-6.0113893822e-04
55,15,-1.6150233579e-04
55,16,2.7089932604e-04
55,17,7.3122825414e-05
55,54,3.3381258364e-04
55,55,8.5338886703e-03
55,56,8.4943469898e-05
55,57,-3.2227895546e-04
55,58,3.2998319364e-03
55,59,2.9253591265e-04
55,66,1.0708943222e-04
55,67,-3.9287041446e-05
55,68,-1.2308429433e-04
55,69,1.6686054039e-04
55,70,-5.4904123953e-05
55,71,1.6833880258e-04
55,96,2.6764595463e-04
55,97,4.5292095959e-04
55,98,5.5758415172e-04
55,99,1.1246010264e-04
55,100,1.9250141508e-04
55,101,-7.5936918728e-05
55,108,-1.2024131929e-04
55,109,1.2879777445e-04
55,110,-3.2311937288e-05
55,111,-1.6160239419e-04
55,112,1.6399287076e-04
55,113,-1.1659559427e-04
56,12,-3.5675194121e-04
56,13,6.0297568851e-04
56,14,-7.4041820241e-04
56,15,-2.0225688035e-04
56,16,3.3916465175e-04
56,17,8.6350423966e-05
56,54,-2.0050141934e-04
56,55,8.4943469898e-05
56,56,9.1934586678e-03
56,57,1.1736794304e-03
56,58,1.8727111166e-04
56,59,-6.3409154760e-04
56,66,4.7302077761e-05
56,67,1.3682586112e-04
56,68,6.2632829546e-05
56,69,1.7453358885e-05
56,70,1.5714583667e-04
56,71,-8.9197441925e-05
56,96,-3.2907148788e-04
56,97,-5.5663603083e-04
56,98,-6.8466633500e-04
56,99,-1.3485414510e-04
56,100,-2.3080258764e-04
56,101,9.6600999343e-05
56,108,-4.2013683196e-05
56,109,2.0722221811e-05
56,110,5.0792392041e-05
56,111,-7.6065156043e-05
56,112,4.8498278737e-05
56,113,-9.7072868481e-05
57,12,-8.8112765677e-05
