0,0,2.6283264728e-05
0,1,3.2288859642e-06
0,2,1.6475420742e-05
0,3,1.6327186047e-09
0,4,5.4470948403e-10
0,5,3.7690236705e-06
0,30,-4.3067702665e-06
0,31,7.4594657381e-06
0,32,-9.6299244186e-06
0,33,-7.2188691823e-10
0,34,1.2237765460e-09
0,35,3.1903541446e-06
0,36,-5.1384145010e-06
0,37,-3.6343656638e-06
0,38,8.5997810574e-07
0,39,-5.9508969991e-06
0,40,-3.2016588205e-06
0,41,-2.5911864057e-06
0,60,-3.0218376723e-06
0,61,3.6915441903e-06
0,62,-1.9359776330e-06
0,63,-3.7099749699e-06
0,64,4.2822876411e-06
0,65,-2.0003615605e-06
0,72,-3.0209115312e-06
0,73,3.6909417449e-06
0,74,-1.9367182943e-06
0,75,3.7093030085e-06
0,76,-4.2823199727e-06
0,77,-2.0008505393e-06
0,90,-3.1165582319e-06
0,91,-5.3977559228e-06
0,92,-6.9677467089e-06
0,93,5.8504276619e-10
0,94,9.4785105624e-10
0,95,2.9189665534e-06
0,108,-5.1381701544e-06
0,109,-3.6333735010e-06
0,110,8.6060702730e-07
0,111,5.9519828586e-06
0,112,3.2018365372e-06
0,113,-2.5940229620e-06
1,0,3.2288859642e-06
1,1,4.1019329022e-05
1,2,5.3619501345e-06
1,3,5.4470948403e-10
1,4,5.1548709115e-09
1,5,6.0411689942e-06
1,30,-7.4594774752e-06
1,31,1.2920056842e-05
1,32,-1.6679367563e-05
1,33,-1.2729521643e-09
1,34,2.1588002242e-09
1,35,5.5258055040e-06
1,36,3.0297837156e-06
1,37,1.3776422790e-07
1,38,-3.6783780449e-06
1,39,4.6318840627e-06
1,40,3.5988138976e-07
1,41,4.4360955503e-06
1,60,-3.4521509315e-06
1,61,3.9250624941e-06
1,62,-1.4135846481e-06
1,63,-4.5378061706e-06
1,64,4.8993050540e-06
1,65,-3.1074957838e-06
1,72,-3.4517684160e-06
1,73,3.9254438721e-06
1,74,-1.4154168330e-06
1,75,4.5375871312e-06
1,76,-4.9002638531e-06
1,77,-3.1078338651e-06
1,90,5.3977239764e-06
1,91,9.3486450006e-06
1,92,1.2067790993e-05
1,93,-1.0861150069e-09
1,94,-1.7678042672e-09
1,95,-5.0555049783e-06
1,108,3.0280547456e-06
1,109,1.3565321269e-07
1,110,-3.6784092528e-06
1,111,-4.6302193068e-06
1,112,-3.5748410928e-07
1,113,4.4364218691e-06
2,0,1.6475420742e-05
2,1,5.3619501345e-06
2,2,5.5687148263e-05
2,3,3.9378859925e-09
2,4,1.3025916944e-09
2,5,-2.4272751679e-05
2,30,-9.6299698759e-06
2,31,1.6679420052e-05
2,32,-2.1532581562e-05
2,33,-1.7017452985e-09
2,34,2.8881008529e-09
2,35,7.1336552133e-06
2,36,1.2483315789e-06
2,37,3.5266909231e-06
2,38,3.1898322116e-06
2,39,-3.4959116675e-08
2,40,3.1843035161e-06
2,41,-3.4503487356e-06
2,60,-1.4222331505e-06
2,61,9.9110785560e-07
2,62,1.0992624024e-06
2,63,-2.5112423105e-06
2,64,2.0079937269e-06
2,65,-3.0716671522e-06
2,72,-1.4232677608e-06
2,73,9.9309900770e-07
2,74,1.0969958231e-06
2,75,2.5121638881e-06
2,76,-2.0100438263e-06
2,77,-3.0715292589e-06
2,90,-6.9676229903e-06
2,91,-1.2067648140e-05
2,92,-1.5577643062e-05
2,93,1.5900981808e-09
2,94,2.6077293562e-09
2,95,6.5258713549e-06
2,108,1.2498911683e-06
2,109,3.5267457272e-06
2,110,3.1867696307e-06
2,111,3.1427199770e-08
2,112,-3.1862314742e-06
2,113,-3.4459234532e-06
3,0,1.6327186047e-09
3,1,5.4470948403e-10
3,2,3.9378859925e-09
3,3,2.9654381982e-05
3,4,8.6322717780e-06
3,5,2.6465056228e-09
3,30,-4.9632027930e-10
3,31,8.3570076156e-10
3,32,-1.0170443502e-09
3,33,-1.3102363661e-06
3,34,2.2693718603e-06
3,35,-1.2341742930e-10
3,36,6.1358485091e-06
3,37,5.2840373325e-06
3,38,4.6638320196e-07
3,39,6.5772343206e-06
3,40,4.5426076806e-06
3,41,1.7247451196e-06
3,60,3.9874062728e-06
3,61,-5.0755124789e-06
3,62,3.1129487039e-06
3,63,4.6858636370e-06
3,64,-5.6455605439e-06
3,65,2.0642374024e-06
3,72,-3.9865323370e-06
3,73,5.0749815341e-06
3,74,-3.1137884368e-06
3,75,4.6855911165e-06
3,76,-5.6461214587e-06
3,77,-2.0655536318e-06
3,90,-8.0350425914e-10
3,91,-1.4531847908e-09
3,92,-2.0347677953e-09
3,93,-4.7581446134e-07
3,94,-8.2409188351e-07
3,95,9.5228785142e-10
3,108,-6.1368814434e-06
3,109,-5.2834387715e-06
3,110,-4.6451935459e-07
3,111,6.5805893975e-06
3,112,4.5439456462e-06
3,113,-1.7298431091e-06
4,0,5.4470948403e-10
4,1,5.1548709115e-09
4,2,1.3025916944e-09
4,3,8.6322717780e-06
4,4,2.4972244934e-05
4,5,2.4253620440e-09
4,30,-8.8003719730e-10
4,31,1.4827844794e-09
4,32,-1.8071553083e-09
4,33,-2.2693754442e-06
4,34,3.9306318358e-06
4,35,-2.0481138807e-10
4,36,-2.5653021875e-06
4,37,2.3264031716e-08
4,38,3.6652933185e-06
4,39,-4.0001500820e-06
4,40,-3.6318873395e-07
4,41,-3.8555639091e-06
4,60,4.3102174581e-06
4,61,-5.1134572349e-06
4,62,2.3285086826e-06
4,63,5.4475782961e-06
4,64,-6.1280306355e-06
4,65,3.2624498250e-06
4,72,-4.3103338711e-06
4,73,5.1145042035e-06
4,74,-2.3308603599e-06
4,75,5.4482151850e-06
4,76,-6.1300722177e-06
4,77,-3.2637155169e-06
4,90,1.3230921207e-09
4,91,2.3981398941e-09
4,92,3.3708865303e-09
4,93,8.2408699494e-07
4,94,1.4272861751e-06
4,95,-1.5950712398e-09
4,108,2.5644738520e-06
4,109,-2.5757687434e-08
4,110,-3.6671636073e-06
4,111,-4.0000750949e-06
4,112,-3.6046721104e-07
4,113,3.8578981615e-06
5,0,3.7690236705e-06
5,1,6.0411689942e-06
5,2,-2.4272751679e-05
5,3,2.6465056228e-09
5,4,2.4253620440e-09
5,5,2.6303186067e-05
5,30,3.4943682684e-06
5,31,-6.0523591433e-06
5,32,7.8133961961e-06
5,33,2.4808168052e-10
5,34,-4.1465452992e-10
5,35,-2.9871553749e-06
5,36,-3.0009477165e-06
5,37,-4.6436578893e-06
5,38,-3.6585237137e-06
5,39,-2.0634695558e-06
5,40,-3.7039839199e-06
5,41,2.0887942997e-06
5,60,-2.6956666157e-06
5,61,3.8962048519e-06
5,62,-3.3883358516e-06
5,63,-2.6912066861e-06
5,64,3.7924939686e-06
5,65,-1.0152187026e-07
5,72,-2.6957606518e-06
5,73,3.8963683018e-06
5,74,-3.3886482109e-06
5,75,2.6922340342e-06
5,76,-3.7939164091e-06
5,77,-1.0369748866e-07
5,90,2.9839336660e-06
5,91,5.1680553706e-06
5,92,6.6712353827e-06
5,93,-8.3445263540e-10
5,94,-1.3910076022e-09
5,95,-2.8673944429e-06
5,108,-3.0038115092e-06
5,109,-4.6448125403e-06
5,110,-3.6560136696e-06
5,111,2.0686807516e-06
5,112,3.7072920909e-06
5,113,2.0837315602e-06
6,6,1.8391951177e-05
6,7,7.2525618002e-06
6,8,9.4072776022e-06
6,9,-5.7631192996e-07
6,10,-7.5798587623e-07
6,11,1.0011996938e-05
6,42,-5.8420971584e-06
6,43,2.8513128044e-06
6,44,1.6065229960e-06
6,45,8.0501459818e-06
6,46,-3.0711831687e-06
6,47,-6.1433829895e-06
6,78,-5.8936939684e-06
6,79,2.4451408147e-06
6,80,1.6444469287e-06
6,81,-8.1996398344e-06
6,82,2.5199516486e-06
6,83,-6.4200575482e-06
6,102,-4.5269972722e-06
6,103,7.7321200987e-06
6,104,-9.7049280581e-06
6,105,4.5321324838e-07
6,106,-7.3840016532e-07
6,107,3.3788952261e-06
7,6,7.2525618002e-06
7,7,2.6806076058e-05
7,8,1.5788462523e-05
7,9,-7.5798587623e-07
7,10,-1.3051016318e-06
7,11,-1.2255794562e-05
7,42,1.6272470022e-07
7,43,-4.2078350505e-06
7,44,4.4607673073e-06
7,45,9.5090920176e-07
7,46,5.2007727898e-06
7,47,-3.4497146668e-06
7,78,2.1684043450e-22
7,79,-4.4819912608e-06
7,80,4.1578833536e-06
7,81,-1.1596297028e-06
7,82,-5.7544990196e-06
7,83,-3.6075430998e-06
7,102,-7.7148951312e-06
7,103,1.3176045002e-05
7,104,-1.6535248714e-05
7,105,8.1370019495e-07
7,106,-1.3288793281e-06
7,107,5.7490496859e-06
8,6,9.4072776022e-06
8,7,1.5788462523e-05
8,8,3.4020756882e-05
8,9,-8.1481165729e-07
8,10,-1.6709306257e-06
8,11,-5.8942244151e-06
8,42,2.0332002722e-07
8,43,1.5789715794e-07
8,44,-3.2539414429e-06
8,45,-3.5335686988e-07
8,46,5.3105210576e-07
8,47,2.0294345118e-07
8,78,2.3852447795e-21
8,79,2.7590226930e-22
8,80,-3.4084303952e-06
8,81,2.7754929666e-21
8,82,-7.8876521277e-07
8,83,-2.2816607967e-07
8,102,-9.6395487754e-06
8,103,1.6460516073e-05
8,104,-2.0650450056e-05
8,105,1.1225657002e-06
8,106,-1.8409563648e-06
8,107,7.1592016100e-06
9,6,-5.7631192996e-07
9,7,-7.5798587623e-07
9,8,-8.1481165729e-07
9,9,2.7346953475e-05
9,10,-3.7093541031e-06
9,11,-1.3865933793e-06
9,42,-8.1585941187e-06
9,43,4.7947374876e-06
9,44,1.3564649010e-06
9,45,1.1010806069e-05
9,46,-5.2960803181e-06
9,47,-7.8664537320e-06
9,78,8.4860438599e-06
9,79,-4.2767576470e-06
9,80,-1.6663186813e-06
9,81,1.1610632257e-05
9,82,-4.5991479407e-06
9,83,8.6353317560e-06
9,102,1.9617023475e-07
9,103,-2.9498371581e-07
9,104,2.6749123948e-07
9,105,-1.6584671528e-06
9,106,2.8271064934e-06
9,107,2.2044968401e-07
10,6,-7.5798587623e-07
10,7,-1.3051016318e-06
10,8,-1.6709306257e-06
10,9,-3.7093541031e-06
10,10,3.1045698823e-05
10,11,-6.0219052290e-07
10,42,1.3407788058e-06
10,43,-6.4424313937e-06
10,44,6.4617970716e-06
10,45,-1.9998882990e-07
10,46,7.7456068117e-06
10,47,-3.6248619220e-06
10,78,-9.9427426153e-07
10,79,6.8659002679e-06
10,80,-6.2236157532e-06
10,81,2.8640402552e-07
10,82,8.5917254651e-06
10,83,4.0768254467e-06
10,102,3.8072876640e-07
10,103,-5.8194524971e-07
10,104,5.5520469384e-07
10,105,-2.8327928115e-06
10,106,4.8282795833e-06
10,107,3.5483048326e-07
11,6,1.0011996938e-05
11,7,-1.2255794562e-05
11,8,-5.8942244151e-06
11,9,-1.3865933793e-06
11,10,-6.0219052290e-07
11,11,2.4131599994e-05
11,42,-6.4519120304e-06
11,43,5.6871656159e-06
11,44,-1.1089470881e-06
11,45,8.1679480709e-06
11,46,-6.5079051313e-06
11,47,-4.5676570827e-06
11,78,-7.2590414996e-06
11,79,5.4459902060e-06
11,80,-3.2996320609e-07
11,81,-9.4693333289e-06
11,82,6.2068485377e-06
11,83,-5.9543934776e-06
11,102,2.9943659136e-06
11,103,-5.1182659398e-06
11,104,6.4337652901e-06
11,105,-1.4097964915e-07
11,106,2.3055211233e-07
11,107,-2.8637818153e-06
12,12,2.0487448517e-05
12,13,1.5654587290e-06
12,14,2.1338328470e-05
12,15,-4.2451566413e-06
12,16,-3.0584751248e-06
12,17,1.8879832191e-06
12,18,-5.0971182613e-06
12,19,8.6950418138e-06
12,20,-1.0885952844e-05
12,21,-1.7094821253e-06
12,22,2.9782785117e-06
12,23,1.3522625240e-06
12,54,-4.7106210049e-06
12,55,-8.0741243012e-06
12,56,-1.0206692988e-05
12,57,-2.4284509396e-06
12,58,-4.1968586577e-06
12,59,1.2688476643e-06
12,72,-2.5709719102e-06
12,73,3.4613310099e-06
12,74,-2.4782070064e-06
12,75,-3.2405348234e-06
12,76,4.2068666465e-06
12,77,-1.9052607281e-06
12,108,-5.5479404396e-06
12,109,-3.0147162266e-06
12,110,1.5464788212e-06
12,111,-6.8443211607e-06
12,112,-2.6418741541e-06
12,113,-3.7510333161e-06
13,12,1.5654587290e-06
13,13,3.9573029711e-05
13,14,1.9733155951e-06
13,15,-3.0584751248e-06
13,16,6.0864611002e-06
13,17,3.8303748529e-06
13,18,-8.7046431374e-06
13,19,1.4847944472e-05
13,20,-1.8586448880e-05
13,21,-2.8617339775e-06
13,22,4.9874766944e-06
13,23,2.3525686696e-06
13,54,8.0686564365e-06
13,55,1.3829339468e-05
13,56,1.7480602850e-05
13,57,4.1229586920e-06
13,58,7.1255534385e-06
13,59,-2.2156118403e-06
13,72,-3.2868936402e-06
13,73,4.2752408842e-06
13,74,-2.7168978313e-06
13,75,-4.3262331402e-06
13,76,5.4361471181e-06
13,77,-2.9524993034e-06
13,108,2.5164755964e-06
13,109,-1.3960504151e-06
13,110,-4.0592813150e-06
13,111,4.2828119000e-06
13,112,-1.5706190518e-06
13,113,4.9518809187e-06
14,12,2.1338328470e-05
14,13,1.9733155951e-06
14,14,5.6002549064e-05
14,15,1.1551099794e-05
14,16,-2.5515418035e-06
14,17,-1.0022654605e-05
14,18,-1.0922416246e-05
14,19,1.8628140683e-05
14,20,-2.3311346862e-05
14,21,-3.4430469331e-06
14,22,6.0051403855e-06
14,23,3.0621466984e-06
14,54,-1.0185819350e-05
14,55,-1.7456673757e-05
14,56,-2.2062055213e-05
14,57,-5.1106924835e-06
14,58,-8.8332410442e-06
14,59,2.9051671544e-06
14,72,-2.0208688240e-06
14,73,2.2920699448e-06
14,74,-6.6626843118e-07
14,75,-3.0712522362e-06
14,76,3.4624699343e-06
14,77,-2.9877570071e-06
14,108,1.5471955092e-06
14,109,3.6436095730e-06
14,110,1.5978738695e-06
14,111,7.1361894696e-07
14,112,4.0701291002e-06
14,113,-2.5009665710e-06
15,12,-4.2451566413e-06
15,13,-3.0584751248e-06
15,14,1.1551099794e-05
15,15,2.2176112044e-05
15,16,4.9914501492e-06
15,17,-3.1633835535e-06
15,18,-2.3340573922e-06
15,19,4.0382754736e-06
15,20,-5.2010189197e-06
15,21,-3.8063143293e-06
15,22,6.5405427137e-06
15,23,-1.6482208152e-06
15,54,-2.6119132221e-06
15,55,-4.5102153554e-06
15,56,-5.7870796330e-06
15,57,-3.5959134314e-06
15,58,-6.1997610396e-06
15,59,-1.8894627829e-06
15,72,3.2757620831e-06
15,73,-4.5615742826e-06
15,74,3.6132752790e-06
15,75,3.9437970556e-06
15,76,-5.3017370068e-06
15,77,1.9059318320e-06
15,108,6.5331302890e-06
15,109,4.7485946305e-06
15,110,-3.6480357049e-07
15,111,7.5486808654e-06
15,112,4.3119087942e-06
15,113,3.0073991758e-06
16,12,-3.0584751248e-06
16,13,6.0864611002e-06
16,14,-2.5515418035e-06
16,15,4.9914501492e-06
16,16,3.3243569554e-05
16,17,-5.5854504981e-06
16,18,-3.9334148381e-06
16,19,6.8061899715e-06
16,20,-8.7678660692e-06
16,21,-6.4562273834e-06
16,22,1.1093224094e-05
16,23,-2.7783320426e-06
16,54,4.4383780686e-06
16,55,7.6642809967e-06
16,56,9.8344599275e-06
16,57,6.1207034139e-06
16,58,1.0552551731e-05
16,59,3.2068717297e-06
16,72,4.0099405531e-06
16,73,-5.4011112069e-06
16,74,3.8648219050e-06
16,75,5.0512256954e-06
16,76,-6.5691221208e-06
16,77,2.9512853031e-06
16,108,-1.6524154534e-06
16,109,1.8126696181e-06
16,110,4.2881166366e-06
16,111,-3.1942895557e-06
16,112,1.7254229981e-06
16,113,-4.2083707183e-06
17,12,1.8879832191e-06
17,13,3.8303748529e-06
17,14,-1.0022654605e-05
17,15,-3.1633835535e-06
17,16,-5.5854504981e-06
17,17,2.0352073887e-05
17,18,1.4199751733e-06
17,19,-2.3642750323e-06
17,20,2.8106925597e-06
17,21,-2.6196428391e-06
17,22,4.5010013723e-06
17,23,-4.4919221608e-06
17,54,1.2130627845e-06
17,55,2.0378971083e-06
17,56,2.4697771731e-06
17,57,-2.1635324187e-06
17,58,-3.7350213691e-06
17,59,-4.6157881824e-06
17,72,-1.9928819434e-06
17,73,3.1143180607e-06
17,74,-3.2282232757e-06
17,75,-1.9845961728e-06
17,76,3.0848848551e-06
17,77,-4.0449804412e-09
17,108,-3.0342115323e-06
17,109,-4.8046794064e-06
17,110,-3.2477743870e-06
17,111,-2.3975749883e-06
17,112,-4.5082503054e-06
17,113,1.6134883313e-06
18,12,-5.0971182613e-06
18,13,-8.7046431374e-06
18,14,-1.0922416246e-05
18,15,-2.3340573922e-06
18,16,-3.9334148381e-06
18,17,1.4199751733e-06
18,18,1.3828405770e-05
18,19,-8.3534192874e-06
18,20,1.0641661321e-05
18,21,-6.8655971839e-06
18,22,-4.6437965350e-06
18,23,5.3779525319e-06
18,72,-6.4150415000e-06
18,73,-2.4745287731e-06
18,74,1.7716868238e-06
18,75,-9.0897167049e-06
18,76,-2.5990814694e-06
18,77,-7.4649494480e-06
19,12,8.6950418138e-06
19,13,1.4847944472e-05
19,14,1.8628140683e-05
19,15,4.0382754736e-06
19,16,6.8061899715e-06
19,17,-2.3642750323e-06
19,18,-8.3534192874e-06
19,19,2.3346597013e-05
19,20,-1.8026100907e-05
19,21,-4.6437965350e-06
19,22,-3.1974742815e-06
19,23,6.4072895120e-06
19,72,-1.6792493311e-07
19,73,-4.9757869671e-06
19,74,-4.1895554090e-06
19,75,9.1151345126e-07
19,76,-6.5832470868e-06
19,77,3.4464831931e-06
20,12,-1.0885952844e-05
20,13,-1.8586448880e-05
20,14,-2.3311346862e-05
20,15,-5.2010189197e-06
20,16,-8.7678660692e-06
20,17,2.8106925597e-06
20,18,1.0641661321e-05
20,19,-1.8026100907e-05
20,20,3.1588345416e-05
20,21,4.1010860798e-06
20,22,-8.4801636772e-06
20,23,-2.4237727486e-06
20,72,2.1023739073e-07
20,73,-2.0635954649e-07
20,74,-4.0656119024e-06
20,75,3.6517427227e-07
20,76,4.9088332852e-07
20,77,2.5185643492e-07
21,12,-1.7094821253e-06
21,13,-2.8617339775e-06
21,14,-3.4430469331e-06
21,15,-3.8063143293e-06
21,16,-6.4562273834e-06
21,17,-2.6196428391e-06
21,18,-6.8655971839e-06
21,19,-4.6437965350e-06
21,20,4.1010860798e-06
21,21,1.8638592747e-05
21,22,-2.6225653273e-06
21,23,-8.0465133193e-06
21,72,8.9596878466e-06
21,73,4.4216227258e-06
21,74,-1.6416572900e-06
21,75,1.2469335784e-05
21,76,4.9109740585e-06
21,77,9.7100501559e-06
22,12,2.9782785117e-06
22,13,4.9874766944e-06
22,14,6.0051403855e-06
22,15,6.5405427137e-06
22,16,1.1093224094e-05
22,17,4.5010013723e-06
22,18,-4.6437965350e-06
22,19,-3.1974742815e-06
22,20,-8.4801636772e-06
22,21,-2.6225653273e-06
22,22,2.6217765790e-05
22,23,-1.0735327716e-05
22,72,1.4579258080e-06
22,73,7.4467091724e-06
22,74,6.1964689539e-06
22,75,4.5447038895e-07
22,76,9.5854044192e-06
22,77,-3.3725058567e-06
23,12,1.3522625240e-06
23,13,2.3525686696e-06
23,14,3.0621466984e-06
23,15,-1.6482208152e-06
23,16,-2.7783320426e-06
23,17,-4.4919221608e-06
23,18,5.3779525319e-06
23,19,6.4072895120e-06
23,20,-2.4237727486e-06
23,21,-8.0465133193e-06
23,22,-1.0735327716e-05
23,23,1.6539585634e-05
23,72,-7.0874388786e-06
23,73,-5.7492799741e-06
23,74,-7.8881350416e-07
23,75,-9.3366934576e-06
23,76,-6.8414506421e-06
23,77,-6.0192183866e-06
24,24,2.0486892885e-05
24,25,1.5648505354e-06
24,26,2.1334414328e-05
24,27,4.2436445783e-06
24,28,3.0581571169e-06
24,29,1.8859322744e-06
24,36,-5.5479995144e-06
24,37,-3.0149900556e-06
24,38,1.5468070840e-06
24,39,6.8435881208e-06
24,40,2.6415640364e-06
24,41,-3.7491496272e-06
24,60,-2.5722025708e-06
24,61,3.4627401997e-06
24,62,-2.4787189267e-06
24,63,3.2413483960e-06
24,64,-4.2074414521e-06
24,65,-1.9043534903e-06
24,84,-5.0960114978e-06
24,85,8.6930058706e-06
24,86,-1.0883027689e-05
24,87,1.7102515728e-06
24,88,-2.9795868661e-06
24,89,1.3523005319e-06
24,114,-4.7098961832e-06
24,115,-8.0730186180e-06
24,116,-1.0205644506e-05
24,117,2.4288028247e-06
24,118,4.1974672057e-06
24,119,1.2684737655e-06
25,24,1.5648505354e-06
25,25,3.9568973164e-05
25,26,1.9694382009e-06
25,27,3.0581571169e-06
25,28,-6.0920970026e-06
25,29,3.8289823924e-06
25,36,2.5172782777e-06
25,37,-1.3949355155e-06
25,38,-4.0592242802e-06
25,39,-4.2836635350e-06
25,40,1.5691121959e-06
25,41,4.9517943654e-06
25,60,-3.2881072732e-06
25,61,4.2764027341e-06
25,62,-2.7167698928e-06
25,63,4.3270758217e-06
25,64,-5.4364674321e-06
25,65,-2.9516765144e-06
25,84,-8.7026152360e-06
25,85,1.4844230312e-05
25,86,-1.8581150904e-05
25,87,2.8629593574e-06
25,88,-4.9895588466e-06
25,89,2.3526576753e-06
25,114,8.0675688895e-06
25,115,1.3827711384e-05
25,116,1.7479147758e-05
25,117,-4.1237135345e-06
25,118,-7.1268574717e-06
25,119,-2.2149416541e-06
26,24,2.1334414328e-05
26,25,1.9694382009e-06
26,26,5.5995476615e-05
26,27,-1.1555710386e-05
26,28,2.5514812148e-06
26,29,-1.0024088966e-05
26,36,1.5471642279e-06
26,37,3.6439468275e-06
26,38,1.5989987636e-06
26,39,-7.1275676968e-07
26,40,-4.0695764968e-06
26,41,-2.5028815101e-06
26,60,-2.0209295077e-06
26,61,2.2915595087e-06
26,62,-6.6470663417e-07
26,63,3.0714232388e-06
26,64,-3.4618988798e-06
26,65,-2.9879660854e-06
26,84,-1.0919520828e-05
26,85,1.8622876246e-05
26,86,-2.3303929034e-05
26,87,3.4443615555e-06
26,88,-6.0073702742e-06
26,89,3.0623171081e-06
26,114,-1.0184839602e-05
26,115,-1.7455297170e-05
26,116,-2.2061088513e-05
26,117,5.1120321598e-06
26,118,8.8355525627e-06
26,119,2.9042483106e-06
27,24,4.2436445783e-06
27,25,3.0581571169e-06
27,26,-1.1555710386e-05
27,27,2.2173721991e-05
27,28,4.9895965010e-06
27,29,3.1608667747e-06
27,36,-6.5322376738e-06
27,37,-4.7486533372e-06
27,38,3.6449020368e-07
27,39,7.5463164958e-06
27,40,4.3110379723e-06
27,41,-3.0038298942e-06
27,60,-3.2766371736e-06
27,61,4.5626363202e-06
27,62,-3.6138273783e-06
27,63,3.9436502791e-06
27,64,-5.3011440246e-06
27,65,-1.9035075324e-06
27,84,2.3349234207e-06
27,85,-4.0397235601e-06
27,86,5.2027545786e-06
27,87,-3.8053474235e-06
27,88,6.5388459839e-06
27,89,1.6480166053e-06
27,114,2.6123281573e-06
27,115,4.5109386952e-06
27,116,5.7880263245e-06
27,117,-3.5955676658e-06
27,118,-6.1992149051e-06
27,119,1.8891155493e-06
28,24,3.0581571169e-06
28,25,-6.0920970026e-06
28,26,2.5514812148e-06
28,27,4.9895965010e-06
28,28,3.3236531098e-05
28,29,5.5832608294e-06
28,36,1.6526435566e-06
28,37,-1.8110392027e-06
28,38,-4.2867938656e-06
28,39,-3.1941798104e-06
28,40,1.7232025848e-06
28,41,4.2070824125e-06
28,60,-4.0103561741e-06
28,61,5.4013606599e-06
28,62,-3.8643846938e-06
28,63,5.0505054884e-06
28,64,-6.5675468034e-06
28,65,-2.9484631324e-06
28,84,3.9347946746e-06
28,85,-6.8084925603e-06
28,86,8.7706134985e-06
28,87,-6.4544144264e-06
28,88,1.1090048196e-05
28,89,2.7779011406e-06
28,114,-4.4392453105e-06
28,115,-7.6657892607e-06
28,116,-9.8364244976e-06
28,117,6.1202938878e-06
28,118,1.0551931725e-05
28,119,-3.2063857321e-06
29,24,1.8859322744e-06
29,25,3.8289823924e-06
29,26,-1.0024088966e-05
29,27,3.1608667747e-06
29,28,5.5832608294e-06
29,29,2.0350589231e-05
29,36,-3.0321081804e-06
29,37,-4.8038860231e-06
29,38,-3.2488712182e-06
29,39,2.3939104366e-06
29,40,4.5063920179e-06
29,41,1.6172028885e-06
29,60,-1.9920984634e-06
29,61,3.1135481879e-06
29,62,-3.2283072863e-06
29,63,1.9822653699e-06
29,64,-3.0819524730e-06
29,65,-2.5640256598e-10
29,84,1.4195643619e-06
29,85,-2.3634594100e-06
29,86,2.8093807570e-06
29,87,2.6194605372e-06
29,88,-4.5006498957e-06
29,89,-4.4917312517e-06
29,114,1.2125801253e-06
29,115,2.0371710577e-06
29,116,2.4691171102e-06
29,117,2.1632735370e-06
29,118,3.7346005504e-06
29,119,-4.6154493236e-06
30,0,-4.3067702665e-06
30,1,-7.4594774752e-06
30,2,-9.6299698759e-06
30,3,-4.9632027930e-10
30,4,-8.8003719730e-10
30,5,3.4943682684e-06
30,30,1.8394166717e-05
30,31,-7.1287789779e-06
30,32,9.6297640378e-06
30,33,1.5432229634e-09
30,34,-1.7857336044e-09
30,35,8.2560868750e-06
30,60,-5.9640072592e-06
30,61,-2.9890351827e-06
30,62,1.6256791742e-06
30,63,-7.9433382099e-06
30,64,-3.0018243188e-06
30,65,-5.5162836716e-06
30,72,-5.9637613337e-06
30,73,-2.9880909772e-06
30,74,1.6257788306e-06
30,75,7.9441743256e-06
30,76,3.0015581564e-06
30,77,-5.5191750386e-06
31,0,7.4594657381e-06
31,1,1.2920056842e-05
31,2,1.6679420052e-05
31,3,8.3570076156e-10
31,4,1.4827844794e-09
31,5,-6.0523591433e-06
31,30,-7.1287789779e-06
31,31,2.7007289515e-05
31,32,-1.6383399424e-05
31,33,-1.7857336044e-09
31,34,2.7494090565e-09
31,35,1.3510792230e-05
31,60,5.8124078467e-18
31,61,-4.2382869919e-06
31,62,-4.7497223911e-06
31,63,1.3779188055e-06
31,64,-4.9543030272e-06
31,65,4.1036803087e-06
31,72,-1.0964380303e-10
31,73,-4.2385961393e-06
31,74,-4.7486727222e-06
31,75,-1.3770294763e-06
31,76,4.9560859125e-06
31,77,4.1019661048e-06
32,0,-9.6299244186e-06
32,1,-1.6679367563e-05
32,2,-2.1532581562e-05
32,3,-1.0170443502e-09
32,4,-1.8071553083e-09
32,5,7.8133961961e-06
32,30,9.6297640378e-06
32,31,-1.6383399424e-05
32,32,3.5619589499e-05
32,33,1.3485570488e-09
32,34,-2.9062703037e-09
32,35,-6.5149660842e-06
32,60,7.5174241831e-18
32,61,1.3002093056e-17
32,62,-3.0119139439e-06
32,63,7.0092130405e-18
32,64,8.7583201984e-07
32,65,-3.1835310588e-07
32,72,1.4154653607e-10
32,73,-1.0332630875e-10
32,74,-3.0126332852e-06
32,75,-2.4516639307e-10
32,76,-8.7531567962e-07
32,77,-3.1772322976e-07
33,0,-7.2188691823e-10
33,1,-1.2729521643e-09
33,2,-1.7017452985e-09
33,3,-1.3102363661e-06
33,4,-2.2693754442e-06
33,5,2.4808168052e-10
33,30,1.5432229634e-09
33,31,-1.7857336044e-09
33,32,1.3485570488e-09
33,33,2.5778635309e-05
33,34,4.9556409645e-06
33,35,3.9527205380e-09
33,60,8.1647511114e-06
33,61,4.9803681153e-06
33,62,-1.2299958780e-06
33,63,1.0585644805e-05
33,64,5.1479570696e-06
33,65,6.6916635363e-06
33,72,-8.1654140648e-06
33,73,-4.9792288792e-06
33,74,1.2310675552e-06
33,75,1.0588407033e-05
33,76,5.1479893472e-06
33,77,-6.6972728227e-06
34,0,1.2237765460e-09
34,1,2.1588002242e-09
34,2,2.8881008529e-09
34,3,2.2693718603e-06
34,4,3.9306318358e-06
34,5,-4.1465452992e-10
34,30,-1.7857336044e-09
34,31,2.7494090565e-09
34,32,-2.9062703037e-09
34,33,4.9556409645e-06
34,34,2.9179785240e-05
34,35,-1.3996460242e-09
34,60,1.2500860072e-06
34,61,6.4287496339e-06
34,62,6.7263023834e-06
34,63,-2.2141290153e-07
34,64,7.2474613970e-06
34,65,-4.4020310688e-06
34,72,-1.2495941841e-06
34,73,-6.4294059205e-06
34,74,-6.7256559643e-06
34,75,-2.2104272288e-07
34,76,7.2505450472e-06
34,77,4.4004168220e-06
35,0,3.1903541446e-06
35,1,5.5258055040e-06
35,2,7.1336552133e-06
35,3,-1.2341742930e-10
35,4,-2.0481138807e-10
35,5,-2.9871553749e-06
35,30,8.2560868750e-06
35,31,1.3510792230e-05
35,32,-6.5149660842e-06
35,33,3.9527205380e-09
35,34,-1.3996460242e-09
35,35,2.1798928512e-05
35,60,-6.1219022223e-06
35,61,-5.7876238493e-06
35,62,-1.5112203092e-06
35,63,-7.2695072483e-06
35,64,-6.2216971525e-06
35,65,-3.0432259481e-06
35,72,-6.1244395807e-06
35,73,-5.7873216134e-06
35,74,-1.5086035714e-06
35,75,7.2748490886e-06
35,76,6.2229428910e-06
35,77,-3.0506485316e-06
36,0,-5.1384145010e-06
36,1,3.0297837156e-06
36,2,1.2483315789e-06
36,3,6.1358485091e-06
36,4,-2.5653021875e-06
36,5,-3.0009477165e-06
36,24,-5.5479995144e-06
36,25,2.5172782777e-06
36,26,1.5471642279e-06
36,27,-6.5322376738e-06
36,28,1.6526435566e-06
36,29,-3.0321081804e-06
36,36,2.6593411517e-05
36,37,-2.0395592939e-06
36,38,1.3698115627e-05
36,39,-7.7934421901e-07
36,40,8.3642220419e-07
36,41,4.2065533962e-06
36,60,-2.9354793787e-06
36,61,5.0572475897e-06
36,62,-6.4591471983e-06
36,63,9.5178836416e-08
36,64,-1.7081481548e-07
36,65,2.6535663342e-06
36,90,-3.8426628076e-06
36,91,-3.9396314234e-06
36,92,-9.3464812321e-07
36,93,4.6687925284e-06
36,94,4.3186048387e-06
36,95,-2.4287246230e-06
36,102,-3.4015308863e-06
36,103,-5.8860835675e-06
36,104,-7.5846085068e-06
36,105,2.5634095585e-07
36,106,4.4221294505e-07
36,107,3.0889326568e-06
36,114,-3.1278501425e-06
36,115,-3.5261735246e-06
36,116,-1.3244093894e-06
36,117,-3.8046232389e-06
36,118,-3.9833603146e-06
36,119,-1.9870138142e-06
37,0,-3.6343656638e-06
37,1,1.3776422790e-07
37,2,3.5266909231e-06
37,3,5.2840373325e-06
37,4,2.3264031716e-08
37,5,-4.6436578893e-06
37,24,-3.0149900556e-06
37,25,-1.3949355155e-06
37,26,3.6439468275e-06
37,27,-4.7486533372e-06
37,28,-1.8110392027e-06
37,29,-4.8038860231e-06
37,36,-2.0395592939e-06
37,37,3.8845378599e-05
37,38,-2.8888724785e-06
37,39,8.3642220419e-07
37,40,-2.4986838766e-06
37,41,-4.7375870352e-06
37,60,-5.0552074233e-06
37,61,8.7090277441e-06
37,62,-1.1122991121e-05
37,63,1.5655347807e-07
37,64,-2.8148784450e-07
37,65,4.5702564218e-06
37,90,3.9322466253e-06
37,91,3.3925977098e-06
37,92,-5.0818718061e-07
37,93,-5.2451181193e-06
37,94,-4.1223334692e-06
37,95,3.7554000659e-06
37,102,5.8867103005e-06
37,103,1.0186489804e-05
37,104,1.3125959868e-05
37,105,-4.4483589121e-07
37,106,-7.6739118780e-07
37,107,-5.3455218706e-06
37,114,3.6866997832e-06
37,115,3.8280648400e-06
37,116,7.3389103181e-07
37,117,4.7819210526e-06
37,118,4.6313594731e-06
37,119,3.1512787506e-06
38,0,8.5997810574e-07
38,1,-3.6783780449e-06
38,2,3.1898322116e-06
38,3,4.6638320196e-07
38,4,3.6652933185e-06
38,5,-3.6585237137e-06
38,24,1.5468070840e-06
38,25,-4.0592242802e-06
38,26,1.5989987636e-06
38,27,3.6449020368e-07
38,28,-4.2867938656e-06
38,29,-3.2488712182e-06
38,36,1.3698115627e-05
38,37,-2.8888724785e-06
38,38,5.0821316401e-05
38,39,-1.9222801754e-06
38,40,6.6566039051e-07
38,41,-2.4815641332e-05
38,60,-6.4513040429e-06
38,61,1.1113968188e-05
38,62,-1.4193934884e-05
38,63,1.8085389007e-07
38,64,-3.2659785431e-07
38,65,5.8337785094e-06
38,90,-9.1614245037e-07
38,91,5.2261821645e-07
38,92,3.0222982858e-06
38,93,2.1827945109e-06
38,94,2.8061361883e-07
38,95,-3.5420482848e-06
38,102,-7.5870329616e-06
38,103,-1.3128757731e-05
38,104,-1.6917247195e-05
38,105,5.7644727974e-07
38,106,9.9445148724e-07
38,107,6.8890002228e-06
38,114,-1.7182286570e-06
38,115,-1.0722360203e-06
38,116,1.4180583138e-06
38,117,-2.8741667415e-06
38,118,-1.9923746778e-06
38,119,-3.2526715733e-06
39,0,-5.9508969991e-06
39,1,4.6318840627e-06
39,2,-3.4959116675e-08
39,3,6.5772343206e-06
39,4,-4.0001500820e-06
39,5,-2.0634695558e-06
39,24,6.8435881208e-06
39,25,-4.2836635350e-06
39,26,-7.1275676968e-07
39,27,7.5463164958e-06
39,28,-3.1941798104e-06
39,29,2.3939104366e-06
39,36,-7.7934421901e-07
39,37,8.3642220419e-07
39,38,-1.9222801754e-06
39,39,3.0355867255e-05
39,40,-6.2769859579e-06
39,41,-1.1523915902e-06
39,60,2.2134765837e-07
39,61,-3.8730773841e-07
39,62,5.1004435987e-07
39,63,-4.9498511542e-07
39,64,8.5347035314e-07
39,65,-1.6472343653e-07
39,90,-4.6613411062e-06
39,91,-5.2487274848e-06
39,92,-2.2106937621e-06
39,93,5.3197440554e-06
39,94,5.4570264428e-06
39,95,-2.0123094075e-06
39,102,2.3928166511e-07
39,103,4.1264646336e-07
39,104,5.2807883111e-07
39,105,-6.5861486463e-07
39,106,-1.1394791735e-06
39,107,-1.0934657640e-07
39,114,4.0142673059e-06
39,115,4.7915028274e-06
39,116,2.3703537404e-06
39,117,4.6416114379e-06
39,118,5.1638726366e-06
39,119,1.8940243011e-06
40,0,-3.2016588205e-06
40,1,3.5988138976e-07
40,2,3.1843035161e-06
40,3,4.5426076806e-06
40,4,-3.6318873395e-07
40,5,-3.7039839199e-06
40,24,2.6415640364e-06
40,25,1.5691121959e-06
40,26,-4.0695764968e-06
40,27,4.3110379723e-06
40,28,1.7232025848e-06
40,29,4.5063920179e-06
40,36,8.3642220419e-07
40,37,-2.4986838766e-06
40,38,6.6566039051e-07
40,39,-6.2769859579e-06
40,40,2.2755321271e-05
40,41,2.1406141868e-06
40,60,3.7476591725e-07
40,61,-6.5592088902e-07
40,62,8.6420169221e-07
40,63,-8.5165429627e-07
40,64,1.4684255678e-06
40,65,-2.7900271987e-07
40,90,4.3007752909e-06
40,91,4.1150233651e-06
40,92,3.0158085082e-07
40,93,-5.4407263814e-06
40,94,-4.7423951450e-06
40,95,3.2658828340e-06
40,102,-4.1535440519e-07
40,103,-7.1629495309e-07
40,104,-9.1668759831e-07
40,105,1.1399824622e-06
40,106,1.9722994042e-06
40,107,1.9015460117e-07
40,114,-4.4726333817e-06
40,115,-4.9346560586e-06
40,116,-1.5977345184e-06
40,117,-5.5379034588e-06
40,118,-5.6953235358e-06
40,119,-3.0860442728e-06
41,0,-2.5911864057e-06
41,1,4.4360955503e-06
41,2,-3.4503487356e-06
41,3,1.7247451196e-06
41,4,-3.8555639091e-06
41,5,2.0887942997e-06
41,24,-3.7491496272e-06
41,25,4.9517943654e-06
41,26,-2.5028815101e-06
41,27,-3.0038298942e-06
41,28,4.2070824125e-06
41,29,1.6172028885e-06
41,36,4.2065533962e-06
41,37,-4.7375870352e-06
41,38,-2.4815641332e-05
41,39,-1.1523915902e-06
41,40,2.1406141868e-06
41,41,2.6419799549e-05
41,60,2.7873526064e-06
41,61,-4.8010480513e-06
41,62,6.1293235032e-06
41,63,-8.1271467937e-09
41,64,1.9576940333e-08
41,65,-2.6066906441e-06
41,90,-2.4113738985e-06
41,91,-3.7464265682e-06
41,92,-3.5650456831e-06
41,93,1.9974285202e-06
41,94,3.2647054111e-06
41,95,9.7820674112e-07
41,102,3.0435074903e-06
41,103,5.2667741066e-06
41,104,6.7871597699e-06
41,105,-1.2859854288e-07
41,106,-2.2156288685e-07
41,107,-2.9014264629e-06
41,114,-2.4975883770e-06
41,115,-3.5790893801e-06
41,116,-3.0046654704e-06
41,117,-2.3457396820e-06
41,118,-3.3105795929e-06
41,119,2.7761273002e-07
42,6,-5.8420971584e-06
42,7,1.6272470022e-07
42,8,2.0332002722e-07
42,9,-8.1585941187e-06
42,10,1.3407788058e-06
42,11,-6.4519120304e-06
42,42,2.3054945203e-05
42,43,6.6124327094e-06
42,44,6.8357356618e-06
42,45,6.2134886005e-11
42,46,-2.4490152871e-11
42,47,1.2609487942e-05
42,48,-5.8423398737e-06
42,49,1.6331151047e-07
42,50,2.0402905976e-07
42,51,8.1590004351e-06
42,52,-1.3415433045e-06
42,53,-6.4523735822e-06
42,66,-2.9626244252e-06
42,67,3.4214596295e-06
42,68,-1.4732494640e-06
42,69,3.8739233692e-06
42,70,-4.2319639876e-06
42,71,-2.5500424614e-06
42,90,-2.8202377105e-06
42,91,4.8846927568e-06
42,92,-6.3058472372e-06
42,93,-2.4012088190e-10
42,94,3.9437328502e-10
42,95,2.7341093988e-06
42,102,-2.9624372199e-06
42,103,3.4210437894e-06
42,104,-1.4727267271e-06
42,105,-3.8739525789e-06
42,106,4.2317764143e-06
42,107,-2.5505958199e-06
43,6,2.8513128044e-06
43,7,-4.2078350505e-06
43,8,1.5789715794e-07
43,9,4.7947374876e-06
43,10,-6.4424313937e-06
43,11,5.6871656159e-06
43,42,6.6124327094e-06
43,43,2.9169013049e-05
43,44,1.2254163021e-05
43,45,-2.4490152872e-11
43,46,2.9412185036e-11
43,47,-1.4995812087e-06
43,48,2.8510909471e-06
43,49,-4.2082362435e-06
43,50,1.5848728982e-07
43,51,-4.7945044312e-06
43,52,6.4430294954e-06
43,53,5.6871730713e-06
43,66,-3.6856405579e-06
43,67,3.9782968344e-06
43,68,-1.1144865561e-06
43,69,5.0238924340e-06
43,70,-5.1372755748e-06
43,71,-3.7704615382e-06
43,90,-4.8846976429e-06
43,91,8.4603674021e-06
43,92,-1.0921830103e-05
43,93,-4.3638450115e-10
43,94,7.1855204893e-10
43,95,4.7355220005e-06
43,102,-3.6851328331e-06
43,103,3.9774337070e-06
43,104,-1.1136681364e-06
43,105,-5.0235218223e-06
43,106,5.1365180350e-06
43,107,-3.7708165711e-06
44,6,1.6065229960e-06
44,7,4.4607673073e-06
44,8,-3.2539414429e-06
44,9,1.3564649010e-06
44,10,6.4617970716e-06
44,11,-1.1089470881e-06
44,42,6.8357356618e-06
44,43,1.2254163021e-05
44,44,3.4195455653e-05
44,45,-3.6585091890e-11
44,46,-3.2280376062e-10
44,47,-1.5901509968e-05
44,48,1.6066455670e-06
44,49,4.4602022908e-06
44,50,-3.2551679646e-06
44,51,-1.3567125662e-06
44,52,-6.4611727640e-06
44,53,-1.1086078762e-06
44,66,-2.0769306113e-06
44,67,1.6248287637e-06
44,68,9.3922677110e-07
44,69,3.2848144549e-06
44,70,-2.5949914873e-06
44,71,-3.4655704522e-06
44,90,-6.3058661604e-06
44,91,1.0921851953e-05
44,92,-1.4099459953e-05
44,93,-6.1625509461e-10
44,94,1.0192464322e-09
44,95,6.1132889010e-06
44,102,-2.0760604472e-06
44,103,1.6236625639e-06
44,104,9.3989215018e-07
44,105,-3.2836939399e-06
44,106,2.5934660046e-06
44,107,-3.4649233340e-06
45,6,8.0501459818e-06
45,7,9.5090920176e-07
45,8,-3.5335686988e-07
45,9,1.1010806069e-05
45,10,-1.9998882990e-07
45,11,8.1679480709e-06
45,42,6.2134886004e-11
45,43,-2.4490152872e-11
45,44,-3.6585091890e-11
45,45,3.4333214082e-05
45,46,5.2711665012e-06
45,47,2.8618245047e-10
45,48,-8.0505806859e-06
45,49,-9.5002121191e-07
45,50,3.5459348512e-07
45,51,1.1011515512e-05
45,52,-2.0113600161e-07
45,53,-8.1687186489e-06
45,66,-3.6412592451e-06
45,67,4.4918920884e-06
45,68,-2.5510731979e-06
45,69,4.5504717923e-06
45,70,-5.3327555155e-06
45,71,-2.5177174002e-06
45,90,2.9588542348e-10
45,91,-5.3722798328e-10
45,92,7.5743318559e-10
45,93,-4.3103772359e-07
45,94,7.4656361020e-07
45,95,-3.6891172426e-10
45,102,3.6413399619e-06
45,103,-4.4916954658e-06
45,104,2.5504272570e-06
45,105,4.5510173546e-06
45,106,-5.3330707607e-06
45,107,2.5189233471e-06
46,6,-3.0711831687e-06
46,7,5.2007727898e-06
46,8,5.3105210576e-07
46,9,-5.2960803181e-06
46,10,7.7456068117e-06
46,11,-6.5079051313e-06
46,42,-2.4490152872e-11
46,43,2.9412185036e-11
46,44,-3.2280376062e-10
46,45,5.2711665012e-06
46,46,2.7726073955e-05
46,47,1.1108859060e-10
46,48,3.0708921504e-06
46,49,-5.2014175339e-06
46,50,-5.3019596431e-07
46,51,-5.2958018900e-06
46,52,7.7465669708e-06
46,53,6.5080013356e-06
46,66,-4.2874920649e-06
46,67,4.9663048958e-06
46,68,-2.1461937506e-06
46,69,5.5954423796e-06
46,70,-6.1470864920e-06
46,71,-3.6455857411e-06
46,90,4.8891097955e-10
46,91,-8.8966854906e-10
46,92,1.2591916294e-09
46,93,-7.4656435668e-07
46,94,1.2930603303e-06
46,95,-6.1891464426e-10
46,102,4.2873087561e-06
46,103,-4.9656582629e-06
46,104,2.1451013007e-06
46,105,5.5957102002e-06
46,106,-6.1468743798e-06
46,107,3.6467928269e-06
47,6,-6.1433829895e-06
47,7,-3.4497146668e-06
47,8,2.0294345118e-07
47,9,-7.8664537320e-06
47,10,-3.6248619220e-06
47,11,-4.5676570827e-06
47,42,1.2609487942e-05
47,43,-1.4995812087e-06
47,44,-1.5901509968e-05
47,45,2.8618245047e-10
47,46,1.1108859060e-10
47,47,2.8261052659e-05
47,48,-6.1439206656e-06
47,49,-3.4488987988e-06
47,50,2.0453145464e-07
47,51,7.8672959938e-06
47,52,3.6238446551e-06
47,53,-4.5684990287e-06
47,66,-1.9706062056e-06
47,67,3.0637176122e-06
47,68,-3.0423770357e-06
47,69,1.9973336694e-06
47,70,-3.1577751912e-06
47,71,-1.7000993332e-08
47,90,2.5988610405e-06
47,91,-4.5012651370e-06
47,92,5.8108650158e-06
47,93,3.2239267019e-10
47,94,-5.4194180363e-10
47,95,-2.5853720970e-06
47,102,-1.9712193874e-06
47,103,3.0642380127e-06
47,104,-3.0421287131e-06
47,105,-1.9985520412e-06
47,106,3.1590254722e-06
47,107,-1.8555617330e-08
48,42,-5.8423398737e-06
48,43,2.8510909471e-06
48,44,1.6066455670e-06
48,45,-8.0505806859e-06
48,46,3.0708921504e-06
48,47,-6.1439206656e-06
48,48,1.8392314426e-05
48,49,7.2502900928e-06
48,50,9.4034405410e-06
48,51,5.7517249690e-07
48,52,7.5692262095e-07
48,53,1.0010376626e-05
48,66,-4.5263742485e-06
48,67,7.7306639299e-06
48,68,-9.7021022098e-06
48,69,-4.5340990964e-07
48,70,7.3857783817e-07
48,71,3.3787960542e-06
48,96,-5.8944090302e-06
48,97,2.4455213480e-06
48,98,1.6446509778e-06
48,99,8.1995051248e-06
48,100,-2.5194190364e-06
48,101,-6.4176097656e-06
49,42,1.6331151047e-07
49,43,-4.2082362435e-06
49,44,4.4602022908e-06
49,45,-9.5002121191e-07
49,46,-5.2014175339e-06
49,47,-3.4488987988e-06
49,48,7.2502900928e-06
49,49,2.6803007335e-05
49,50,1.5780933583e-05
49,51,7.5692262095e-07
49,52,1.3036755301e-06
49,53,-1.2257988249e-05
49,66,-7.7133839806e-06
49,67,1.3172788757e-05
49,68,-1.6529442669e-05
49,69,-8.1412656994e-07
49,70,1.3293371273e-06
49,71,5.7485094117e-06
49,96,2.1684043450e-22
49,97,-4.4824866216e-06
49,98,4.1584855145e-06
49,99,1.1604225392e-06
49,100,5.7539837768e-06
49,101,-3.6095123319e-06
50,42,2.0402905976e-07
50,43,1.5848728982e-07
50,44,-3.2551679646e-06
50,45,3.5459348512e-07
50,46,-5.3019596431e-07
50,47,2.0453145464e-07
50,48,9.4034405410e-06
50,49,1.5780933583e-05
50,50,3.4010537201e-05
50,51,8.1449115198e-07
50,52,1.6701022214e-06
50,53,-5.8932307260e-06
50,66,-9.6365190262e-06
50,67,1.6454479714e-05
50,68,-2.0640680331e-05
50,69,-1.1233238275e-06
50,70,1.8419111317e-06
50,71,7.1575821880e-06
50,96,3.2526065175e-21
50,97,-1.0905049277e-21
50,98,-3.4087702787e-06
50,99,-5.8157492650e-21
50,100,7.8929596321e-07
50,101,-2.2845046255e-07
51,42,8.1590004351e-06
51,43,-4.7945044312e-06
51,44,-1.3567125662e-06
51,45,1.1011515512e-05
51,46,-5.2958018900e-06
51,47,7.8672959938e-06
51,48,5.7517249690e-07
51,49,7.5692262095e-07
51,50,8.1449115198e-07
51,51,2.7345867473e-05
51,52,-3.7135879039e-06
51,53,1.3824187505e-06
51,66,-1.9541338995e-07
51,67,2.9354033188e-07
51,68,-2.6530129429e-07
51,69,-1.6577591484e-06
51,70,2.8257385632e-06
51,71,-2.2106438427e-07
51,96,-8.4861909698e-06
51,97,4.2774104522e-06
51,98,1.6659052222e-06
51,99,1.1608976662e-05
51,100,-4.5984143029e-06
51,101,-8.6302023014e-06
52,42,-1.3415433045e-06
52,43,6.4430294954e-06
52,44,-6.4611727640e-06
52,45,-2.0113600161e-07
52,46,7.7465669708e-06
52,47,3.6238446551e-06
52,48,7.5692262095e-07
52,49,1.3036755301e-06
52,50,1.6701022214e-06
52,51,-3.7135879039e-06
52,52,3.1041975801e-05
52,53,6.0011513978e-07
52,66,-3.7957276179e-07
52,67,5.7971379957e-07
52,68,-5.5175891441e-07
52,69,-2.8314388641e-06
52,70,4.8256921787e-06
52,71,-3.5577873139e-07
52,96,9.9490438941e-07
52,97,-6.8662180054e-06
52,98,6.2239984349e-06
52,99,2.8668584498e-07
52,100,8.5901089543e-06
52,101,-4.0789181070e-06
53,42,-6.4523735822e-06
53,43,5.6871730713e-06
53,44,-1.1086078762e-06
53,45,-8.1687186489e-06
53,46,6.5080013356e-06
53,47,-4.5684990287e-06
53,48,1.0010376626e-05
53,49,-1.2257988249e-05
53,50,-5.8932307260e-06
53,51,1.3824187505e-06
53,52,6.0011513978e-07
53,53,2.4128372688e-05
53,66,2.9945392053e-06
53,67,-5.1183010201e-06
53,68,6.4331418603e-06
53,69,1.4182136224e-07
53,70,-2.3193422463e-07
53,71,-2.8636430879e-06
53,96,-7.2572733925e-06
53,97,5.4466231497e-06
53,98,-3.3180943924e-07
53,99,9.4647947303e-06
53,100,-6.2060185482e-06
53,101,-5.9466393158e-06
54,12,-4.7106210049e-06
54,13,8.0686564365e-06
54,14,-1.0185819350e-05
54,15,-2.6119132221e-06
54,16,4.4383780686e-06
54,17,1.2130627845e-06
54,54,2.0354382109e-05
54,55,7.2738921584e-07
54,56,1.9873760648e-05
54,57,-4.4842717371e-06
54,58,-1.5620405542e-06
54,59,2.0058048914e-06
54,66,-5.2897244687e-06
54,67,-2.4988407955e-06
54,68,1.4810276100e-06
54,69,-6.7343301092e-06
54,70,-2.1642967794e-06
54,71,-4.0865657626e-06
54,96,-4.5945016677e-06
54,97,-7.8716466552e-06
54,98,-9.9419347100e-06
54,99,-1.9513811183e-06
54,100,-3.3808449443e-06
54,101,1.2837313609e-06
54,108,-3.1271068337e-06
54,109,3.6860876808e-06
54,110,-1.7184072976e-06
54,111,-4.0136736140e-06
54,112,4.4724399225e-06
54,113,-2.4979083095e-06
55,12,-8.0741243012e-06
55,13,1.3829339468e-05
55,14,-1.7456673757e-05
55,15,-4.5102153554e-06
55,16,7.6642809967e-06
55,17,2.0378971083e-06
55,54,7.2738921584e-07
55,55,3.8130014020e-05
55,56,5.6217165458e-07
55,57,-1.5620405542e-06
55,58,7.2004962692e-06
55,59,2.6000885872e-06
55,66,3.1029371034e-06
55,67,-1.0723286606e-06
55,68,-3.5498254604e-06
55,69,4.8772937313e-06
55,70,-1.5238397418e-06
55,71,5.0359591054e-06
55,96,7.8686360531e-06
55,97,1.3480581814e-05
55,98,1.7024617078e-05
55,99,3.3030709487e-06
55,100,5.7232131659e-06
55,101,-2.2354911510e-06
55,108,-3.5255888653e-06
55,109,3.8278815928e-06
55,110,-1.0730634764e-06
55,111,-4.7909621290e-06
55,112,4.9348205005e-06
55,113,-3.5791568992e-06
56,12,-1.0206692988e-05
56,13,1.7480602850e-05
56,14,-2.2062055213e-05
56,15,-5.7870796330e-06
56,16,9.8344599275e-06
56,17,2.4697771731e-06
56,54,1.9873760648e-05
56,55,5.6217165458e-07
56,56,5.4041917385e-05
56,57,1.3063967782e-05
56,58,2.6542137384e-07
56,59,-1.0994328815e-05
56,66,1.2925194569e-06
56,67,3.9397866688e-06
56,68,1.9369216958e-06
56,69,4.2964191433e-07
56,70,4.5906906067e-06
56,71,-2.6251297744e-06
56,96,-9.9304461648e-06
56,97,-1.7011449426e-05
56,98,-2.1480063327e-05
56,99,-4.0686856883e-06
56,100,-7.0511243383e-06
56,101,2.9157866348e-06
56,108,-1.3245489348e-06
56,109,7.3463282111e-07
56,110,1.4166977810e-06
56,111,-2.3702381768e-06
56,112,1.5983622406e-06
56,113,-3.0040248995e-06
57,12,-2.4284509396e-06
