0,0,3.5110012356e-02
0,1,5.9207185549e-03
0,2,2.5964414499e-02
0,3,1.7837884901e-06
0,4,1.3141948972e-06
0,5,5.0572947651e-03
0,30,-7.4796249471e-03
0,31,1.2793013666e-02
0,32,-1.6097235883e-02
0,33,-1.2528181812e-06
0,34,2.0966595520e-06
0,35,5.5407302863e-03
0,36,-7.3187021832e-03
0,37,-5.1030957457e-03
0,38,1.3409194156e-03
0,39,-8.4133067251e-03
0,40,-4.4308916617e-03
0,41,-3.5284842991e-03
0,60,-4.1924078638e-03
0,61,5.0692049410e-03
0,62,-2.5429611179e-03
0,63,-5.1100730979e-03
0,64,5.8316232935e-03
0,65,-2.6735684088e-03
0,72,-4.1912150215e-03
0,73,5.0684898164e-03
0,74,-2.5440496576e-03
0,75,5.1092669128e-03
0,76,-5.8318101206e-03
0,77,-2.6743308241e-03
0,90,-4.6102499019e-03
0,91,-7.8951362081e-03
0,92,-9.9600848475e-03
0,93,8.5995104087e-07
0,94,1.3758008267e-06
0,95,4.3179572697e-03
0,108,-7.3178124380e-03
0,109,-5.1013301802e-03
0,110,1.3416498334e-03
0,111,8.4142189712e-03
0,112,4.4308283262e-03
0,113,-3.5321959386e-03
1,0,5.9207185549e-03
1,1,5.9636302024e-02
1,2,1.1627239699e-02
1,3,1.3141948972e-06
1,4,7.3220683317e-06
1,5,6.5761381733e-03
1,30,-1.2817038945e-02
1,31,2.1919042539e-02
1,32,-2.7572557554e-02
1,33,-2.1860871198e-06
1,34,3.6594811385e-06
1,35,9.4945610581e-03
1,36,4.2335584100e-03
1,37,9.5101743937e-05
1,38,-5.2298646306e-03
1,39,6.4655895134e-03
1,40,3.9379815106e-04
1,41,6.1509063184e-03
1,60,-4.7266852243e-03
1,61,5.3091008352e-03
1,62,-1.7689790027e-03
1,63,-6.1762969088e-03
1,64,6.5815655085e-03
1,65,-4.1453634484e-03
1,72,-4.7262772451e-03
1,73,5.3097576799e-03
1,74,-1.7715100814e-03
1,75,6.1761497724e-03
1,76,-6.5830315207e-03
1,77,-4.1459275918e-03
1,90,7.8849086771e-03
1,91,1.3501107826e-02
1,92,1.7027213596e-02
1,93,-1.5784203826e-06
1,94,-2.5370114962e-06
1,95,-7.3850006530e-03
1,108,4.2308157721e-03
1,109,9.2162159956e-05
1,110,-5.2294481603e-03
1,111,-6.4627691255e-03
1,112,-3.9043888091e-04
1,113,6.1509016306e-03
2,0,2.5964414499e-02
2,1,1.1627239699e-02
2,2,8.3987587337e-02
2,3,6.0922714001e-06
2,4,2.4725326774e-06
2,5,-3.6250075878e-02
2,30,-1.6190283558e-02
2,31,2.7679998699e-02
2,32,-3.4799039657e-02
2,33,-2.8622853689e-06
2,34,4.7937563404e-06
2,35,1.1993381308e-02
2,36,1.8858590322e-03
2,37,5.0101845259e-03
2,38,4.2997763270e-03
2,39,9.9866990165e-05
2,40,4.5057680629e-03
2,41,-4.7555139112e-03
2,60,-1.8129300889e-03
2,61,1.1682181180e-03
2,62,1.6290776338e-03
2,63,-3.2559665624e-03
2,64,2.5027880389e-03
2,65,-4.0484813302e-03
2,72,-1.8144222568e-03
2,73,1.1709665964e-03
2,74,1.6261361640e-03
2,75,3.2573142541e-03
2,76,-2.5055965477e-03
2,77,-4.0483418968e-03
2,90,-9.9204781463e-03
2,91,-1.6981482232e-02
2,92,-2.1403311433e-02
2,93,2.2621407168e-06
2,94,3.6639643577e-06
2,95,9.2915136574e-03
2,108,1.8878405186e-03
2,109,5.0097978683e-03
2,110,4.2951736330e-03
2,111,-1.0474904433e-04
2,112,-4.5080293210e-03
2,113,-4.7490003053e-03
3,0,1.7837884901e-06
3,1,1.3141948972e-06
3,2,6.0922714001e-06
3,3,4.0073672894e-02
3,4,1.1858232601e-02
3,5,3.1873126234e-06
3,30,-8.6277058007e-07
3,31,1.4341039526e-06
3,32,-1.6978488844e-06
3,33,-2.2755048458e-03
3,34,3.8919818445e-03
3,35,-2.1313760303e-07
3,36,8.6806626721e-03
3,37,7.3969839124e-03
3,38,5.0538270704e-04
3,39,9.2252729475e-03
3,40,6.2751991254e-03
3,41,2.2477342595e-03
3,60,5.5017151382e-03
3,61,-6.9355514570e-03
3,62,4.1028528369e-03
3,63,6.4149654180e-03
3,64,-7.6461946234e-03
3,65,2.7153894789e-03
3,72,-5.5006340299e-03
3,73,6.9349810681e-03
3,74,-4.1040968656e-03
3,75,6.4147505230e-03
3,76,-7.6471473205e-03
3,77,-2.7172873332e-03
3,90,-1.1834408203e-06
3,91,-2.1176085415e-06
3,92,-2.9049825109e-06
3,93,-7.0386093181e-04
3,94,-1.2053745638e-03
3,95,1.4019864357e-06
3,108,-8.6814813575e-03
3,109,-7.3955974883e-03
3,110,-5.0276917556e-04
3,111,9.2293114856e-03
3,112,6.2766026087e-03
3,113,-2.2546568720e-03
4,0,1.3141948972e-06
4,1,7.3220683317e-06
4,2,2.4725326774e-06
4,3,1.1858232601e-02
4,4,3.5000120205e-02
4,5,3.2096138159e-06
4,30,-1.5138699988e-06
4,31,2.5177295078e-06
4,32,-2.9843829024e-06
4,33,-3.8992910088e-03
4,34,6.6683674436e-03
4,35,-3.4966214083e-07
4,36,-3.5215049999e-03
4,37,1.5545454033e-04
4,38,5.1851822450e-03
4,39,-5.5085839123e-03
4,40,-3.8403490163e-04
4,41,-5.3043834338e-03
4,60,5.8624904128e-03
4,61,-6.8749071419e-03
4,62,2.9536938689e-03
4,63,7.3622224208e-03
4,64,-8.1785278495e-03
4,65,4.3029307253e-03
4,72,-5.8628036832e-03
4,73,6.8765074639e-03
4,74,-2.9569201016e-03
4,75,7.3632791372e-03
4,76,-8.1814884968e-03
4,77,-4.3047442529e-03
4,90,1.9225409694e-06
4,91,3.4474264145e-06
4,92,4.7470814287e-06
4,93,1.2038130788e-03
4,94,2.0612553599e-03
4,95,-2.3174297554e-06
4,108,3.5200954045e-03
4,109,-1.5890844746e-04
4,110,-5.1873410023e-03
4,111,-5.5080639193e-03
4,112,-3.8020999470e-04
4,113,5.3072061877e-03
5,0,5.0572947651e-03
5,1,6.5761381733e-03
5,2,-3.6250075878e-02
5,3,3.1873126234e-06
5,4,3.2096138158e-06
5,5,3.6289517654e-02
5,30,6.0687156399e-03
5,31,-1.0379820211e-02
5,32,1.3060754805e-02
5,33,4.2957535248e-07
5,34,-7.0860578792e-07
5,35,-5.1878322922e-03
5,36,-4.1175583985e-03
5,37,-6.4361954354e-03
5,38,-5.0506954329e-03
5,39,-2.7344499366e-03
5,40,-5.0735378682e-03
5,41,3.0753809621e-03
5,60,-3.6505037769e-03
5,61,5.2450182006e-03
5,62,-4.4802125167e-03
5,63,-3.5956207440e-03
5,64,5.0406791325e-03
5,65,-2.0821324271e-05
5,72,-3.6507377365e-03
5,73,5.2453692284e-03
5,74,-4.4807027869e-03
5,75,3.5971366246e-03
5,76,-5.0427335183e-03
5,77,-2.3789484036e-05
5,90,4.4140615630e-03
5,91,7.5591600827e-03
5,92,9.5362350622e-03
5,93,-1.2273678069e-06
5,94,-2.0215298065e-06
5,95,-4.2416678870e-03
5,108,-4.1212720560e-03
5,109,-6.4373214776e-03
5,110,-5.0467988585e-03
5,111,2.7415040606e-03
5,112,5.0777218416e-03
5,113,3.0682376777e-03
6,6,3.8362856988e-02
6,7,-7.9740358994e-03
6,8,4.1125740706e-02
6,9,-1.2676346714e-03
6,10,-1.1369391698e-03
6,11,1.5616866158e-02
6,42,-8.9360101342e-03
6,43,4.3236766997e-03
6,44,2.4984219521e-03
6,45,1.2222042291e-02
6,46,-4.6011565606e-03
6,47,-9.1153059345e-03
6,78,-9.3123243451e-03
6,79,3.8292733838e-03
6,80,2.6300041631e-03
6,81,-1.2853195357e-02
6,82,3.8915284427e-03
6,83,-9.8247093827e-03
6,102,-7.8131467848e-03
6,103,1.3198258287e-02
6,104,-1.6189800019e-02
6,105,7.8094068634e-04
6,106,-1.2575748602e-03
6,107,5.8319190339e-03
7,6,-7.9740358994e-03
7,7,7.6645339262e-02
7,8,-1.7195003623e-02
7,9,-1.1369391698e-03
7,10,-2.4790785260e-03
7,11,-1.9373221376e-02
7,42,3.0049591528e-04
7,43,-6.4603921591e-03
7,44,6.7482992737e-03
7,45,1.3859517388e-03
7,46,7.9224855004e-03
7,47,-5.1891350868e-03
7,78,4.4930674648e-05
7,79,-7.1004056850e-03
7,80,6.4990198240e-03
7,81,-1.7697614804e-03
7,82,-9.0402714362e-03
7,83,-5.6059947468e-03
7,102,-1.3145333253e-02
7,103,2.2200655135e-02
7,104,-2.7219986328e-02
7,105,1.3852177364e-03
7,106,-2.2357954003e-03
7,107,9.7960515675e-03
8,6,4.1125740706e-02
8,7,-1.7195003623e-02
8,8,1.1012612576e-01
8,9,-1.3129736540e-03
8,10,-2.6493028261e-03
8,11,-9.8345833363e-03
8,42,3.0778274082e-04
8,43,3.2592327963e-04
8,44,-5.0630079640e-03
8,45,-5.5608901450e-04
8,46,7.0978052514e-04
8,47,3.6618543701e-04
8,78,3.5492442318e-18
8,79,7.6403167891e-05
8,80,-5.4563647049e-03
8,81,1.9767861586e-05
8,82,-1.1481923351e-03
8,83,-2.9901683958e-04
8,102,-1.5989814537e-02
8,103,2.6991884117e-02
8,104,-3.3061698881e-02
8,105,1.8665039549e-03
8,106,-3.0249097014e-03
8,107,1.1874566386e-02
9,6,-1.2676346714e-03
9,7,-1.1369391698e-03
9,8,-1.3129736540e-03
9,9,5.2826137390e-02
9,10,-2.5371644999e-02
9,11,-2.6088669108e-03
9,42,-1.2392713737e-02
9,43,7.2391259147e-03
9,44,2.1201396993e-03
9,45,1.6595093295e-02
9,46,-7.9093347440e-03
9,47,-1.1556298835e-02
9,78,1.3320362927e-02
9,79,-6.6717790843e-03
9,80,-2.6637530181e-03
9,81,1.8075153582e-02
9,82,-7.0874618949e-03
9,83,1.3096266117e-02
9,102,3.3998548108e-04
9,103,-5.0517648658e-04
9,104,4.4333514985e-04
9,105,-2.8624363285e-03
9,106,4.8257419840e-03
9,107,3.7838554451e-04
10,6,-1.1369391698e-03
10,7,-2.4790785260e-03
10,8,-2.6493028261e-03
10,9,-2.5371644999e-02
10,10,8.2791393892e-02
10,11,-6.3255632788e-04
10,42,2.1204812208e-03
10,43,-9.8256116420e-03
10,44,9.7129371874e-03
10,45,-3.9626405330e-04
10,46,1.1715234563e-02
10,47,-5.4309449357e-03
10,78,-1.6356953956e-03
10,79,1.0808375213e-02
10,80,-9.6698244084e-03
10,81,3.6401850019e-04
10,82,1.3406578862e-02
10,83,6.3107336009e-03
10,102,6.5215334477e-04
10,103,-9.8510337312e-04
10,104,9.1122053347e-04
10,105,-4.8270576423e-03
10,106,8.1355955606e-03
10,107,6.0057239617e-04
11,6,1.5616866158e-02
11,7,-1.9373221376e-02
11,8,-9.8345833363e-03
11,9,-2.6088669108e-03
11,10,-6.3255632788e-04
11,11,4.8470104116e-02
11,42,-9.5983945823e-03
11,43,8.4985348248e-03
11,44,-1.6592082012e-03
11,45,1.2027786643e-02
11,46,-9.6372992310e-03
11,47,-6.4402719937e-03
11,78,-1.1186312031e-02
11,79,8.4200560267e-03
11,80,-5.0639291919e-04
11,81,-1.4447945755e-02
11,82,9.5038319032e-03
11,83,-8.7511829043e-03
11,102,5.1678404550e-03
11,103,-8.7364357981e-03
11,104,1.0733200150e-02
11,105,-2.4132394648e-04
11,106,3.8994315951e-04
11,107,-4.9428442798e-03
12,12,3.5830150904e-02
12,13,2.2122579249e-03
12,14,3.0121336564e-02
12,15,1.0479866152e-02
12,16,-2.8788359202e-03
12,17,2.3512500114e-02
12,18,-7.9733179883e-03
12,19,1.3428910960e-02
12,20,-1.6370431713e-02
12,21,-2.6757631539e-03
12,22,4.6038084482e-03
12,23,2.1140753647e-03
12,54,-6.8319383206e-03
12,55,-1.1571059511e-02
12,56,-1.4270077648e-02
12,57,-3.5232786496e-03
12,58,-6.0172394075e-03
12,59,1.8388231851e-03
12,72,-3.1675743661e-03
12,73,4.2155974189e-03
12,74,-2.9059313969e-03
12,75,-3.9634746574e-03
12,76,5.0822970190e-03
12,77,-2.2655448259e-03
12,108,-8.1619688521e-03
12,109,-4.3714458247e-03
12,110,2.3525552144e-03
12,111,-9.9977407739e-03
12,112,-3.7692303829e-03
12,113,-5.3213785471e-03
13,12,2.2122579249e-03
13,13,6.4035916735e-02
13,14,4.0134031052e-03
13,15,-2.8788359202e-03
13,16,2.5390255271e-02
13,17,4.6154494290e-03
13,18,-1.3456347904e-02
13,19,2.2658444875e-02
13,20,-2.7608337992e-02
13,21,-4.4256680356e-03
13,22,7.6161688824e-03
13,23,3.6355101127e-03
13,54,1.1554174693e-02
13,55,1.9565176684e-02
13,56,2.4119027540e-02
13,57,5.9054425510e-03
13,58,1.0084418090e-02
13,59,-3.1710812166e-03
13,72,-3.9920718757e-03
13,73,5.1272592302e-03
13,74,-3.1098829260e-03
13,75,-5.2204814422e-03
13,76,6.4727949705e-03
13,77,-3.4857268746e-03
13,108,3.6324733374e-03
13,109,-2.1206005703e-03
13,110,-5.9166183578e-03
13,111,6.1823732357e-03
13,112,-2.3750502078e-03
13,113,7.1146508269e-03
14,12,3.0121336564e-02
14,13,4.0134031052e-03
14,14,8.9027813465e-02
14,15,1.6329289321e-02
14,16,-2.0537926515e-03
14,17,-1.5742234610e-02
14,18,-1.6474163162e-02
14,19,2.7726685923e-02
14,20,-3.3749453831e-02
14,21,-5.1883821253e-03
14,22,8.9328036457e-03
14,23,4.6222724824e-03
14,54,-1.4205868023e-02
14,55,-2.4045557529e-02
14,56,-2.9616728096e-02
14,57,-7.1251617210e-03
14,58,-1.2164148115e-02
14,59,4.0547854945e-03
14,72,-2.3252803410e-03
14,73,2.5714653686e-03
14,74,-5.8729847911e-04
14,75,-3.5445566979e-03
14,76,3.9094626292e-03
14,77,-3.4557146906e-03
14,108,2.3468748439e-03
14,109,5.3033893981e-03
14,110,2.1431527315e-03
14,111,1.1502371282e-03
14,112,5.8886336770e-03
14,113,-3.5607985926e-03
15,12,1.0479866152e-02
15,13,-2.8788359202e-03
15,14,1.6329289321e-02
15,15,5.7485646547e-02
15,16,6.3792780038e-03
15,17,3.1564952989e-02
15,18,-3.6496083399e-03
15,19,6.2353954112e-03
15,20,-7.8269126825e-03
15,21,-5.9543912822e-03
15,22,1.0102801864e-02
15,23,-2.5814425744e-03
15,54,-3.7869343400e-03
15,55,-6.4621374690e-03
15,56,-8.0928591306e-03
15,57,-5.2153167378e-03
15,58,-8.8856439175e-03
15,59,-2.7427620042e-03
15,72,4.0077201255e-03
15,73,-5.5197808180e-03
15,74,4.2303817114e-03
15,75,4.7864354928e-03
15,76,-6.3592879581e-03
15,77,2.2277180743e-03
15,108,9.5318870697e-03
15,109,6.8677821415e-03
15,110,-6.3648579494e-04
15,111,1.0923257856e-02
15,112,6.1578847620e-03
15,113,4.1533617058e-03
16,12,-2.8788359202e-03
16,13,2.5390255271e-02
16,14,-2.0537926515e-03
16,15,6.3792780038e-03
16,16,7.2820929384e-02
16,17,-7.0278391136e-03
16,18,-6.0770475342e-03
16,19,1.0382338258e-02
16,20,-1.3031225771e-02
16,21,-9.9801826730e-03
16,22,1.6929559056e-02
16,23,-4.2996871184e-03
16,54,6.3529862330e-03
16,55,1.0839474064e-02
16,56,1.3571011442e-02
16,57,8.7641488397e-03
16,58,1.4929362388e-02
16,59,4.5957828980e-03
16,72,4.8310820144e-03
16,73,-6.4291125226e-03
16,74,4.4210531143e-03
16,75,6.0423593375e-03
16,76,-7.7580386235e-03
16,77,3.4335297429e-03
16,108,-2.3128732458e-03
16,109,2.7253798432e-03
16,110,6.1992770884e-03
16,111,-4.5219031189e-03
16,112,2.5834105115e-03
16,113,-5.9905707993e-03
17,12,2.3512500114e-02
17,13,4.6154494290e-03
17,14,-1.5742234610e-02
17,15,3.1564952989e-02
17,16,-7.0278391136e-03
17,17,7.3221909178e-02
17,18,2.2227842658e-03
17,19,-3.6529882082e-03
17,20,4.2211711280e-03
17,21,-4.0948713366e-03
17,22,6.9470349898e-03
17,23,-7.0274324538e-03
17,54,1.7608156167e-03
17,55,2.9223598703e-03
17,56,3.4507410041e-03
17,57,-3.1354754976e-03
17,58,-5.3490907288e-03
17,59,-6.6945954199e-03
17,72,-2.3750126658e-03
17,73,3.6872116859e-03
17,74,-3.7561638904e-03
17,75,-2.3259155860e-03
17,76,3.5977833164e-03
17,77,9.1871067540e-05
17,108,-4.2546025142e-03
17,109,-6.8815706761e-03
17,110,-4.6663269218e-03
17,111,-3.2464122411e-03
17,112,-6.4049137166e-03
17,113,2.5390581943e-03
18,12,-7.9733179883e-03
18,13,-1.3456347904e-02
18,14,-1.6474163162e-02
18,15,-3.6496083399e-03
18,16,-6.0770475342e-03
18,17,2.2227842658e-03
18,18,3.8315015504e-02
18,19,3.5754748805e-03
18,20,3.6478497639e-02
18,21,5.6456314568e-03
18,22,-7.0088772380e-03
18,23,3.0747103114e-02
18,72,-1.0340345483e-02
18,73,-3.9559659690e-03
18,74,2.8839737465e-03
18,75,-1.4550284343e-02
18,76,-4.1040030948e-03
18,77,-1.1711583456e-02
19,12,1.3428910960e-02
19,13,2.2658444875e-02
19,14,2.7726685923e-02
19,15,6.2353954112e-03
19,16,1.0382338258e-02
19,17,-3.6529882082e-03
19,18,3.5754748805e-03
19,19,7.2270285557e-02
19,20,7.7791698272e-03
19,21,-7.0088772380e-03
19,22,1.1405416049e-02
19,23,9.9362215715e-03
19,72,-3.1211475235e-04
19,73,-8.0355527432e-03
19,74,-6.6849396787e-03
19,75,1.4131976531e-03
19,76,-1.0554302506e-02
19,77,5.4749343705e-03
20,12,-1.6370431713e-02
20,13,-2.7608337992e-02
20,14,-3.3749453831e-02
20,15,-7.8269126825e-03
20,16,-1.3031225771e-02
20,17,4.2211711280e-03
20,18,3.6478497639e-02
20,19,7.7791698272e-03
20,20,1.0204545240e-01
20,21,6.1931117144e-03
20,22,-1.2908383420e-02
20,23,-3.6362640918e-03
20,72,3.3645418955e-04
20,73,-4.0557076844e-04
20,74,-6.6114831428e-03
20,75,5.9846550186e-04
20,76,6.9756066776e-04
20,77,4.4284585545e-04
21,12,-2.6757631539e-03
21,13,-4.4256680356e-03
21,14,-5.1883821253e-03
21,15,-5.9543912822e-03
21,16,-9.9801826730e-03
21,17,-4.0948713366e-03
21,18,5.6456314568e-03
21,19,-7.0088772380e-03
21,20,6.1931117144e-03
21,21,6.6495636888e-02
21,22,1.2513663734e-02
21,23,2.4089067247e-02
21,72,1.4334173097e-02
21,73,7.0398886039e-03
21,74,-2.6667866090e-03
21,75,1.9804823624e-02
21,76,7.7388300174e-03
21,77,1.5085536090e-02
22,12,4.6038084482e-03
22,13,7.6161688824e-03
22,14,8.9328036457e-03
22,15,1.0102801864e-02
22,16,1.6929559056e-02
22,17,6.9470349898e-03
22,18,-7.0088772380e-03
22,19,1.1405416049e-02
22,20,-1.2908383420e-02
22,21,1.2513663734e-02
22,22,9.7349782831e-02
22,23,-1.6704976909e-02
22,72,2.4050687912e-03
22,73,1.1940745961e-02
22,74,9.8220934164e-03
22,75,8.0539659084e-04
22,76,1.5251693760e-02
22,77,-5.3314927725e-03
23,12,2.1140753647e-03
23,13,3.6355101127e-03
23,14,4.6222724824e-03
23,15,-2.5814425744e-03
23,16,-4.2996871184e-03
23,17,-7.0274324538e-03
23,18,3.0747103114e-02
23,19,9.9362215715e-03
23,20,-3.6362640918e-03
23,21,2.4089067247e-02
23,22,-1.6704976909e-02
23,23,8.2072185108e-02
23,72,-1.1087312069e-02
23,73,-9.0648357217e-03
23,74,-1.2676650994e-03
23,75,-1.4468941820e-02
23,76,-1.0704602811e-02
23,77,-9.0074220464e-03
24,24,3.5829468480e-02
24,25,2.2100779847e-03
24,26,3.0113591068e-02
24,27,-1.0481909815e-02
24,28,2.8791419537e-03
24,29,2.3512032336e-02
24,36,-8.1626768481e-03
24,37,-4.3721705845e-03
24,38,2.3532364848e-03
24,39,9.9974328106e-03
24,40,3.7690591089e-03
24,41,-5.3190621949e-03
24,60,-3.1692156779e-03
24,61,4.2174794949e-03
24,62,-2.9066254588e-03
24,63,3.9646230744e-03
24,64,-5.0831827213e-03
24,65,-2.2645057124e-03
24,84,-7.9710491068e-03
24,85,1.3424858402e-02
24,86,-1.6364907036e-02
24,87,2.6767884086e-03
24,88,-4.6055221049e-03
24,89,2.1139897995e-03
24,114,-6.8304647637e-03
24,115,-1.1568749131e-02
24,116,-1.4267698464e-02
24,117,3.5235692233e-03
24,118,6.0177296546e-03
24,119,1.8381690354e-03
25,24,2.2100779847e-03
25,25,6.4028138517e-02
25,26,4.0057158959e-03
25,27,2.8791419537e-03
25,28,-2.5397431924e-02
25,29,4.6132089230e-03
25,36,3.6339191011e-03
25,37,-2.1191447489e-03
25,38,-5.9170004731e-03
25,39,-6.1840869134e-03
25,40,2.3730497780e-03
25,41,7.1150748509e-03
25,60,-3.9936971873e-03
25,61,5.1288421003e-03
25,62,-3.1097977547e-03
25,63,5.2216982723e-03
25,64,-6.4734136616e-03
25,65,-3.4848628290e-03
25,84,-1.3452302694e-02
25,85,2.2651239264e-02
25,86,-2.7598562256e-02
25,87,4.4272655717e-03
25,88,-7.6188354352e-03
25,89,3.6353987809e-03
25,114,1.1551906140e-02
25,115,1.9561651108e-02
25,116,2.4115482485e-02
25,117,-5.9061579666e-03
25,118,-1.0085627810e-02
25,119,-3.1699279700e-03
26,24,3.0113591068e-02
26,25,4.0057158959e-03
26,26,8.9013864352e-02
26,27,-1.6334953770e-02
26,28,2.0557398640e-03
26,29,-1.5743385055e-02
26,36,2.3470409874e-03
26,37,5.3043119046e-03
26,38,2.1449311872e-03
26,39,-1.1491021898e-03
26,40,-5.8883153682e-03
26,41,-3.5638398432e-03
26,60,-2.3253861003e-03
26,61,2.5708808482e-03
26,62,-5.8543119109e-04
26,63,3.5448671197e-03
26,64,-3.9089062897e-03
26,65,-3.4561548445e-03
26,84,-1.6468663740e-02
26,85,2.7716937562e-02
26,86,-3.3736342983e-02
26,87,5.1900062479e-03
26,88,-8.9355048643e-03
26,89,4.6222157784e-03
26,114,-1.4203646133e-02
26,115,-2.4042191449e-02
26,116,-2.9613583324e-02
26,117,7.1266074792e-03
26,118,1.2166597190e-02
26,119,4.0532529789e-03
27,24,-1.0481909815e-02
27,25,2.8791419537e-03
27,26,-1.6334953770e-02
27,27,5.7484550125e-02
27,28,6.3750753373e-03
27,29,-3.1569788623e-02
27,36,-9.5313082842e-03
27,37,-6.8683910212e-03
27,38,6.3609207800e-04
27,39,1.0920657163e-02
27,40,6.1571030341e-03
27,41,-4.1485601983e-03
27,60,-4.0089469433e-03
27,61,5.5212840479e-03
27,62,-4.2311932554e-03
27,63,4.7864341594e-03
27,64,-6.3588098507e-03
27,65,-2.2248475455e-03
27,84,3.6507149457e-03
27,85,-6.2372075471e-03
27,86,7.8289865405e-03
27,87,-5.9524777779e-03
27,88,1.0099500204e-02
27,89,2.5809531610e-03
27,114,3.7873038370e-03
27,115,6.4627707420e-03
27,116,8.0936603171e-03
27,117,-5.2144927884e-03
27,118,-8.8843027961e-03
27,119,2.7420851663e-03
28,24,2.8791419537e-03
28,25,-2.5397431924e-02
28,26,2.0557398640e-03
28,27,6.3750753373e-03
28,28,7.2811790622e-02
28,29,7.0279911405e-03
28,36,2.3133763065e-03
28,37,-2.7232225890e-03
28,38,-6.1978485368e-03
28,39,-4.5220963972e-03
28,40,2.5803911464e-03
28,41,5.9891970478e-03
28,60,-4.8317568961e-03
28,61,6.4296401870e-03
28,62,-4.4206849460e-03
28,63,6.0417118490e-03
28,64,-7.7564457824e-03
28,65,-3.4302893724e-03
28,84,6.0787653837e-03
28,85,-1.0385141902e-02
28,86,1.3034409072e-02
28,87,-9.9767046191e-03
28,88,1.6923565254e-02
28,89,4.2987362520e-03
28,114,-6.3538414189e-03
28,115,-1.0840936372e-02
28,116,-1.3572852256e-02
28,117,8.7630240049e-03
28,118,1.4927552841e-02
28,119,-4.5947987384e-03
29,24,2.3512032336e-02
29,25,4.6132089230e-03
29,26,-1.5743385055e-02
29,27,-3.1569788623e-02
29,28,7.0279911405e-03
29,29,7.3222961037e-02
29,36,-4.2518866288e-03
29,37,-6.8809629912e-03
29,38,-4.6682850937e-03
29,39,3.2414067487e-03
29,40,6.4027694176e-03
29,41,2.5444744369e-03
29,60,-2.3741308448e-03
29,61,3.6864153789e-03
29,62,-3.7564550266e-03
29,63,2.3231642630e-03
29,64,-3.5944045304e-03
29,65,9.6411757305e-05
29,84,2.2219946279e-03
29,85,-3.6514849232e-03
29,86,4.2189026998e-03
29,87,4.0943064042e-03
29,88,-6.9460168436e-03
29,89,-7.0266612074e-03
29,114,1.7600049188e-03
29,115,2.9211339652e-03
29,116,3.4496017667e-03
29,117,3.1349098555e-03
29,118,5.3481576770e-03
29,119,-6.6936898857e-03
30,0,-7.4796249471e-03
30,1,-1.2817038945e-02
30,2,-1.6190283558e-02
30,3,-8.6277058007e-07
30,4,-1.5138699988e-06
30,5,6.0687156399e-03
30,30,3.8333852891e-02
30,31,9.0687861916e-03
30,32,4.2729823138e-02
30,33,1.8069974908e-06
30,34,-2.9349028212e-06
30,35,1.2402644848e-02
30,60,-8.9893273344e-03
30,61,-4.4637365896e-03
30,62,2.4968624006e-03
30,63,-1.1880030629e-02
30,64,-4.4227879927e-03
30,65,-8.0385059545e-03
30,72,-8.9886309462e-03
30,73,-4.4621643172e-03
30,74,2.4968952488e-03
30,75,1.1880860385e-02
30,76,4.4222480027e-03
30,77,-8.0425322227e-03
31,0,1.2793013666e-02
31,1,2.1919042539e-02
31,2,2.7679998699e-02
31,3,1.4341039526e-06
31,4,2.5177295078e-06
31,5,-1.0379820211e-02
31,30,9.0687861916e-03
31,31,7.8079254714e-02
31,32,1.8147960189e-02
31,33,-2.9349028212e-06
31,34,3.9625643587e-06
31,35,2.1051462417e-02
31,60,-5.8433571867e-05
31,61,-6.4174987463e-03
31,62,-7.0771667833e-03
31,63,1.9990595317e-03
31,64,-7.4405878595e-03
31,65,6.0834039299e-03
31,72,-5.8571849448e-05
31,73,-6.4177108954e-03
31,74,-7.0753458838e-03
31,75,-1.9976701110e-03
31,76,7.4429753204e-03
31,77,6.0806212253e-03
32,0,-1.6097235883e-02
32,1,-2.7572557554e-02
32,2,-3.4799039657e-02
32,3,-1.6978488844e-06
32,4,-2.9843829024e-06
32,5,1.3060754805e-02
32,30,4.2729823138e-02
32,31,1.8147960189e-02
32,32,1.1492609664e-01
32,33,2.2848173876e-06
32,34,-4.8884670626e-06
32,35,-1.0967346188e-02
32,60,1.1458271831e-14
32,61,-9.2853789837e-05
32,62,-4.6438048618e-03
32,63,3.0187899851e-05
32,64,1.2115686719e-03
32,65,-3.8993706777e-04
32,72,2.1093902007e-07
32,73,-9.2978236526e-05
32,74,-4.6446562126e-03
32,75,-3.0523048461e-05
32,76,-1.2107490998e-03
32,77,-3.8905418680e-04
33,0,-1.2528181812e-06
33,1,-2.1860871198e-06
33,2,-2.8622853689e-06
33,3,-2.2755048458e-03
33,4,-3.8992910088e-03
33,5,4.2957535248e-07
33,30,1.8069974908e-06
33,31,-2.9349028212e-06
33,32,2.2848173876e-06
33,33,4.9887520269e-02
33,34,2.7968261332e-02
33,35,5.2427041391e-06
33,60,1.2222355218e-02
33,61,7.4077408734e-03
33,62,-1.9085502882e-03
33,63,1.5716512737e-02
33,64,7.5659201635e-03
33,65,9.6405474313e-03
33,72,-1.2222909398e-02
33,73,-7.4057761529e-03
33,74,1.9100554012e-03
33,75,1.5720071737e-02
33,76,7.5657101909e-03
33,77,-9.6484954822e-03
34,0,2.0966595520e-06
34,1,3.6594811385e-06
34,2,4.7937563404e-06
34,3,3.8919818445e-03
34,4,6.6683674436e-03
34,5,-7.0860578792e-07
34,30,-2.9349028212e-06
34,31,3.9625643587e-06
34,32,-4.8884670626e-06
34,33,2.7968261332e-02
34,34,8.0353272840e-02
34,35,-2.4783506051e-06
34,60,1.9642041628e-03
34,61,9.6701633606e-03
34,62,9.9592114069e-03
34,63,-2.3001246507e-04
34,64,1.0806081357e-02
34,65,-6.5039150476e-03
34,72,-1.9633659195e-03
34,73,-9.6707695673e-03
34,74,-9.9578966967e-03
34,75,-2.2946338533e-04
34,76,1.0810271369e-02
34,77,6.5012494740e-03
35,0,5.5407302863e-03
35,1,9.4945610581e-03
35,2,1.1993381308e-02
35,3,-2.1313760303e-07
35,4,-3.4966214083e-07
35,5,-5.1878322922e-03
35,30,1.2402644848e-02
35,31,2.1051462417e-02
35,32,-1.0967346188e-02
35,33,5.2427041391e-06
35,34,-2.4783506051e-06
35,35,4.4598479600e-02
35,60,-8.9699569677e-03
35,61,-8.5238610460e-03
35,62,-2.2264692207e-03
35,63,-1.0528268653e-02
35,64,-9.0749224042e-03
35,65,-4.1234425840e-03
35,72,-8.9734181666e-03
35,73,-8.5231155671e-03
35,74,-2.2225092473e-03
35,75,1.0535785730e-02
35,76,9.0764363818e-03
35,77,-4.1340936955e-03
36,0,-7.3187021832e-03
36,1,4.2335584100e-03
36,2,1.8858590322e-03
36,3,8.6806626721e-03
36,4,-3.5215049999e-03
36,5,-4.1175583985e-03
36,24,-8.1626768481e-03
36,25,3.6339191011e-03
36,26,2.3470409874e-03
36,27,-9.5313082842e-03
36,28,2.3133763065e-03
36,29,-4.2518866288e-03
36,36,3.4358240776e-02
36,37,-3.2759418979e-03
36,38,1.8915580418e-02
36,39,-1.0302943893e-03
36,40,7.3890470362e-04
36,41,7.3257938454e-03
36,60,-3.8969737274e-03
36,61,6.6352808642e-03
36,62,-8.2726551135e-03
36,63,1.2705032614e-04
36,64,-2.2542064748e-04
36,65,3.5226716824e-03
36,90,-5.5714999546e-03
36,91,-5.6456711944e-03
36,92,-1.2028749627e-03
36,93,6.7263367732e-03
36,94,6.1368085124e-03
36,95,-3.4046717750e-03
36,102,-5.0885381664e-03
36,103,-8.6951328264e-03
36,104,-1.0919891595e-02
36,105,3.8338924989e-04
36,106,6.5307948683e-04
36,107,4.6209195719e-03
36,114,-4.3198498964e-03
36,115,-4.8110253786e-03
36,116,-1.6805393764e-03
36,117,-5.2156665473e-03
36,118,-5.3858690097e-03
36,119,-2.6385289772e-03
37,0,-5.1030957457e-03
37,1,9.5101743937e-05
37,2,5.0101845259e-03
37,3,7.3969839124e-03
37,4,1.5545454033e-04
37,5,-6.4361954354e-03
37,24,-4.3721705845e-03
37,25,-2.1191447489e-03
37,26,5.3043119046e-03
37,27,-6.8683910212e-03
37,28,-2.7232225890e-03
37,29,-6.8809629912e-03
37,36,-3.2759418979e-03
37,37,5.2349579494e-02
37,38,-5.7537870571e-03
37,39,7.3890470362e-04
37,40,-3.1961714934e-03
37,41,-5.6945012923e-03
37,60,-6.6266792616e-03
37,61,1.1281266442e-02
37,62,-1.4060392963e-02
37,63,2.0629655288e-04
37,64,-3.6666351592e-04
37,65,5.9909012768e-03
37,90,5.6350379096e-03
37,91,4.7829506833e-03
37,92,-8.8409466579e-04
37,93,-7.4803381690e-03
37,94,-5.7738206500e-03
37,95,5.2718784463e-03
37,102,8.7085337976e-03
37,103,1.4878746672e-02
37,104,1.8680120160e-02
37,105,-6.5794252944e-04
37,106,-1.1206135854e-03
37,107,-7.9079456108e-03
37,114,5.0343157826e-03
37,115,5.1527720175e-03
37,116,8.2797093799e-04
37,117,6.4886928787e-03
37,118,6.1856014228e-03
37,119,4.1828928595e-03
38,0,1.3409194156e-03
38,1,-5.2298646306e-03
38,2,4.2997763270e-03
38,3,5.0538270704e-04
38,4,5.1851822450e-03
38,5,-5.0506954329e-03
38,24,2.3532364848e-03
38,25,-5.9170004731e-03
38,26,2.1449311872e-03
38,27,6.3609207800e-04
38,28,-6.1978485368e-03
38,29,-4.6682850937e-03
38,36,1.8915580418e-02
38,37,-5.7537870571e-03
38,38,6.9714366023e-02
38,39,-2.3877983937e-03
38,40,7.9298004084e-04
38,41,-3.4449419758e-02
38,60,-8.2396716768e-03
38,61,1.4022495941e-02
38,62,-1.7464607241e-02
38,63,2.3156582157e-04
38,64,-4.1329631621e-04
38,65,7.4509339679e-03
38,90,-1.1764981950e-03
38,91,9.0457037075e-04
38,92,4.3422270643e-03
38,93,2.9520897806e-03
38,94,2.1581482859e-04
38,95,-4.9360585521e-03
38,102,-1.0971703380e-02
38,103,-1.8739895411e-02
38,104,-2.3513293021e-02
38,105,8.3357297008e-04
38,106,1.4193560077e-03
38,107,9.9622755771e-03
38,114,-2.2218630659e-03
38,115,-1.2915101739e-03
38,116,2.0337457692e-03
38,117,-3.7520596094e-03
38,118,-2.4942595484e-03
38,119,-4.2831592045e-03
39,0,-8.4133067251e-03
39,1,6.4655895134e-03
39,2,9.9866990165e-05
39,3,9.2252729475e-03
39,4,-5.5085839123e-03
39,5,-2.7344499366e-03
39,24,9.9974328106e-03
39,25,-6.1840869134e-03
39,26,-1.1491021898e-03
39,27,1.0920657163e-02
39,28,-4.5220963972e-03
39,29,3.2414067487e-03
39,36,-1.0302943893e-03
39,37,7.3890470362e-04
39,38,-2.3877983937e-03
39,39,4.1423411891e-02
39,40,-8.4162993236e-03
39,41,-1.6106070489e-03
39,60,2.9324071414e-04
39,61,-5.0720653362e-04
39,62,6.5262927022e-04
39,63,-6.5714659858e-04
39,64,1.1198496528e-03
39,65,-2.1786544746e-04
39,90,-6.7153717478e-03
39,91,-7.4853625152e-03
39,92,-2.9919296134e-03
39,93,7.6085914845e-03
39,94,7.7130431514e-03
39,95,-2.7573677410e-03
39,102,3.5804295906e-04
39,103,6.0970243004e-04
39,104,7.6029016555e-04
39,105,-9.8525904735e-04
39,106,-1.6832766562e-03
39,107,-1.6369471890e-04
39,114,5.5102563785e-03
39,115,6.5037329783e-03
39,116,3.0574452142e-03
39,117,6.3194745543e-03
39,118,6.9417009327e-03
39,119,2.4653610827e-03
40,0,-4.4308916617e-03
40,1,3.9379815106e-04
40,2,4.5057680629e-03
40,3,6.2751991254e-03
40,4,-3.8403490163e-04
40,5,-5.0735378682e-03
40,24,3.7690591089e-03
40,25,2.3730497780e-03
40,26,-5.8883153682e-03
40,27,6.1571030341e-03
40,28,2.5803911464e-03
40,29,6.4027694176e-03
40,36,7.3890470362e-04
40,37,-3.1961714934e-03
40,38,7.9298004084e-04
40,39,-8.4162993236e-03
40,40,3.1307719611e-02
40,41,2.7745749805e-03
40,60,4.9011278295e-04
40,61,-8.4782119107e-04
40,62,1.0911234156e-03
40,63,-1.1164450175e-03
40,64,1.9022236411e-03
40,65,-3.6425826739e-04
40,90,6.1110935539e-03
40,91,5.7633431148e-03
40,92,2.4574066048e-04
40,93,-7.6897129085e-03
40,94,-6.5954604560e-03
40,95,4.5222678263e-03
40,102,-6.1463014817e-04
40,103,-1.0465003103e-03
40,104,-1.3046102753e-03
40,105,1.6864427568e-03
40,106,2.8808106741e-03
40,107,2.8152410216e-04
40,114,-6.0636483394e-03
40,115,-6.6016743323e-03
40,116,-1.9472723392e-03
40,117,-7.4559585178e-03
40,118,-7.5553149691e-03
40,119,-4.0394256502e-03
41,0,-3.5284842991e-03
41,1,6.1509063184e-03
41,2,-4.7555139112e-03
41,3,2.2477342595e-03
41,4,-5.3043834338e-03
41,5,3.0753809621e-03
41,24,-5.3190621949e-03
41,25,7.1150748509e-03
41,26,-3.5638398432e-03
41,27,-4.1485601983e-03
41,28,5.9891970478e-03
41,29,2.5444744369e-03
41,36,7.3257938454e-03
41,37,-5.6945012923e-03
41,38,-3.4449419758e-02
41,39,-1.6106070489e-03
41,40,2.7745749805e-03
41,41,3.5784396832e-02
41,60,3.7004316036e-03
41,61,-6.2993020379e-03
41,62,7.8503424896e-03
41,63,-1.1679505276e-05
41,64,2.7306103120e-05
41,65,-3.4605646410e-03
41,90,-3.3792640402e-03
41,91,-5.2585383906e-03
41,92,-4.9686828142e-03
41,93,2.7355888573e-03
41,94,4.5201176407e-03
41,95,1.5187665296e-03
41,102,4.5529372819e-03
41,103,7.7802469856e-03
41,104,9.7717714108e-03
41,105,-1.9226307189e-04
41,106,-3.2708420841e-04
41,107,-4.3404051726e-03
41,114,-3.3523521967e-03
41,115,-4.7801463938e-03
41,116,-3.9415932036e-03
41,117,-3.0964313082e-03
41,118,-4.3586919188e-03
41,119,4.9438032269e-04
42,6,-8.9360101342e-03
42,7,3.0049591528e-04
42,8,3.0778274082e-04
42,9,-1.2392713737e-02
42,10,2.1204812208e-03
42,11,-9.5983945823e-03
42,42,3.4721300370e-02
42,43,-7.9419753815e-04
42,44,1.8844763712e-02
42,45,3.6800542672e-07
42,46,-2.2732548583e-07
42,47,1.6294141099e-02
42,48,-8.9365052979e-03
42,49,3.0138903622e-04
42,50,3.0886063772e-04
42,51,1.2393503001e-02
42,52,-2.1216598308e-03
42,53,-9.5992187083e-03
42,66,-4.0363492450e-03
42,67,4.5982048548e-03
42,68,-1.8437968176e-03
42,69,5.2476751743e-03
42,70,-5.6480585774e-03
42,71,-3.3857928587e-03
42,90,-3.7465013654e-03
42,91,6.4078825397e-03
42,92,-8.0627654823e-03
42,93,-3.1678007271e-07
42,94,5.1317427213e-07
42,95,3.6320855362e-03
42,102,-4.0361356281e-03
42,103,4.5976950423e-03
42,104,-1.8431377119e-03
42,105,-5.2477679668e-03
42,106,5.6478686491e-03
42,107,-3.3865727107e-03
43,6,4.3236766997e-03
43,7,-6.4603921591e-03
43,8,3.2592327963e-04
43,9,7.2391259147e-03
43,10,-9.8256116420e-03
43,11,8.4985348248e-03
43,42,-7.9419753815e-04
43,43,5.2561044416e-02
43,44,-2.8634727108e-03
43,45,-2.2732548583e-07
43,46,3.9945905059e-07
43,47,4.0396111915e-03
43,48,4.3233996424e-03
43,49,-6.4610845121e-03
43,50,3.2682546444e-04
43,51,-7.2388757035e-03
43,52,9.8266415181e-03
43,53,8.4986722592e-03
43,66,-4.9679064639e-03
43,67,5.2796293355e-03
43,68,-1.3018149475e-03
43,69,6.7370853334e-03
43,70,-6.7748134223e-03
43,71,-4.9762188842e-03
43,90,-6.4117651371e-03
43,91,1.0964782619e-02
43,92,-1.3792146475e-02
43,93,-5.6931344130e-07
43,94,9.2458397719e-07
43,95,6.2159537994e-03
43,102,-4.9672774306e-03
43,103,5.2785424400e-03
43,104,-1.3007846942e-03
43,105,-6.7366616393e-03
43,106,6.7738885321e-03
43,107,-4.9767487431e-03
44,6,2.4984219521e-03
44,7,6.7482992737e-03
44,8,-5.0630079640e-03
44,9,2.1201396993e-03
44,10,9.7129371874e-03
44,11,-1.6592082012e-03
44,42,1.8844763712e-02
44,43,-2.8634727108e-03
44,44,6.8399569320e-02
44,45,3.3475309519e-08
44,46,-8.3421238268e-07
44,47,-2.9884188549e-02
44,48,2.4986366133e-03
44,49,6.7475309877e-03
44,50,-5.0649164363e-03
44,51,-2.1205354417e-03
44,52,-9.7121262672e-03
44,53,-1.6587292086e-03
44,66,-2.6808428054e-03
44,67,2.0087152693e-03
44,68,1.4022188855e-03
44,69,4.2512511130e-03
44,70,-3.2413048099e-03
44,71,-4.4943384182e-03
44,90,-8.0778021032e-03
44,91,1.3809508914e-02
44,92,-1.7358983540e-02
44,93,-7.8700149097e-07
44,94,1.2837370720e-06
44,95,7.8311110147e-03
44,102,-2.6797284477e-03
44,103,2.0072293345e-03
44,104,1.4030372914e-03
44,105,-4.2498215961e-03
44,106,3.2393630340e-03
44,107,-4.4935309352e-03
45,6,1.2222042291e-02
45,7,1.3859517388e-03
45,8,-5.5608901450e-04
45,9,1.6595093295e-02
45,10,-3.9626405330e-04
45,11,1.2027786643e-02
45,42,3.6800542672e-07
45,43,-2.2732548583e-07
45,44,3.3475309519e-08
45,45,4.9975126217e-02
45,46,2.8343156083e-03
45,47,6.6930465776e-07
45,48,-1.2222873674e-02
45,49,-1.3846328496e-03
45,50,5.5795574643e-04
45,51,1.6596396208e-02
45,52,-3.9798535971e-04
45,53,-1.2029100224e-02
45,66,-4.9250913205e-03
45,67,6.0006961348e-03
45,68,-3.2433049539e-03
45,69,6.1156194779e-03
45,70,-7.0712203043e-03
45,71,-3.2954522692e-03
45,90,3.9052862956e-07
45,91,-7.0077028348e-07
45,92,9.6598082807e-07
45,93,-5.7260542798e-04
45,94,9.7936393640e-04
45,95,-4.8686323012e-07
45,102,4.9252504797e-03
45,103,-6.0004957662e-03
45,104,3.2424908807e-03
45,105,6.1164161910e-03
45,106,-7.0717141070e-03
45,107,3.2970972610e-03
46,6,-4.6011565606e-03
46,7,7.9224855004e-03
46,8,7.0978052514e-04
46,9,-7.9093347440e-03
46,10,1.1715234563e-02
46,11,-9.6372992310e-03
46,42,-2.2732548583e-07
46,43,3.9945905059e-07
46,44,-8.3421238268e-07
46,45,2.8343156083e-03
46,46,4.3470167088e-02
46,47,1.6617778307e-07
46,48,4.6007816552e-03
46,49,-7.9235612512e-03
46,50,-7.0849100702e-04
46,51,-7.9090296768e-03
46,52,1.1716827710e-02
46,53,9.6375894228e-03
46,66,-5.7310347781e-03
46,67,6.5453970166e-03
46,68,-2.6273072660e-03
46,69,7.4366306507e-03
46,70,-8.0462739929e-03
46,71,-4.7479995651e-03
46,90,6.3699096136e-07
46,91,-1.1454851437e-06
46,92,1.5849744173e-06
46,93,-9.7995734200e-04
46,94,1.6758285748e-03
46,95,-8.0652144404e-07
46,102,5.7308542614e-03
46,103,-6.5446168808e-03
46,104,2.6259248525e-03
46,105,7.4370709739e-03
46,106,-8.0460864311e-03
46,107,4.7496513668e-03
47,6,-9.1153059345e-03
47,7,-5.1891350868e-03
47,8,3.6618543701e-04
47,9,-1.1556298835e-02
47,10,-5.4309449357e-03
47,11,-6.4402719937e-03
47,42,1.6294141099e-02
47,43,4.0396111915e-03
47,44,-2.9884188549e-02
47,45,6.6930465776e-07
47,46,1.6617778307e-07
47,47,4.2821866071e-02
47,48,-9.1162419733e-03
47,49,-5.1879970081e-03
47,50,3.6854605568e-04
47,51,1.1557717426e-02
47,52,5.4295231673e-03
47,53,-6.4415952933e-03
47,66,-2.5862857177e-03
47,67,4.0104665811e-03
47,68,-3.9296777525e-03
47,69,2.5779806012e-03
47,70,-4.0840110107e-03
47,71,9.0555338631e-05
47,90,3.4524169371e-03
47,91,-5.9048909969e-03
47,92,7.4298726427e-03
47,93,4.2537920819e-07
47,94,-7.0564194730e-07
47,95,-3.4344977585e-03
47,102,-2.5871355028e-03
47,103,4.0112003358e-03
47,104,-3.9293781995e-03
47,105,-2.5796316417e-03
47,106,4.0857027036e-03
47,107,8.8509763253e-05
48,42,-8.9365052979e-03
48,43,4.3233996424e-03
48,44,2.4986366133e-03
48,45,-1.2222873674e-02
48,46,4.6007816552e-03
48,47,-9.1162419733e-03
48,48,3.8361410382e-02
48,49,-7.9766521651e-03
48,50,4.1114580034e-02
48,51,1.2663260869e-03
48,52,1.1349963341e-03
48,53,1.5615733710e-02
48,66,-7.8111240066e-03
48,67,1.3194157232e-02
48,68,-1.6183036446e-02
48,69,-7.8118055533e-04
48,70,1.2577137446e-03
48,71,5.8310417930e-03
48,96,-9.3138713884e-03
48,97,3.8300346774e-03
48,98,2.6304561866e-03
48,99,1.2853545520e-02
48,100,-3.8908449300e-03
48,101,-9.8212860017e-03
49,42,3.0138903622e-04
49,43,-6.4610845121e-03
49,44,6.7475309877e-03
49,45,-1.3846328496e-03
49,46,-7.9235612512e-03
49,47,-5.1879970081e-03
49,48,-7.9766521651e-03
49,49,7.6633615393e-02
49,50,-1.7205296198e-02
49,51,1.1349963341e-03
49,52,2.4769714559e-03
49,53,-1.9375862022e-02
49,66,-1.3141152006e-02
49,67,2.2192429651e-02
49,68,-2.7206952733e-02
49,69,-1.3857698579e-03
49,70,2.2362784756e-03
49,71,9.7939352191e-03
49,96,4.4948338255e-05
49,97,-7.1015136208e-03
49,98,6.5002390592e-03
49,99,1.7710803751e-03
49,100,9.0398597544e-03
49,101,-5.6093340460e-03
50,42,3.0886063772e-04
50,43,3.2682546444e-04
50,44,-5.0649164363e-03
50,45,5.5795574643e-04
50,46,-7.0849100702e-04
50,47,3.6854605568e-04
50,48,4.1114580034e-02
50,49,-1.7205296198e-02
50,50,1.1009837439e-01
50,51,1.3121866981e-03
50,52,2.6474661473e-03
50,53,-9.8317020205e-03
50,66,-1.5982764056e-02
50,67,2.6978532436e-02
50,68,-3.3041671735e-02
50,69,-1.8675393878e-03
50,70,3.0261076434e-03
50,71,1.1870373030e-02
50,96,5.7696902811e-18
50,97,7.6432378594e-05
50,98,-5.4571725430e-03
50,99,-1.9786752830e-05
50,100,1.1490689398e-03
50,101,-2.9943205729e-04
51,42,1.2393503001e-02
51,43,-7.2388757035e-03
51,44,-2.1205354417e-03
51,45,1.6596396208e-02
51,46,-7.9090296768e-03
51,47,1.1557717426e-02
51,48,1.2663260869e-03
51,49,1.1349963341e-03
51,50,1.3121866981e-03
51,51,5.2823698479e-02
51,52,-2.5376665500e-02
51,53,2.6030872862e-03
51,66,-3.3864355021e-04
51,67,5.0265763743e-04
51,68,-4.3961670487e-04
51,69,-2.8608679726e-03
51,70,4.8228172647e-03
51,71,-3.7939267592e-04
51,96,-1.3321185538e-02
51,97,6.6730940108e-03
51,98,2.6632375855e-03
51,99,1.8073352004e-02
51,100,-7.0866133312e-03
51,101,-1.3088851806e-02
52,42,-2.1216598308e-03
52,43,9.8266415181e-03
52,44,-9.7121262672e-03
52,45,-3.9798535971e-04
52,46,1.1716827710e-02
52,47,5.4295231673e-03
52,48,1.1349963341e-03
52,49,2.4769714559e-03
52,50,2.6474661473e-03
52,51,-2.5376665500e-02
52,52,8.2780966964e-02
52,53,6.2892392497e-04
52,66,-6.5011665558e-04
52,67,9.8123909478e-04
52,68,-9.0542362726e-04
52,69,-4.8241623772e-03
52,70,8.1302343993e-03
52,71,-6.0209974498e-04
52,96,1.6367801521e-03
52,97,-1.0809364677e-02
52,98,9.6708330977e-03
52,99,3.6447264995e-04
52,100,1.3404635343e-02
52,101,-6.3143092437e-03
53,42,-9.5992187083e-03
53,43,8.4986722592e-03
53,44,-1.6587292086e-03
53,45,-1.2029100224e-02
53,46,9.6375894228e-03
53,47,-6.4415952933e-03
53,48,1.5615733710e-02
53,49,-1.9375862022e-02
53,50,-9.8317020205e-03
53,51,2.6030872862e-03
53,52,6.2892392497e-04
53,53,4.8463979497e-02
53,66,5.1675127023e-03
53,67,-8.7354263098e-03
53,68,1.0730801657e-02
53,69,2.4273980726e-04
53,70,-3.9224101499e-04
53,71,-4.9420072879e-03
53,96,-1.1184027704e-02
53,97,8.4214194049e-03
53,98,-5.0929298902e-04
53,99,1.4441525330e-02
53,100,-9.5029810071e-03
53,101,-8.7396828587e-03
54,12,-6.8319383206e-03
54,13,1.1554174693e-02
54,14,-1.4205868023e-02
54,15,-3.7869343400e-03
54,16,6.3529862330e-03
54,17,1.7608156167e-03
54,54,3.5702136790e-02
54,55,1.6013973832e-03
54,56,2.6956248382e-02
54,57,1.1543085446e-02
54,58,-1.3050647153e-03
54,59,2.6412167224e-02
54,66,-7.4087257348e-03
54,67,-3.4314315495e-03
54,68,2.1465775540e-03
54,69,-9.3661618153e-03
54,70,-2.9130764447e-03
54,71,-5.5361057504e-03
54,96,-6.3303372888e-03
54,97,-1.0714559902e-02
54,98,-1.3196011593e-02
54,99,-2.6900901417e-03
54,100,-4.6049991519e-03
54,101,1.7673445868e-03
54,108,-4.3183062515e-03
54,109,5.0328729832e-03
54,110,-2.2218466188e-03
54,111,-5.5087795045e-03
54,112,6.0626555920e-03
54,113,-3.3523916272e-03
55,12,-1.1571059511e-02
55,13,1.9565176684e-02
55,14,-2.4045557529e-02
55,15,-6.4621374690e-03
55,16,1.0839474064e-02
55,17,2.9223598703e-03
55,54,1.6013973832e-03
55,55,6.0959814064e-02
55,56,2.3929612470e-03
55,57,-1.3050647153e-03
55,58,2.7334238813e-02
55,59,3.7981733889e-03
55,66,4.2835772887e-03
55,67,-1.5714816579e-03
55,68,-4.9233717733e-03
55,69,6.7130558112e-03
55,70,-2.2095163583e-03
55,71,6.8693405475e-03
55,96,1.0705838185e-02
55,97,1.8116838384e-02
55,98,2.2303366069e-02
55,99,4.4958980843e-03
55,100,7.6957632769e-03
55,101,-3.0398290246e-03
55,108,-4.8096527715e-03
55,109,5.1519109779e-03
55,110,-1.2924774915e-03
55,111,-6.5022149645e-03
55,112,6.6011024617e-03
55,113,-4.7796534397e-03
56,12,-1.4270077648e-02
56,13,2.4119027540e-02
56,14,-2.9616728096e-02
56,15,-8.0928591306e-03
56,16,1.3571011442e-02
56,17,3.4507410041e-03
56,54,2.6956248382e-02
56,55,2.3929612470e-03
56,56,8.3535972381e-02
56,57,1.7332856887e-02
56,58,1.8380286585e-03
56,59,-1.5569193119e-02
56,66,1.8920831104e-03
56,67,5.4730344447e-03
56,68,2.5053131818e-03
56,69,7.1422731752e-04
56,70,6.3348871482e-03
56,71,-3.5559360420e-03
56,96,-1.3162859515e-02
56,97,-2.2265441233e-02
56,98,-2.7386653400e-02
56,99,-5.3910031331e-03
56,100,-9.2266856605e-03
56,101,3.8669374802e-03
56,108,-1.6805473279e-03
56,109,8.2888887242e-04
56,110,2.0316956817e-03
56,111,-3.0569274639e-03
56,112,1.9478741100e-03
56,113,-3.9402192839e-03
57,12,-3.5232786496e-03
57,13,5.9054425510e-03
