0.00877750308889412,0.00148017963872247,4.45947122524409e-07,0,0,0,0,0,0,0,0,0,0,0,0,-0.00186990623678027,0.00315776860395723,-3.11642866043786e-07,-0.00182967554580826,-0.00125743079097235,-0.00199373552861976,0,0,0,0,0,0,0,0,0,-0.00104810196595885,0.00125421776993319,-0.00121270523826402,0,0,0,-0.00104780375537973,0.00125404104214831,0.00121252650829271,0,0,0,0,0,0,-0.00115256247546663,-0.00195137536016687,2.05382531377561e-07,0,0,0,0,0,0,-0.00182945310950038,-0.00125699706246807,0.00199395162780819,0,0,0,0,0,0,0,0,0,0,0,0,0,0,0,0,0,0,0,0,-6.28828281890145e-05,0,0,3.58707192948127e-05,0,0,0,0,0,0,0,0,0,0,0,-3.15205839977394e-05,0,0,0,0,0,-3.15109618605774e-05,0,0,0,0,0,0,0,0,4.36087002716322e-05,0,0,0,0,0,0,0,0,3.5854068888582e-05,0,0,0
0.00148017963872247,0.01490907550605,3.28548724310151e-07,0,0,0,0,0,0,0,0,0,0,0,0,-0.00316977614712684,0.00534991282198579,-5.38036868822005e-07,0.00103794035845014,-1.5039169784842e-06,0.00152809604828688,0,0,0,0,0,0,0,0,0,-0.00116598968638063,0.00129317162674696,-0.00145077907688863,0,0,0,-0.00116589207241283,0.00129333786524484,0.0014507568351972,0,0,0,0,0,0,0.00194627340905281,0.00329324728755178,-3.73284977128177e-07,0,0,0,0,0,0,0.00103726449969488,-2.21844773702494e-06,-0.00152742361077961,0,0,0,0,-5.55111512312578e-20,-2.77555756156289e-19,0,0,0,0,0,0,0,0,0,0,0,0,-9.7873288463509e-10,1.69519708921399e-09,-0.00010891526878318,-7.14010526661988e-05,-5.05014794183126e-05,-0.000103841531493027,0,0,0,0,0,0,0,0,0,-3.68511440739713e-05,4.50181781956144e-05,-8.12520929837738e-05,0,0,0,3.68391258486578e-05,-4.50099468443485e-05,-8.12390633471743e-05,0,0,0,0,0,0,6.28148775824735e-09,1.08792890195158e-08,-7.5528102861405e-05,0,0,0,0,0,0,7.14077681366387e-05,5.04948424666955e-05,-0.000103847455285791,0,0,0
4.45947122524409e-07,3.28548724310151e-07,0.010018418223538,0,0,0,0,0,0,0,0,0,0,0,0,-2.17100658818657e-07,3.56299168007047e-07,-0.00056887621149912,0.00206744748100585,0.00175469031049243,0.00205649408171684,0,0,0,0,0,0,0,0,0,0.00132241440216239,-0.00165186028572826,0.00145313169634264,0,0,0,-0.00132216141460377,0.00165173073213994,0.00145311368044228,0,0,0,0,0,0,-2.86823601129917e-07,-5.07973733644383e-07,-0.000175965237124764,0,0,0,0,0,0,-0.00206764249142704,-0.00175435767554,0.00205742261834887,0,0,0,0,0,0,0,0,0,0,0,0,0,0,0,0,0,0,0,0,-7.24673500527261e-09,0,0,-4.28336988892236e-05,0,0,0,0,0,0,0,0,0,0,0,4.15923646414027e-05,0,0,0,0,0,-4.15832993224949e-05,0,0,0,0,0,0,0,0,1.12431001754775e-08,0,0,0,0,0,0,0,0,4.28230602375897e-05,0,0,0
0,0,0,0.00959071424707746,-0.00192692582561956,-0.000316908667846129,0,0,0,0,0,0,0,0,0,0,0,0,0,0,0,-0.00223400253354604,0.00107150385929711,0.00289560255341576,0,0,0,0,0,0,0,0,0,0,0,0,0,0,0,-0.00232808108627448,0.000948776212086517,-0.00303368568343841,0,0,0,0,0,0,0,0,0,-0.00195328669621191,0.00326291168752269,0.000193029684087543,0,0,0,0,0,0,0,0,0,0,0,0.000108253175473055,0,0,0,0,0,0,0,0,0,0,0,0,0,0,0,0,0,-2.21309987574217e-05,0,0,0,0,0,0,0,0,0,0,0,0,0,0,0,0,0,-2.12996464305905e-05,0,0,0,0,0,0,0,0,0,0,0,-6.1465292957805e-05,0,0,0,0,0,0
0,0,0,-0.00192692582561956,0.0189306840207133,-0.000284234792444419,0,0,0,0,0,0,0,0,0,0,0,0,0,0,0,8.80224617745951e-05,-0.001621131062549,0.000333168456414164,0,0,0,0,0,0,0,0,0,0,0,0,0,0,0,2.24653373240372e-05,-0.00177976156423481,-0.000426812847215712,0,0,0,0,0,0,0,0,0,-0.00324388131574493,0.00541519195464318,0.000338295833625072,0,0,0,0,0,0,0,0,0,-1.7791046413862e-15,3.08145306146534e-15,-0.000187499999996919,0,0,0,0,0,0,0,0,0,0,0,0,0,0,0,0.000106512311959669,-5.19847429246686e-05,-0.000146152721676935,0,0,0,0,0,0,0,0,0,0,0,0,0,0,0,-0.000108253175473055,4.49114356962647e-05,-0.000150607930198964,0,0,0,0,0,0,0,0,0,1.74086351160682e-06,-2.97339824566043e-06,-0.000104923251159662,0,0,0,0,0,0
0,0,0,-0.000316908667846129,-0.000284234792444419,0.0132065343474642,0,0,0,0,0,0,0,0,0,0,0,0,0,0,0,-0.00294665347456147,0.00172267905938904,0.00371666433898869,0,0,0,0,0,0,0,0,0,0,0,0,0,0,0,0.00317608921079877,-0.00159175412913112,0.00404591651947153,0,0,0,0,0,0,0,0,0,8.74729316030415e-05,-0.000128935798686668,-0.000715761447880828,0,0,0,0,0,0,0,0,0,0,0,7.97972798949331e-20,0,0,0,0,0,0,0,0,0,0,0,0,0,0,0,0,0,-3.09063391806055e-05,0,0,0,0,0,0,0,0,0,0,0,0,0,0,0,0,0,3.06683269914351e-05,0,0,0,0,0,0,0,0,0,0,0,2.66350082044305e-06,0,0,0,0,0,0
0,0,0,0,0,0,0.00895753772596811,0.000553064481212792,0.00243629483753413,-0.00199332949706926,0.00331408640136012,-0.000671837355586287,0,0,0,0,0,0,0,0,0,0,0,0,0,0,0,-0.00170798458015376,-0.00285800071180987,-0.000882975622952991,0,0,0,0,0,0,-0.000791893591524004,0.00104166265637424,-0.000940054107075268,0,0,0,0,0,0,0,0,0,0,0,0,0,0,0,-0.00204049221302502,-0.00107693217244114,-0.00237444013832872,0,0,0,0,0,0,0,0,0,0,0,-6.93889390390723e-21,0,0,-8.7291795436713e-05,0,0,0,0,0,0,0,0,0,0,0,0,0,0,0,0,0,7.60327561702631e-05,0,0,0,0,0,0,0,0,-2.94761862500597e-05,0,0,0,0,0,0,0,0,0,0,0,0,0,0,0,0,0,3.11488739396741e-05,0,0,0
0,0,0,0,0,0,0.000553064481212792,0.016008979183832,-0.000718770975035051,-0.00332405008463105,0.00552263836975149,-0.00109793598788393,0,0,0,0,0,0,0,0,0,0,0,0,0,0,0,0.00285154085032837,0.00476832407793324,0.00146097756296452,0,0,0,0,0,0,-0.000983628917992399,0.00124679848015332,-0.00122201938818168,0,0,0,0,0,0,0,0,0,0,0,0,0,0,0,0.000890695215118645,-0.000546843078445952,0.00146740277421368,0,0,0,0,0,0,0,0,0,-0.000105535726750029,5.38967303152879e-07,-0.000182793240744757,1.51831702972292e-06,-2.5900576332286e-06,-0.000148564022543448,0,0,0,0,0,0,0,0,0,0,0,0,0,0,0,1.1991316933026e-06,2.05534224367216e-06,-0.000129615639709558,0,0,0,0,0,0,-2.83492093126685e-05,3.81668881371471e-05,-7.34164727226646e-05,0,0,0,0,0,0,0,0,0,0,0,0,0,0,0,-7.99039661603863e-05,-4.34193167673525e-05,-0.000112703767163411,0,0,0
0,0,0,0,0,0,0.00243629483753413,-0.000718770975035051,0.013735154202593,-0.000909759644560914,0.00153458602742148,-0.00148903798086999,0,0,0,0,0,0,0,0,0,0,0,0,0,0,0,-0.000944646646642674,-0.00159268150260221,-0.00130394873438413,0,0,0,0,0,0,0.000952591786962356,-0.00129792933067565,0.00106967683719094,0,0,0,0,0,0,0,0,0,0,0,0,0,0,0,0.00224390893261732,0.00162262169101443,0.00241206560528471,0,0,0,0,0,0,0,0,0,0,0,1.45716771982052e-19,0,0,-3.99724020467371e-05,0,0,0,0,0,0,0,0,0,0,0,0,0,0,0,0,0,4.21581275484286e-05,0,0,0,0,0,0,0,0,3.75566037459711e-05,0,0,0,0,0,0,0,0,0,0,0,0,0,0,0,0,0,-3.66802156617172e-05,0,0,0
0,0,0,0,0,0,-0.00199332949706926,-0.00332405008463106,-0.000909759644560915,0.00957875387595971,0.000840367851269903,0.00121974917778554,0,0,0,0,0,0,0,0,0,0,0,0,0,0,0,0,0,0,0,0,0,0,0,0,-0.0025850863708578,-0.00098081552960247,-0.00346021711758351,0,0,0,0,0,0,0,0,0,0,0,0,0,0,0,0,0,0,0,0,0,0,0,0,0,0,0,0,0,7.96333594247948e-05,0,0,-0.000108253175460106,0,0,0,0,0,0,0,0,0,0,0,0,0,0,0,0,0,0,0,0,0,0,0,0,0,0,1.96945443155211e-05,0,0,0,0,0,0,0,0,0,0,0,0,0,0,0,0,0,0,0,0,0
0,0,0,0,0,0,0.00331408640136012,0.00552263836975149,0.00153458602742148,0.000840367851269903,0.0178822389429925,-0.00175221930949385,0,0,0,0,0,0,0,0,0,0,0,0,0,0,0,0,0,0,0,0,0,0,0,0,-8.83882183186653e-05,-0.00201267023579485,0.000343263150560225,0,0,0,0,0,0,0,0,0,0,0,0,0,0,0,0,0,0,0,0,0,0,0,0,0,0,0,-1.63604683139723e-06,-2.79397163129352e-06,-0.000136593655765146,-0.000108253175473055,-1.58293517182884e-19,-0.000374999999977572,0,0,0,0,0,0,0,0,0,0,0,0,0,0,0,0,0,0,0,0,0,0,0,0,-0.000106617128641658,-4.11263360541162e-05,-0.000150554332378058,0,0,0,0,0,0,0,0,0,0,0,0,0,0,0,0,0,0,0,0,0
0,0,0,0,0,0,-0.000671837355586288,-0.00109793598788393,-0.00148903798086999,0.00121974917778554,-0.00175221930949385,0.0159599840568807,0,0,0,0,0,0,0,0,0,0,0,0,0,0,0,0,0,0,0,0,0,0,0,0,0.00339478115491698,0.00167574021440946,0.00443603692677848,0,0,0,0,0,0,0,0,0,0,0,0,0,0,0,0,0,0,0,0,0,0,0,0,0,0,0,0,0,2.67076017345828e-05,0,0,2.24279275706785e-14,0,0,0,0,0,0,0,0,0,0,0,0,0,0,0,0,0,0,0,0,0,0,0,0,0,0,-2.75067541418362e-05,0,0,0,0,0,0,0,0,0,0,0,0,0,0,0,0,0,0,0,0,0
0,0,0,0,0,0,0,0,0,0,0,0,0.00895736711999204,0.000552519496177474,-0.00243679228943473,0,0,0,-0.00204066921202393,-0.00107710945959852,0.00237437073985255,0,0,0,0,0,0,0,0,0,-0.000792303919467967,0.00104212755153667,0.000940320986395002,0,0,0,0,0,0,0,0,0,-0.00199276227670524,0.00331308558137891,0.000672097245158801,0,0,0,0,0,0,0,0,0,0,0,0,-0.00170761619092863,-0.00285742739605888,0.000883044787800824,0,0,0,0,0,0,0,0,0,0,0,0,0,0,1.02458737784224e-15,0,0,0,0,0,3.11579528730191e-05,0,0,0,0,0,0,0,0,0,0,0,-2.94941084179485e-05,0,0,0,0,0,0,0,0,0,0,0,-8.72778061378112e-05,0,0,0,0,0,0,0,0,0,0,0,0,0,0,7.60231282151318e-05
0,0,0,0,0,0,0,0,0,0,0,0,0.000552519496177474,0.0160070346292152,0.000718836442052168,0,0,0,0.000891052425649865,-0.000546486179704195,-0.00146781447061872,0,0,0,0,0,0,0,0,0,-0.000984027787956723,0.00124718006533558,0.00122229957611456,0,0,0,0,0,0,0,0,0,-0.00332305004759136,0.00552087955127029,0.00109833621951733,0,0,0,0,0,0,0,0,0,0,0,0,0.00285098174972544,0.00476746158057691,-0.0014611489735794,0,0,0,0,0,0,0,0,0,0,0,0,0.000105536079718313,-5.45273393941953e-07,-0.000182793852102032,0,0,0,7.98952255582916e-05,4.3418048239596e-05,-0.000112689853857859,0,0,0,0,0,0,0,0,0,2.83579499147632e-05,-3.8175925281192e-05,-7.34381459771982e-05,0,0,0,0,0,0,0,0,0,-1.5200072911201e-06,2.59289687844255e-06,-0.000148536864747741,0,0,0,0,0,0,0,0,0,0,0,0,-1.19708846362203e-06,-2.05187483509929e-06,-0.000129602502578864
0,0,0,0,0,0,0,0,0,0,0,0,-0.00243679228943473,0.000718836442052168,0.0137348334569585,0,0,0,-0.00224376972052748,-0.00162276899968862,0.00241147301455883,0,0,0,0,0,0,0,0,0,-0.000952879826782461,0.00129828089451582,0.00106965505695315,0,0,0,0,0,0,0,0,0,0.000910033169238681,-0.00153502782696886,-0.00148856038272724,0,0,0,0,0,0,0,0,0,0,0,0,0.00094474243111638,0.00159284194994798,-0.00130374262866942,0,0,0,0,0,0,0,0,0,0,0,0,0,0,-1.77463849252741e-15,0,0,0,0,0,3.66855031378231e-05,0,0,0,0,0,0,0,0,0,0,0,-3.7571493452191e-05,0,0,0,0,0,0,0,0,0,0,0,3.99895082163845e-05,0,0,0,0,0,0,0,0,0,0,0,0,0,0,-4.21659736693282e-05
-0.00186990623678027,-0.00316977614712684,-2.17100658818657e-07,0,0,0,0,0,0,0,0,0,0,0,0,0.00958346322269397,0.00219750169394224,4.51749372776894e-07,0,0,0,0,0,0,0,0,0,0,0,0,-0.00224733183359172,-0.00110555277809934,-0.002807836967784,0,0,0,-0.00224715773654663,-0.00110516323239417,0.0028080503303138,0,0,0,0,0,0,0,0,0,0,0,0,0,0,0,0,0,0,0,0,0,0,0,5.66953106098059e-05,0,0,0,0,0,0,0,0,0,0,0,0,0,0,-0.000108253175473055,0,0,0,0,0,0,0,0,0,0,0,0,0,0,2.50107150700824e-05,0,0,0,0,0,2.49985199687258e-05,0,0,0,0,0,0,0,0,0,0,0,0,0,0,0,0,0,0,0,0,0
0.00315776860395723,0.00534991282198579,3.56299168007158e-07,0,0,0,0,0,0,0,0,0,0,0,0,0.00219750169394224,0.019278383622243,-7.33725705163201e-07,0,0,0,0,0,0,0,0,0,0,0,0,-2.92167859356934e-05,-0.00161169610632919,0.000480308265741051,0,0,0,-2.92446107100449e-05,-0.00161174356253694,-0.000479970025895101,0,0,0,0,0,0,0,0,0,0,0,0,0,0,0,0,0,0,0,0,0,1.14906303347673e-09,1.99021756106847e-09,-9.8198116050893e-05,0,0,0,0,0,0,0,0,0,0,0,0,6.10206329909602e-17,1.05678938634764e-16,-0.000187499999999894,0,0,0,0,0,0,0,0,0,0,0,0,-0.000108253175472994,-5.42542180223147e-05,-0.000144180170764932,0,0,0,0.000108252026410021,5.423874049908e-05,-0.000144199303064587,0,0,0,0,0,0,0,0,0,0,0,0,0,0,0,0,0,0,0,0,0
-3.11642866043786e-07,-5.38036868821894e-07,-0.00056887621149912,0,0,0,0,0,0,0,0,0,0,0,0,4.51749372776894e-07,-7.33725705163645e-07,0.0124718800673301,0,0,0,0,0,0,0,0,0,0,0,0,0.00290846307482175,0.00176398675411054,0.00351116210203276,0,0,0,-0.00290860318132829,-0.00176351969202085,0.00351200615263814,0,0,0,0,0,0,0,0,0,0,0,0,0,0,0,0,0,0,0,0,0,0,0,9.50308479950521e-09,0,0,0,0,0,0,0,0,0,0,0,0,0,0,-6.59194920871187e-20,0,0,0,0,0,0,0,0,0,0,0,0,0,0,-3.42397744989676e-05,0,0,0,0,0,3.42272695248907e-05,0,0,0,0,0,0,0,0,0,0,0,0,0,0,0,0,0,0,0,0,0
-0.00182967554580826,0.00103794035845014,0.00206744748100585,0,0,0,0,0,0,0,0,0,-0.00204066921202393,0.000891052425649866,-0.00224376972052748,0,0,0,0.00858956019404397,-0.000818985474469298,-0.00025757359733327,0,0,0,0,0,0,0,0,0,-0.000974243431861231,0.00163921261441483,3.2981233664281e-05,0,0,0,0,0,0,0,0,0,0,0,0,-0.0013928749886524,-0.00139481176352271,0.0016063803224094,0,0,0,-0.0012721345415946,-0.00214623693211037,9.5697928468239e-05,0,0,0,-0.00107996247410354,-0.00118801987145515,-0.00123589502298819,0,0,-3.36211013689927e-05,0,0,0,0,0,0,0,0,0,0,0,-3.4665415858096e-05,0,0,0,0,0,1.38777878078145e-20,0,0,0,0,0,0,0,0,0,0,0,-4.72384830573669e-05,0,0,0,0,0,0,0,0,0,0,0,0,0,0,3.23163713260957e-05,0,0,0,0,0,4.61939044912603e-05,0,0,0,0,0,3.22300472558225e-05
-0.00125743079097235,-1.50391697848422e-06,0.00175469031049243,0,0,0,0,0,0,0,0,0,-0.00107710945959852,-0.000546486179704197,-0.00162276899968861,0,0,0,-0.000818985474469298,0.0130873948733763,0.000184726175905007,0,0,0,0,0,0,0,0,0,-0.00163558891502562,0.00275023203499418,5.29892678048601e-05,0,0,0,0,0,0,0,0,0,0,0,0,0.00139217193691432,0.001161738377189,-0.00177297377003054,0,0,0,0.0021527030265449,0.00362973997679907,-0.000162386019411843,0,0,0,0.00124423967660658,0.0012546582445387,0.00152455639941353,6.40473501275869e-05,-3.77644929976887e-05,-0.000100259761854894,0,0,0,0,0,0,0,0,0,-7.30452741470818e-05,3.31426276123694e-05,-0.000104842290315534,0,0,0,1.38777878078145e-20,-2.08166817117217e-20,-5.55111512312578e-20,0,0,0,0,0,0,0,0,0,-6.2153402912339e-07,1.07077961217596e-06,-8.13295351560594e-05,0,0,0,0,0,0,0,0,0,0,0,0,4.4115534784051e-05,4.52287790510724e-05,-8.66696449696067e-05,0,0,0,9.02905614168219e-08,1.56240765590151e-07,-7.99502599405854e-05,0,0,0,-3.45863672968496e-05,-3.89908490235753e-05,-8.00583767085022e-05
-0.00199373552861976,0.00152809604828688,0.00205649408171684,0,0,0,0,0,0,0,0,0,0.00237437073985255,-0.00146781447061872,0.00241147301455883,0,0,0,-0.00025757359733327,0.000184726175905006,0.0103558529727179,0,0,0,0,0,0,0,0,0,7.22466742599426e-05,-0.000123490930148095,-0.000164344058563458,0,0,0,0,0,0,0,0,0,0,0,0,-0.00160335703007402,-0.00177380590782559,0.00171920729892423,0,0,0,8.9665235565557e-05,0.000150755199856529,-0.000246315896252576,0,0,0,0.001318383506349,0.00154030344970191,0.00142058454270964,0,0,-3.89372463440856e-05,0,0,0,0,0,0,0,0,0,0,0,4.27606072336435e-05,0,0,0,0,0,6.93889390390723e-21,0,0,0,0,0,0,0,0,0,0,0,3.56198298830756e-06,0,0,0,0,0,0,0,0,0,0,0,0,0,0,3.92013657210908e-05,0,0,0,0,0,-3.24952345107864e-06,0,0,0,0,0,-4.13638822420628e-05
0,0,0,-0.00223400253354604,8.80224617745953e-05,-0.00294665347456147,0,0,0,0,0,0,0,0,0,0,0,0,0,0,0,0.00868032509261357,-0.000171324800473796,9.20013566787781e-08,-0.00223412632446355,8.82437616452312e-05,0.00294684155896459,0,0,0,0,0,0,-0.00100908731126152,0.00113373314574105,0.00125898269287107,0,0,0,0,0,0,0,0,0,-0.000936625341338675,0.001581692548178,-7.53365903807072e-08,0,0,0,-0.00100903390701598,0.00113360791451315,-0.00125900381071374,0,0,0,0,0,0,0,0,0,0,0,2.09707974854792e-05,0,0,0,0,0,0,0,0,0,0,0,0,0,0,0,0,0,6.39922504452428e-05,0,0,2.09700768825061e-05,0,0,0,0,0,0,0,0,-2.65282668007604e-05,0,0,0,0,0,0,0,0,0,0,0,-3.94624109813269e-05,0,0,0,0,0,-2.65224861098619e-05,0,0,0,0,0,0
0,0,0,0.00107150385929711,-0.001621131062549,0.00172267905938904,0,0,0,0,0,0,0,0,0,0,0,0,0,0,0,-0.000171324800473796,0.0130459523782686,-5.63642032428077e-08,0.00107143505124091,-0.00162130151099778,-0.00172262135647937,0,0,0,0,0,0,-0.00122860237166554,0.00128478335768336,0.00160092825576712,0,0,0,0,0,0,0,0,0,-0.00158363222417299,0.00267263010511925,-1.34001487161135e-07,0,0,0,-0.00122844790301353,0.00128451998802929,-0.00160082706651377,0,0,0,0,0,0,0,0,0,-7.77492236480109e-05,2.16561258186017e-06,-0.000118813269166657,0,0,0,0,0,0,0,0,0,0,0,0,0,0,0,-1.38777878078145e-20,0,-0.000110837829061833,7.77528642881497e-05,-2.1734335873572e-06,-0.000118817676637567,0,0,0,0,0,0,3.0500311184905e-05,-3.52240339747514e-05,-7.28845419907564e-05,0,0,0,0,0,0,0,0,0,-2.15764426839966e-09,3.73707127253862e-09,-6.83495386590105e-05,0,0,0,-3.05017941807755e-05,3.52236911031495e-05,-7.28796502940125e-05,0,0,0,0,0,0
0,0,0,0.00289560255341576,0.000333168456414163,0.00371666433898869,0,0,0,0,0,0,0,0,0,0,0,0,0,0,0,9.20013566787781e-08,-5.63642032428077e-08,0.0124937815542957,-0.00289580291141188,-0.000332857327257052,0.0037169624456299,0,0,0,0,0,0,-0.0011685423728187,0.00140828678297902,0.00138181668412668,0,0,0,0,0,0,0,0,0,9.31944973673577e-08,-1.65379002334259e-07,-0.000143151357778321,0,0,0,0.00116857911253628,-0.00140823846754814,0.00138199796098838,0,0,0,0,0,0,0,0,0,0,0,-2.88968116305952e-05,0,0,0,0,0,0,0,0,0,0,0,0,0,0,0,0,0,1.09809373946557e-09,0,0,2.88961785144178e-05,0,0,0,0,0,0,0,0,-3.26049754820684e-05,0,0,0,0,0,0,0,0,0,0,0,4.14020142393712e-09,0,0,0,0,0,3.260065324312e-05,0,0,0,0,0,0
0,0,0,0,0,0,0,0,0,0,0,0,0,0,0,0,0,0,0,0,0,-0.00223412632446355,0.00107143505124091,-0.00289580291141188,0.00959035259538007,-0.00192758782717707,0.00031658152171569,0,0,0,0,0,0,-0.00195278100165882,0.00326189402365391,-0.000193081536724002,0,0,0,0,0,0,0,0,0,0,0,0,-0.00232846784708867,0.00094896326962783,0.00303374285045001,0,0,0,0,0,0,0,0,0,0,0,0,0,0,0,0,0,0,0,0,0,0,0,0,0,0,0,0,0,0,0,0,-2.21299262703903e-05,0,0,0.000108253175473055,0,0,0,0,0,0,0,0,-6.14573083114686e-05,0,0,0,0,0,0,0,0,0,0,0,0,0,0,-2.13116232879049e-05,0,0,0,0,0,0,0,0,0
0,0,0,0,0,0,0,0,0,0,0,0,0,0,0,0,0,0,0,0,0,8.82437616452312e-05,-0.00162130151099778,-0.000332857327257052,-0.00192758782717707,0.0189277805415549,0.000283749083512294,0,0,0,0,0,0,-0.00324284637446672,0.00541317356277384,-0.000338418864279245,0,0,0,0,0,0,0,0,0,0,0,0,2.24741691273753e-05,-0.00178004054011715,0.000427138580589892,0,0,0,0,0,0,0,0,0,0,0,0,0,0,0,0,0,0,0,0,0,0,0,0,0,0,0,0,0,0,-0.00010650610672222,5.19755103699267e-05,-0.000146143831492426,1.77408088219977e-15,-3.07281327119324e-15,-0.000187499999996927,0,0,0,0,0,0,-1.74706874906046e-06,2.98384548422094e-06,-0.000104904263242819,0,0,0,0,0,0,0,0,0,0,0,0,0.000108253175473055,-4.49129760516311e-05,-0.000150587185673581,0,0,0,0,0,0,0,0,0
0,0,0,0,0,0,0,0,0,0,0,0,0,0,0,0,0,0,0,0,0,0.00294684155896459,-0.00172262135647937,0.0037169624456299,0.00031658152171569,0.000283749083512294,0.0132059246198554,0,0,0,0,0,0,-8.71465727220227e-05,0.000128327692770155,-0.000715370419875746,0,0,0,0,0,0,0,0,0,0,0,0,-0.00317627650795249,0.00159206963095857,0.00404545326383855,0,0,0,0,0,0,0,0,0,0,0,0,0,0,0,0,0,0,0,0,0,0,0,0,0,0,0,0,0,0,0,0,3.09050965833607e-05,0,0,-5.89805981832114e-20,0,0,0,0,0,0,0,0,-2.65324524552842e-06,0,0,0,0,0,0,0,0,0,0,0,0,0,0,-3.06823812481205e-05,0,0,0,0,0,0,0,0,0
0,0,0,0,0,0,-0.00170798458015376,0.00285154085032837,-0.000944646646642674,0,0,0,0,0,0,0,0,0,0,0,0,0,0,0,0,0,0,0.00892553419750528,0.000400349345793033,0.00268092981967387,0,0,0,-0.00185218143370816,-0.000840754034348563,-0.00222628274037651,0,0,0,0,0,0,0,0,0,0,0,0,-0.00158258432220936,-0.0026458771726253,-0.000675083253290383,0,0,0,-0.00107957656287771,0.00124388199298187,-0.00131802606511066,0,0,0,0,0,0,0,0,0,0,0,-7.35985988866637e-05,0,0,0,0,0,0,0,0,0,0,0,0,0,0,0,0,0,0,0,0,-2.43050510273513e-14,0,0,0,0,0,2.8684639470552e-05,0,0,0,0,0,0,0,0,0,0,0,0,0,0,8.17081160266919e-05,0,0,0,0,0,-2.80337860472623e-05,0,0,0
0,0,0,0,0,0,-0.00285800071180987,0.00476832407793324,-0.00159268150260221,0,0,0,0,0,0,0,0,0,0,0,0,0,0,0,0,0,0,0.000400349345793033,0.015239953515891,-0.000330246388367704,0,0,0,0.00105530436207485,-0.000410268108615384,0.00159080658596721,0,0,0,0,0,0,0,0,0,0,0,0,0.00264255332166916,0.00441500865986166,0.00111395937406855,0,0,0,-0.00118768117399144,0.00125444923005218,-0.00153993644981635,0,0,0,0,0,0,0,0,0,-1.12658466824191e-06,1.92968711032907e-06,-0.000126774532822493,0,0,0,0,0,0,0,0,0,0,0,0,0,0,0,0,0,0,-0.000107038758255398,-2.07983537571074e-06,-0.000185396567636279,0,0,0,-7.15908558930773e-05,-3.38191813870177e-05,-0.000107968400222146,0,0,0,0,0,0,0,0,0,0,0,0,1.21441721765645e-06,2.0806311370979e-06,-0.000139419176026396,0,0,0,-3.55357349117355e-05,4.1887866853038e-05,-7.72165641745527e-05,0,0,0
0,0,0,0,0,0,-0.000882975622952991,0.00146097756296452,-0.00130394873438413,0,0,0,0,0,0,0,0,0,0,0,0,0,0,0,0,0,0,0.00268092981967387,-0.000330246388367703,0.0142933790812175,0,0,0,0.00204103982407297,0.00134686509958837,0.00228756677592835,0,0,0,0,0,0,0,0,0,0,0,0,-0.000860721525353905,-0.00145065734474024,-0.00118543773119843,0,0,0,0.00123561064961938,-0.0015242454085658,0.00142044389260753,0,0,0,0,0,0,0,0,0,0,0,-3.79420434023782e-05,0,0,0,0,0,0,0,0,0,0,0,0,0,0,0,0,0,0,0,0,-4.20976170589782e-14,0,0,0,0,0,-3.40343714234421e-05,0,0,0,0,0,0,0,0,0,0,0,0,0,0,4.45757956823087e-05,0,0,0,0,0,3.4103776315875e-05,0,0,0
-0.00104810196595885,-0.00116598968638063,0.00132241440216239,0,0,0,0,0,0,0,0,0,-0.000792303919467967,-0.000984027787956723,-0.000952879826782461,-0.00224733183359172,-2.92167859356934e-05,0.00290846307482175,-0.000974243431861231,-0.00163558891502562,7.22466742599426e-05,0,0,0,0,0,0,0,0,0,0.00886552656752756,0.000155477396464935,-0.000516353070444322,0,0,0,0,0,0,0,0,0,-0.00258547159565248,-8.84845866671797e-05,-0.00339471711570017,0,0,0,0,0,0,0,0,0,0,0,0,0,0,0,0,0,2.5782533740208e-05,0,0,0,0,0,0,0,0,0,0,0,2.86366531667579e-05,0,0,-2.26904116660611e-05,0,0,4.1224503305223e-05,0,0,0,0,0,0,0,0,0,0,0,-6.35353925547736e-05,0,0,0,0,0,0,0,0,0,0,0,-2.09753693352436e-05,0,0,0,0,0,0,0,0,0,0,0,0,0,0,0
0.00125421776993319,0.00129317162674696,-0.00165186028572826,0,0,0,0,0,0,0,0,0,0.00104212755153667,0.00124718006533558,0.00129828089451582,-0.00110555277809934,-0.00161169610632919,0.00176398675411054,0.00163921261441483,0.00275023203499418,-0.000123490930148095,0,0,0,0,0,0,0,0,0,0.000155477396464935,0.0131332327524709,-0.000223471730292076,0,0,0,0,0,0,0,0,0,-0.000981205096183514,-0.00201283491397104,-0.00167632473709484,0,0,0,0,0,0,0,0,0,0,0,0,0,0,0,3.07455910257954e-05,3.51237995578437e-05,-7.20662552956522e-05,0,0,0,0,0,0,0,0,0,-2.41146768422933e-05,-3.08263607292855e-05,-6.9269947359751e-05,7.69294880931811e-05,-7.50337292299008e-17,-0.00011668875169693,5.78096354078247e-07,9.95543352035102e-07,-7.10652174098633e-05,0,0,0,0,0,0,0,0,0,-2.77555756156289e-20,1.38777878078145e-20,-0.000110046527983702,0,0,0,0,0,0,0,0,0,-8.41384986307614e-05,-2.2049148902014e-06,-0.000125587805206228,0,0,0,0,0,0,0,0,0,0,0,0,0,0,0
-0.00121270523826402,-0.00145077907688863,0.00145313169634264,0,0,0,0,0,0,0,0,0,0.000940320986395002,0.00122229957611456,0.00106965505695315,-0.002807836967784,0.000480308265741051,0.00351116210203276,3.2981233664281e-05,5.29892678048601e-05,-0.000164344058563458,0,0,0,0,0,0,0,0,0,-0.000516353070444322,-0.000223471730292076,0.0129821404532082,0,0,0,0,0,0,0,0,0,0.00346022931504473,-0.000343506346433593,0.00443515727295833,0,0,0,0,0,0,0,0,0,0,0,0,0,0,0,0,0,3.16537700589746e-05,0,0,0,0,0,0,0,0,0,0,0,-3.60863373919121e-05,0,0,-3.02208911142278e-05,0,0,-1.33664718779269e-06,0,0,0,0,0,0,0,0,0,0,0,5.39150893143061e-06,0,0,0,0,0,0,0,0,0,0,0,2.97165969700733e-05,0,0,0,0,0,0,0,0,0,0,0,0,0,0,0
0,0,0,0,0,0,0,0,0,0,0,0,0,0,0,0,0,0,0,0,0,-0.00100908731126152,-0.00122860237166554,-0.0011685423728187,-0.00195278100165882,-0.00324284637446672,-8.71465727220227e-05,-0.00185218143370816,0.00105530436207485,0.00204103982407297,0,0,0,0.00874329200132144,-0.00130165808980121,0.000176148560838763,0,0,0,0,0,0,0,0,0,-0.0018783310719546,0.0012917392635173,-0.00209502527788822,-0.000779002228551473,-0.000990158699397961,0.000956670523949166,0,0,0,-0.00127190895418687,0.00215247743118108,-9.00299663903863e-05,0,0,0,0,0,0,0,0,0,0,0,0,0,0,0,0,0,0,0,0,0,0,0,0,0,0,3.14365864763372e-05,0,0,6.90112822144269e-05,0,0,-3.4096823738222e-05,0,0,0,0,0,0,0,0,0,0,0,0,0,0,0,0,0,-3.43927215561173e-05,0,0,2.65450594463629e-05,0,0,0,0,0,-4.77695559518147e-05,0,0,0
0,0,0,0,0,0,0,0,0,0,0,0,0,0,0,0,0,0,0,0,0,0.00113373314574105,0.00128478335768336,0.00140828678297902,0.00326189402365391,0.00541317356277384,0.000128327692770155,-0.000840754034348562,-0.000410268108615383,0.00134686509958837,0,0,0,-0.00130165808980121,0.0150516579629119,-0.000182514493860334,0,0,0,0,0,0,0,0,0,-0.00104432115857873,-2.40479967635379e-05,-0.00156005475327022,0.0009371458996666,0.00114424863628205,-0.00119856726303022,0,0,0,-0.00214603978633305,0.00362967014074627,-0.00015142957228144,0,0,0,0,0,0,0,0,0,0,0,0,0,0,0,0,0,0,0,0,0,0,0,0,-3.60735144172846e-05,-4.487710513414e-05,-8.06420237963543e-05,1.50846787977903e-06,2.57057665589541e-06,-0.000117800302420974,7.85428229865625e-05,-4.60729932327513e-05,-0.000109298365429516,0,0,0,0,5.55111512312578e-20,0,0,0,0,0,0,0,0,0,0,-7.21796610557702e-05,5.09966340628177e-05,-0.000105150221856866,2.81090604147226e-05,3.64964412392363e-05,-6.95053428669391e-05,0,0,0,9.28241919907172e-08,-1.60653933506566e-07,-8.26617925800728e-05,0,0,0
0,0,0,0,0,0,0,0,0,0,0,0,0,0,0,0,0,0,0,0,0,0.00125898269287107,0.00160092825576712,0.00138181668412668,-0.000193081536724002,-0.000338418864279245,-0.000715370419875746,-0.00222628274037651,0.00159080658596721,0.00228756677592835,0,0,0,0.000176148560838763,-0.000182514493860334,0.0102510855415912,0,0,0,0,0,0,0,0,0,0.00212914037199935,-0.0018048471724632,0.0021827213491172,-0.00104951402224819,-0.00136606206634749,0.00124937825803009,0,0,0,-9.53933263604767e-05,0.000161842848286237,-0.000246228307156136,0,0,0,0,0,0,0,0,0,0,0,0,0,0,0,0,0,0,0,0,0,0,0,0,0,0,-4.11064345399575e-05,0,0,6.91290589658738e-06,0,0,-4.34085495549713e-05,0,0,0,0,0,0,0,0,0,0,0,0,0,0,0,0,0,4.12015882840872e-05,0,0,3.73693171484247e-05,0,0,0,0,0,-3.58856922341585e-06,0,0,0
-0.00104780375537973,-0.00116589207241283,-0.00132216141460377,0,0,0,-0.000791893591524004,-0.000983628917992399,0.000952591786962356,-0.0025850863708578,-8.83882183186653e-05,0.00339478115491698,0,0,0,-0.00224715773654663,-2.92446107100449e-05,-0.00290860318132829,0,0,0,0,0,0,0,0,0,0,0,0,0,0,0,0,0,0,0.00886549915905283,0.000155400192220418,0.000516243928551594,0,0,0,0,0,0,0,0,0,0,0,0,0,0,0,-0.000974829196725967,-0.00163660921879348,-7.2177798924202e-05,0,0,0,0,0,2.57753311230409e-05,0,0,0,0,0,2.861981604826e-05,0,0,-2.09613800233931e-05,0,0,0,0,0,-2.26799356179792e-05,0,0,0,0,0,0,0,0,0,0,0,0,0,0,0,0,0,0,0,0,-6.35601111888079e-05,0,0,0,0,0,0,0,0,0,0,0,0,0,0,0,0,0,4.12502326447987e-05,0,0,0
0.00125404104214831,0.00129333786524484,0.00165173073213994,0,0,0,0.00104166265637424,0.00124679848015332,-0.00129792933067565,-0.00098081552960247,-0.00201267023579485,0.00167574021440946,0,0,0,-0.00110516323239417,-0.00161174356253694,-0.00176351969202085,0,0,0,0,0,0,0,0,0,0,0,0,0,0,0,0,0,0,0.000155400192220418,0.0131358826342372,0.000223636655558984,0,0,0,0,0,0,0,0,0,0,0,0,0,0,0,0.0016402295812605,0.00275200030977231,0.000123371963905549,0,0,0,-3.07393275839634e-05,-3.51235178480281e-05,-7.20572472299451e-05,0,0,0,2.41086590506617e-05,3.08220396313018e-05,-6.92488654865577e-05,8.41445164223931e-05,2.20262991155689e-06,-0.000125607626879513,0,0,0,-7.69380914741536e-05,-1.41450746856189e-09,-0.000116705053451501,0,0,0,0,0,0,0,0,0,0,0,0,0,0,0,0,0,0,8.72436289878209e-14,1.51110443602498e-13,-0.000110089341817615,0,0,0,0,0,0,0,0,0,0,0,0,0,0,0,-5.75756327694174e-07,-9.91537101485474e-07,-7.11108421776399e-05,0,0,0
0.00121252650829271,0.0014507568351972,0.00145311368044228,0,0,0,-0.000940054107075268,-0.00122201938818168,0.00106967683719094,-0.00346021711758351,0.000343263150560225,0.00443603692677848,0,0,0,0.0028080503303138,-0.000479970025895101,0.00351200615263814,0,0,0,0,0,0,0,0,0,0,0,0,0,0,0,0,0,0,0.000516243928551594,0.000223636655558984,0.0129840276137307,0,0,0,0,0,0,0,0,0,0,0,0,0,0,0,-3.31238407286593e-05,-5.32368345091401e-05,-0.000164643763296818,0,0,0,0,0,-3.16488954716279e-05,0,0,0,0,0,3.60733270463661e-05,0,0,-2.9700977952713e-05,0,0,0,0,0,3.02113636277636e-05,0,0,0,0,0,0,0,0,0,0,0,0,0,0,0,0,0,0,0,0,-5.39394051616663e-06,0,0,0,0,0,0,0,0,0,0,0,0,0,0,0,0,0,1.3429594770211e-06,0,0,0
0,0,0,-0.00232808108627448,2.24653373240377e-05,0.00317608921079877,0,0,0,0,0,0,0,0,0,0,0,0,0,0,0,0,0,0,0,0,0,0,0,0,0,0,0,0,0,0,0,0,0,0.00941739502327919,3.74046139709298e-05,-0.00209226446160278,0,0,0,0,0,0,0,0,0,-0.000778983902897295,0.000937246373051074,0.00104951764824401,0,0,0,-0.00158279431812745,0.00264298323271877,0.000860572671190894,0,0,0,0,0,1.82624592792013e-05,0,0,0,0,0,0,0,0,0,0,0,0,0,0,0,0,0,0,0,0,0,0,0,0,0,0,0,0,0,0,0,0,0,0,0,8.69535290424643e-05,0,0,0,0,0,0,0,0,0,0,0,-2.02653964053879e-05,0,0,0,0,0,-7.4167027433495e-05
0,0,0,0.000948776212086517,-0.00177976156423481,-0.00159175412913112,0,0,0,0,0,0,0,0,0,0,0,0,0,0,0,0,0,0,0,0,0,0,0,0,0,0,0,0,0,0,0,0,0,3.74046139709298e-05,0.0154549147098767,4.57741126758487e-05,0,0,0,0,0,0,0,0,0,-0.000990182565586132,0.00114442862774322,0.00136612859562168,0,0,0,-0.00264629671433319,0.00441584199003587,0.00145041954885689,0,0,0,8.23235459841238e-05,-1.73472347597681e-20,-0.000126110298646325,0,0,0,0,0,0,0,0,0,0,0,0,0,0,0,0,0,0,0,0,0,0,0,0,0,0,0,0,0,0,0,0,0,0.000108253175473055,-3.8597597340484e-20,-0.000338107930198964,0,0,0,0,0,0,0,0,0,2.4759128826347e-05,-3.05575164632073e-05,-6.11695902404151e-05,0,0,0,1.17050066258396e-06,-2.00468236042142e-06,-0.000127710424626967
0,0,0,-0.00303368568343841,-0.000426812847215712,0.00404591651947153,0,0,0,0,0,0,0,0,0,0,0,0,0,0,0,0,0,0,0,0,0,0,0,0,0,0,0,0,0,0,0,0,0,-0.00209226446160278,4.57741126758485e-05,0.0168037034205737,0,0,0,0,0,0,0,0,0,-0.000956706569802893,0.00119875380968077,0.00124947259657045,0,0,0,0.000675054671452339,-0.00111397761035608,-0.0011855798131338,0,0,0,0,0,2.54077645331336e-05,0,0,0,0,0,0,0,0,0,0,0,0,0,0,0,0,0,0,0,0,0,0,0,0,0,0,0,0,0,0,0,0,0,0,0,-2.96332707919451e-05,0,0,0,0,0,0,0,0,0,0,0,-2.64949643422061e-05,0,0,0,0,0,3.14951426920389e-05
0,0,0,0,0,0,0,0,0,0,0,0,-0.00199276227670524,-0.00332305004759136,0.000910033169238681,0,0,0,0,0,0,0,0,0,0,0,0,0,0,0,-0.00258547159565248,-0.000981205096183514,0.00346022931504472,0,0,0,0,0,0,0,0,0,0.00957857920635659,0.00084095546165495,-0.00122056728148468,0,0,0,0,0,0,0,0,0,0,0,0,0,0,0,0,0,0,0,0,0,0,0,0,0,0,0,0,0,7.96165223062969e-05,0,0,0,0,0,0,0,0,0,0,0,0,0,0,0,0,0,1.97070678481988e-05,0,0,0,0,0,0,0,0,0,0,0,-0.000108253175473055,0,0,0,0,0,0,0,0,0,0,0,0,0,0,0
0,0,0,0,0,0,0,0,0,0,0,0,0.00331308558137891,0.00552087955127029,-0.00153502782696886,0,0,0,0,0,0,0,0,0,0,0,0,0,0,0,-8.84845866671797e-05,-0.00201283491397104,-0.000343506346433593,0,0,0,0,0,0,0,0,0,0.00084095546165495,0.0178801187210465,0.00175315026180468,0,0,0,0,0,0,0,0,0,0,0,0,0,0,0,0,0,0,0,0,0,0,0,0,0,0,0,1.63786129042393e-06,2.79702599311196e-06,-0.000136563894488375,0,0,0,0,0,0,0,0,0,0,0,0,0,0,0,0.00010661531407205,4.11359015245936e-05,-0.000150529498126151,0,0,0,0,0,0,0,0,0,0.000108253175362474,-1.91532023318783e-13,-0.000374999999808468,0,0,0,0,0,0,0,0,0,0,0,0,0,0,0
0,0,0,0,0,0,0,0,0,0,0,0,0.000672097245158801,0.00109833621951733,-0.00148856038272724,0,0,0,0,0,0,0,0,0,0,0,0,0,0,0,-0.00339471711570017,-0.00167632473709484,0.00443515727295833,0,0,0,0,0,0,0,0,0,-0.00122056728148468,0.00175315026180468,0.0159592606356025,0,0,0,0,0,0,0,0,0,0,0,0,0,0,0,0,0,0,0,0,0,0,0,0,0,0,0,0,0,-2.67197753689958e-05,0,0,0,0,0,0,0,0,0,0,0,0,0,0,0,0,0,2.75198343551966e-05,0,0,0,0,0,0,0,0,0,0,0,2.64869166097109e-20,0,0,0,0,0,0,0,0,0,0,0,0,0,0,0
-0.00115256247546663,0.00194627340905281,-2.86823601129667e-07,0,0,0,0,0,0,0,0,0,0,0,0,0,0,0,-0.0013928749886524,0.00139217193691432,-0.00160335703007402,-0.000936625341338675,-0.00158363222417299,9.31944973677741e-08,0,0,0,0,0,0,0,0,0,-0.0018783310719546,-0.00104432115857873,0.00212914037199935,0,0,0,0,0,0,0,0,0,0.00863143995627145,0.000575953526260602,9.25614009172904e-09,0,0,0,-0.00187814673415371,-0.00104433246162228,-0.00212879013361189,-0.00139289934470543,0.00139258218301829,0.00160312113781506,0,0,0,0,0,-4.10270863490179e-05,0,0,0,0,0,0,0,0,0,0,0,0,0,0,0,0,0,-3.24375669430925e-05,0,0,4.53865597119599e-05,0,0,0,0,0,0,0,0,0,0,0,3.33797967102327e-05,0,0,0,0,0,0,0,0,0,0,0,-6.93889390390723e-21,0,0,0,0,0,3.33846500822493e-05,0,0,-3.24498334739777e-05,0,0,0
-0.00195137536016687,0.00329324728755178,-5.07973733643939e-07,0,0,0,0,0,0,0,0,0,0,0,0,0,0,0,-0.00139481176352271,0.001161738377189,-0.00177380590782559,0.001581692548178,0.00267263010511925,-1.65379002335036e-07,0,0,0,0,0,0,0,0,0,0.0012917392635173,-2.40479967635379e-05,-0.0018048471724632,0,0,0,0,0,0,0,0,0,0.000575953526260602,0.0128518191901792,-1.25507650552081e-07,0,0,0,0.00129198333225083,-2.36245769478479e-05,0.00180499920154157,-0.00139518154651715,0.00116252521355984,0.00177401580878978,0,0,0,-5.640830170229e-09,9.76963752681346e-09,-7.10572966680974e-05,0,0,0,0,0,0,0,0,0,0,0,0,0,0,0,-4.41647222555878e-05,4.51943323523838e-05,-8.68301253643596e-05,2.26592580939482e-09,3.9246204030641e-09,-7.86101821583702e-05,0,0,0,0,0,0,0,0,0,6.40909185461766e-05,3.69917547870803e-05,-0.000100362872092217,0,0,0,0,0,0,0,0,0,0,0,-2.22044604925031e-19,0,0,0,-6.40828123872968e-05,-3.6991394708441e-05,-0.000100358364511304,4.41599910010688e-05,-4.5202153527539e-05,-8.68366090154091e-05,0,0,0
2.05382531377811e-07,-3.73284977128566e-07,-0.000175965237124764,0,0,0,0,0,0,0,0,0,0,0,0,0,0,0,0.0016063803224094,-0.00177297377003054,0.00171920729892423,-7.53365903803186e-08,-1.34001487160469e-07,-0.000143151357778321,0,0,0,0,0,0,0,0,0,-0.00209502527788822,-0.00156005475327022,0.0021827213491172,0,0,0,0,0,0,0,0,0,9.25614009172904e-09,-1.25507650552081e-07,0.0102966234029276,0,0,0,0.00209466329929212,0.00155997918384532,0.00218211761590828,-0.00160615764589439,0.00177325233405082,0.0017185532399848,0,0,0,0,0,7.70163696635004e-09,0,0,0,0,0,0,0,0,0,0,0,0,0,0,0,0,0,3.94112826873838e-05,0,0,3.86430572999179e-09,0,0,0,0,0,0,0,0,0,0,0,3.94471509867661e-05,0,0,0,0,0,0,0,0,0,0,0,-3.46944695195361e-20,0,0,0,0,0,-3.94500441046515e-05,0,0,-3.94200948775378e-05,0,0,0
0,0,0,0,0,0,0,0,0,0,0,0,0,0,0,0,0,0,0,0,0,0,0,0,-0.00232846784708867,2.24741691273744e-05,-0.00317627650795249,-0.00158258432220936,0.00264255332166916,-0.000860721525353905,0,0,0,-0.000779002228551473,0.0009371458996666,-0.00104951402224819,0,0,0,0,0,0,0,0,0,0,0,0,0.00941763932845841,3.76158636861943e-05,0.0020932802812256,0,0,0,0,0,0,0,0,0,0,0,0,0,0,0,0,0,0,0,0,0,0,0,0,0,0,0,0,0,0,0,0,0,0,0,1.82718163761217e-05,0,0,-7.41563517348328e-05,0,0,0,0,0,-2.02676003608258e-05,0,0,0,0,0,0,0,0,0,0,0,0,0,0,8.694155218515e-05,0,0,0,0,0,0,0,0,0
0,0,0,0,0,0,0,0,0,0,0,0,0,0,0,0,0,0,0,0,0,0,0,0,0.00094896326962783,-0.00178004054011715,0.00159206963095857,-0.0026458771726253,0.00441500865986166,-0.00145065734474024,0,0,0,-0.000990158699397961,0.00114424863628205,-0.00136606206634749,0,0,0,0,0,0,0,0,0,0,0,0,3.76158636861943e-05,0.0154533339783163,-4.60263823176979e-05,0,0,0,0,0,0,0,0,0,0,0,0,0,0,0,0,0,0,0,0,0,0,0,0,0,0,0,0,0,0,0,0,0,-8.23226566595384e-05,-2.08166817117217e-20,-0.000126100835343897,-1.17346334614182e-06,2.00969695086792e-06,-0.000127690434704395,0,0,0,-2.47570554673746e-05,3.05510696950704e-05,-6.1167410928986e-05,0,0,0,0,0,0,0,0,0,0,0,0,-0.000108253175473055,-6.24500451351651e-20,-0.000338087185673581,0,0,0,0,0,0,0,0,0
0,0,0,0,0,0,0,0,0,0,0,0,0,0,0,0,0,0,0,0,0,0,0,0,0.00303374285045001,0.000427138580589893,0.00404545326383855,-0.000675083253290383,0.00111395937406855,-0.00118543773119843,0,0,0,0.000956670523949167,-0.00119856726303022,0.00124937825803008,0,0,0,0,0,0,0,0,0,0,0,0,0.0020932802812256,-4.60263823176975e-05,0.0168041221165289,0,0,0,0,0,0,0,0,0,0,0,0,0,0,0,0,0,0,0,0,0,0,0,0,0,0,0,0,0,0,0,0,0,0,0,-2.54172812317131e-05,0,0,-3.14957562420245e-05,0,0,0,0,0,2.64964390698397e-05,0,0,0,0,0,0,0,0,0,0,0,0,0,0,2.96458497317702e-05,0,0,0,0,0,0,0,0,0
0,0,0,-0.00195328669621191,-0.00324388131574494,8.74729316030416e-05,0,0,0,0,0,0,0,0,0,0,0,0,-0.0012721345415946,0.0021527030265449,8.9665235565557e-05,-0.00100903390701598,-0.00122844790301353,0.00116857911253628,0,0,0,0,0,0,0,0,0,0,0,0,0,0,0,-0.000778983902897295,-0.000990182565586132,-0.000956706569802893,0,0,0,-0.00187814673415371,0.00129198333225083,0.00209466329929212,0,0,0,0.00874346426381271,-0.00130297292053713,-0.000176663104175932,0,0,0,-0.0018518784819392,0.00105534005383304,-0.00204101228639248,0,0,0,0,0,6.90199187083743e-05,0,0,0,0,0,0,0,0,0,0,0,0,0,0,-4.77746220000029e-05,0,0,3.14300292847577e-05,0,0,0,0,0,0,0,0,0,0,0,0,0,0,0,0,0,2.65407214818946e-05,0,0,0,0,0,-3.43980429356106e-05,0,0,0,0,0,-3.46944695195361e-21,0,0,0,0,0,-3.40861480395598e-05
0,0,0,0.00326291168752269,0.00541519195464318,-0.000128935798686668,0,0,0,0,0,0,0,0,0,0,0,0,-0.00214623693211037,0.00362973997679907,0.000150755199856529,0.00113360791451315,0.00128451998802929,-0.00140823846754814,0,0,0,0,0,0,0,0,0,0,0,0,0,0,0,0.000937246373051074,0.00114442862774322,0.00119875380968077,0,0,0,-0.00104433246162228,-2.36245769478479e-05,0.00155997918384532,0,0,0,-0.00130297292053713,0.0150530098731073,0.000182497086976995,0,0,0,-0.000840223660817127,-0.000410193017960925,-0.00134619381165562,0,0,0,-1.50305456193959e-06,-2.5615010623422e-06,-0.000117821022196769,0,0,0,0,0,0,0,0,0,0,0,0,-1.01806203075546e-07,1.76186442024818e-07,-8.26630909839617e-05,3.60777263535935e-05,4.48789979532447e-05,-8.06412948042992e-05,0,0,0,0,0,0,0,0,0,0,0,0,0,0,0,-2.81100720572713e-05,-3.64994872264878e-05,-6.95074312179185e-05,0,0,0,7.21754491194613e-05,-5.10082526957481e-05,-0.00010514448865276,0,0,0,1.38777878078145e-20,1.38777878078145e-20,-1.66533453693773e-19,0,0,0,-7.85382426507683e-05,4.60789474783608e-05,-0.000109294003740885
0,0,0,0.000193029684087543,0.000338295833625072,-0.000715761447880828,0,0,0,0,0,0,0,0,0,0,0,0,9.5697928468239e-05,-0.000162386019411843,-0.000246315896252576,-0.00125900381071374,-0.00160082706651378,0.00138199796098838,0,0,0,0,0,0,0,0,0,0,0,0,0,0,0,0.00104951764824401,0.00136612859562168,0.00124947259657045,0,0,0,-0.00212879013361189,0.00180499920154157,0.00218211761590828,0,0,0,-0.000176663104175932,0.000182497086976994,0.0102512653156092,0,0,0,0.00222621178770177,-0.00159081960157309,0.00228798525042358,0,0,0,0,0,-6.9098211640608e-06,0,0,0,0,0,0,0,0,0,0,0,0,0,0,3.6003178210028e-06,0,0,4.11007673623774e-05,0,0,0,0,0,0,0,0,0,0,0,0,0,0,0,0,0,-3.73641462087269e-05,0,0,0,0,0,-4.12052920147005e-05,0,0,0,0,0,1.38777878078145e-20,0,0,0,0,0,4.34004222714694e-05
-0.00182945310950038,0.00103726449969488,-0.00206764249142704,0,0,0,-0.00204049221302502,0.000890695215118645,0.00224390893261732,0,0,0,0,0,0,0,0,0,0,0,0,0,0,0,0,0,0,-0.00107957656287771,-0.00118768117399144,0.00123561064961938,0,0,0,-0.00127190895418687,-0.00214603978633305,-9.53933263604767e-05,-0.000974829196725967,0.0016402295812605,-3.31238407286593e-05,0,0,0,0,0,0,-0.00139289934470543,-0.00139518154651715,-0.00160615764589439,0,0,0,0,0,0,0.00858915938102137,-0.00081840315347855,0.000257601203130708,0,0,0,0,0,-3.36049877550443e-05,0,0,0,0,0,-3.46545765863911e-05,0,0,0,0,0,0,0,0,0,0,0,0,0,0,0,0,0,0,0,0,3.22204192784867e-05,0,0,0,0,0,4.61887392922701e-05,0,0,-4.72660273624177e-05,0,0,0,0,0,0,0,0,3.23281038753269e-05,0,0,0,0,0,0,0,0,6.93889390390723e-21,0,0,0
-0.00125699706246807,-2.21844773702495e-06,-0.00175435767554,0,0,0,-0.00107693217244114,-0.000546843078445952,0.00162262169101443,0,0,0,0,0,0,0,0,0,0,0,0,0,0,0,0,0,0,0.00124388199298187,0.00125444923005218,-0.0015242454085658,0,0,0,0.00215247743118108,0.00362967014074627,0.000161842848286237,-0.00163660921879348,0.00275200030977231,-5.323683450914e-05,0,0,0,0,0,0,0.00139258218301829,0.00116252521355984,0.00177325233405082,0,0,0,0,0,0,-0.00081840315347855,0.0130891525705696,-0.000184984247318342,0,0,0,-6.40573164436898e-05,3.77506106679571e-05,-0.000100271422145697,0,0,0,7.30531043882507e-05,-3.31359639558839e-05,-0.000104856778777125,0,0,0,0,0,0,0,0,0,0,0,0,0,0,0,0,0,0,3.45810906036268e-05,3.89877015607131e-05,-8.0048657510737e-05,0,0,0,-8.23352123120363e-08,-1.42486487783533e-07,-7.99465810655585e-05,6.18980481177211e-07,-1.06640353143225e-06,-8.13789011077024e-05,0,0,0,0,0,0,-4.41135238170529e-05,-4.52380195154515e-05,-8.66801966865263e-05,0,0,0,0,0,0,0,-6.93889390390723e-21,-2.22044604925031e-19,0,0,0
