0,0,1.2107928230e-07
0,1,6.0243733063e-09
0,2,-2.7407571368e-08
0,3,9.2324132805e-11
0,4,3.6126101333e-09
0,5,-4.5953799638e-08
1,0,6.0243733063e-09
1,1,9.6565205227e-08
1,2,-2.3468165986e-10
1,3,3.6126101333e-09
1,4,3.2107160878e-09
1,5,6.1636031677e-09
2,0,-2.7407571368e-08
2,1,-2.3468165986e-10
2,2,9.8501228438e-08
2,3,3.4864681959e-09
2,4,2.1419079687e-09
2,5,-9.4466040802e-09
3,0,9.2324132805e-11
3,1,3.6126101333e-09
3,2,3.4864681959e-09
3,3,7.9976954371e-08
3,4,1.1537267574e-08
3,5,-1.3764878857e-09
4,0,3.6126101333e-09
4,1,3.2107160878e-09
4,2,2.1419079687e-09
4,3,1.1537267574e-08
4,4,4.7905594037e-08
4,5,1.8115837206e-09
5,0,-4.5953799638e-08
5,1,6.1636031677e-09
5,2,-9.4466040802e-09
5,3,-1.3764878857e-09
5,4,1.8115837206e-09
5,5,8.1090075379e-08
6,6,1.2399161486e-07
6,7,-1.4246683555e-08
6,8,-4.1780298413e-08
6,9,-8.8172540668e-09
6,10,-1.7301787580e-10
6,11,-4.6483251748e-08
7,6,-1.4246683555e-08
7,7,8.6622179914e-08
7,8,-9.9424518137e-09
7,9,-1.7301787580e-10
7,10,-1.1907747452e-08
7,11,-4.3879623452e-10
8,6,-4.1780298413e-08
8,7,-9.9424518137e-09
8,8,9.0309087833e-08
8,9,-3.4552766466e-09
8,10,-1.6476283017e-09
8,11,-3.7991499531e-09
9,6,-8.8172540668e-09
9,7,-1.7301787580e-10
9,8,-3.4552766466e-09
9,9,8.2415730573e-08
9,10,-1.4639154839e-08
9,11,-3.1699730017e-09
10,6,-1.7301787580e-10
10,7,-1.1907747452e-08
10,8,-1.6476283017e-09
10,9,-1.4639154839e-08
10,10,4.2006975662e-08
10,11,5.5922645989e-09
11,6,-4.6483251748e-08
11,7,-4.3879623452e-10
11,8,-3.7991499531e-09
11,9,-3.1699730017e-09
11,10,5.5922645989e-09
11,11,8.6751716246e-08
12,12,1.2710392924e-07
12,13,-7.0291442081e-09
12,14,-5.1766043276e-08
12,15,-3.0685966423e-09
12,16,1.4335280619e-09
12,17,-3.8125882361e-08
13,12,-7.0291442081e-09
13,13,8.0802972561e-08
13,14,-5.4068893624e-09
13,15,1.4335280619e-09
13,16,-2.2493760219e-09
13,17,3.2191289434e-10
14,12,-5.1766043276e-08
14,13,-5.4068893624e-09
14,14,8.7366647950e-08
14,15,9.1591649784e-10
14,16,1.1228832507e-09
14,17,-8.7150523546e-09
15,12,-3.0685966423e-09
15,13,1.4335280619e-09
15,14,9.1591649784e-10
15,15,9.3003103373e-08
15,16,-6.7412165622e-09
15,17,-3.4040863910e-09
16,12,1.4335280619e-09
16,13,-2.2493760219e-09
16,14,1.1228832507e-09
16,15,-6.7412165622e-09
16,16,3.9730104813e-08
16,17,1.7905365870e-10
17,12,-3.8125882361e-08
17,13,3.2191289434e-10
17,14,-8.7150523546e-09
17,15,-3.4040863910e-09
17,16,1.7905365870e-10
17,17,9.8077353036e-08
18,18,1.2620254636e-07
18,19,-2.6182758192e-10
18,20,-1.1124012650e-08
18,21,-2.7784539757e-08
18,22,-2.1884450723e-10
18,23,-2.3368121335e-08
19,18,-2.6182758192e-10
19,19,1.1625292698e-07
19,20,-2.8912532427e-10
19,21,-2.1884450723e-10
19,22,-3.9830703429e-08
19,23,3.3979471248e-11
20,18,-1.1124012650e-08
20,19,-2.8912532427e-10
20,20,1.2096227178e-07
20,21,-1.3468020419e-08
20,22,-1.2231553705e-10
20,23,-6.8805292401e-09
21,18,-2.7784539757e-08
21,19,-2.1884450723e-10
21,20,-1.3468020419e-08
21,21,1.0530146324e-07
21,22,-2.3143541890e-10
21,23,-3.6134117221e-08
22,18,-2.1884450723e-10
22,19,-3.9830703429e-08
22,20,-1.2231553705e-10
22,21,-2.3143541890e-10
22,22,8.9847420460e-08
22,23,-9.4026511314e-11
23,18,-2.3368121335e-08
23,19,3.3979471248e-11
23,20,-6.8805292401e-09
23,21,-3.6134117221e-08
23,22,-9.4026511314e-11
23,23,1.0898438896e-07
24,24,1.2330867210e-07
24,25,3.5041160366e-09
24,26,-3.2547493648e-08
24,27,4.1760792149e-10
24,28,-2.7201177583e-09
24,29,-5.7510365232e-08
25,24,3.5041160366e-09
25,25,9.4197308786e-08
25,26,2.8765808523e-10
25,27,-2.7201177583e-09
25,28,7.5587571186e-10
25,29,1.5922095596e-09
26,24,-3.2547493648e-08
26,25,2.8765808523e-10
26,26,1.0537701594e-07
26,27,3.7819488694e-10
26,28,-3.6482950185e-10
26,29,-1.1878802449e-08
27,24,4.1760792149e-10
27,25,-2.7201177583e-09
27,26,3.7819488694e-10
27,27,7.1869837676e-08
27,28,4.9282315605e-09
27,29,-3.3179958497e-10
28,24,-2.7201177583e-09
28,25,7.5587571186e-10
28,26,-3.6482950185e-10
28,27,4.9282315605e-09
28,28,3.3255432399e-08
28,29,-1.0954900375e-09
29,24,-5.7510365232e-08
29,25,1.5922095596e-09
29,26,-1.1878802449e-08
29,27,-3.3179958497e-10
29,28,-1.0954900375e-09
29,29,8.4930323451e-08
30,30,1.2822420959e-07
30,31,1.0778206927e-09
30,32,-2.8652138976e-08
30,33,3.5269266597e-09
30,34,-6.1115359720e-09
30,35,-5.3199610416e-08
31,30,1.0778206927e-09
31,31,1.0259695741e-07
31,32,3.9621109064e-09
31,33,-6.1115359720e-09
31,34,4.9748620744e-09
31,35,-2.4775689619e-09
32,30,-2.8652138976e-08
32,31,3.9621109064e-09
32,32,1.0887391201e-07
32,33,1.6188410072e-09
32,34,1.5424652838e-09
32,35,-1.2717675018e-08
33,30,3.5269266597e-09
33,31,-6.1115359720e-09
33,32,1.6188410072e-09
33,33,8.0641031487e-08
33,34,-1.1381843544e-09
33,35,1.9563023229e-09
34,30,-6.1115359720e-09
34,31,4.9748620744e-09
34,32,1.5424652838e-09
34,33,-1.1381843544e-09
34,34,4.4839639292e-08
34,35,-5.6523821811e-09
35,30,-5.3199610416e-08
35,31,-2.4775689619e-09
35,32,-1.2717675018e-08
35,33,1.9563023229e-09
35,34,-5.6523821811e-09
35,35,8.6365586847e-08
36,36,1.2220257134e-07
36,37,-4.0904143937e-09
36,38,-5.0264487777e-08
36,39,-3.6955642247e-09
36,40,-4.4252805655e-10
36,41,-3.1426767893e-08
37,36,-4.0904143937e-09
37,37,7.7244646728e-08
37,38,-3.5787523231e-09
37,39,-4.4252805655e-10
37,40,-4.2712807969e-09
37,41,9.6745421927e-10
38,36,-5.0264487777e-08
38,37,-3.5787523231e-09
38,38,8.2594854308e-08
38,39,-6.4367069562e-10
38,40,-8.8834710945e-10
38,41,-1.0845968115e-08
39,36,-3.6955642247e-09
39,37,-4.4252805655e-10
39,38,-6.4367069562e-10
39,39,9.4093615609e-08
39,40,-3.2250970339e-09
39,41,-2.8163220370e-09
40,36,-4.4252805655e-10
40,37,-4.2712807969e-09
40,38,-8.8834710945e-10
40,39,-3.2250970339e-09
40,40,4.0458916507e-08
40,41,1.5113615087e-09
41,36,-3.1426767893e-08
41,37,9.6745421927e-10
41,38,-1.0845968115e-08
41,39,-2.8163220370e-09
41,40,1.5113615087e-09
41,41,9.9793314074e-08
42,42,1.3330240168e-07
42,43,5.1376928828e-09
42,44,-3.1727105607e-08
42,45,6.4807739486e-09
42,46,-6.7767397792e-09
42,47,-5.7212697817e-08
43,42,5.1376928828e-09
43,43,1.0492481574e-07
43,44,1.0699941283e-08
43,45,-6.7767397792e-09
43,46,8.1081176568e-09
43,47,-5.2175893439e-09
44,42,-3.1727105607e-08
44,43,1.0699941283e-08
44,44,1.1479345825e-07
44,45,1.8194255772e-09
44,46,-2.3915733963e-09
44,47,-1.3528564958e-08
45,42,6.4807739486e-09
45,43,-6.7767397792e-09
45,44,1.8194255772e-09
45,45,8.2129809085e-08
45,46,4.7093910212e-10
45,47,2.8368771396e-09
46,42,-6.7767397792e-09
46,43,8.1081176568e-09
46,44,-2.3915733963e-09
46,45,4.7093910212e-10
46,46,4.2929371173e-08
46,47,-2.3610450514e-09
47,42,-5.7212697817e-08
47,43,-5.2175893439e-09
47,44,-1.3528564958e-08
47,45,2.8368771396e-09
47,46,-2.3610450514e-09
47,47,9.0855447000e-08
48,48,1.2244375887e-07
48,49,3.6242719004e-09
48,50,-3.3529903506e-08
48,51,5.5205021536e-09
48,52,2.9874824208e-09
48,53,-4.6844035495e-08
49,48,3.6242719004e-09
49,49,9.2453701461e-08
49,50,-1.1509032500e-09
49,51,2.9874824208e-09
49,52,7.7379265041e-09
49,53,4.2721801131e-09
50,48,-3.3529903506e-08
50,49,-1.1509032500e-09
50,50,9.3642233437e-08
50,51,2.4791557914e-09
50,52,1.5308175509e-09
50,53,-7.5658534703e-09
51,48,5.5205021536e-09
51,49,2.9874824208e-09
51,50,2.4791557914e-09
51,51,8.0545179786e-08
51,52,7.4454259584e-09
51,53,3.5194066934e-09
52,48,2.9874824208e-09
52,49,7.7379265041e-09
52,50,1.5308175509e-09
52,51,7.4454259584e-09
52,52,4.4502439602e-08
52,53,2.1937909664e-09
53,48,-4.6844035495e-08
53,49,4.2721801131e-09
53,50,-7.5658534703e-09
53,51,3.5194066934e-09
53,52,2.1937909664e-09
53,53,8.3015867292e-08
54,54,1.2428338621e-07
54,55,5.8353824129e-09
54,56,-4.5103741730e-08
54,57,4.6190417952e-10
54,58,-1.0365536010e-09
54,59,-4.8374180395e-08
55,54,5.8353824129e-09
55,55,8.3941373186e-08
55,56,3.1605255479e-09
55,57,-1.0365536010e-09
55,58,1.5673619032e-09
55,59,9.7237526380e-10
56,54,-4.5103741730e-08
56,55,3.1605255479e-09
56,56,8.9082714580e-08
56,57,1.2359393082e-09
56,58,-1.2925219758e-09
56,59,-5.3285553336e-09
57,54,4.6190417952e-10
57,55,-1.0365536010e-09
57,56,1.2359393082e-09
57,57,8.1016203918e-08
57,58,6.7051012887e-09
57,59,-1.1279507922e-09
58,54,-1.0365536010e-09
58,55,1.5673619032e-09
58,56,-1.2925219758e-09
58,57,6.7051012887e-09
58,58,3.6411346632e-08
58,59,8.3662020878e-10
59,54,-4.8374180395e-08
59,55,9.7237526380e-10
59,56,-5.3285553336e-09
59,57,-1.1279507922e-09
59,58,8.3662020878e-10
59,59,8.7099199560e-08
60,60,1.2739757116e-07
60,61,7.0695511180e-10
60,62,-1.5008103031e-08
60,63,3.3049841389e-08
60,64,-2.2439252968e-09
60,65,-2.5310531895e-08
61,60,7.0695511180e-10
61,61,1.1397391573e-07
61,62,-4.0187783437e-10
61,63,-2.2439252968e-09
61,64,4.6085208998e-08
61,65,-5.7269947134e-10
62,60,-1.5008103031e-08
62,61,-4.0187783437e-10
62,62,1.1917813757e-07
62,63,1.4573984043e-08
62,64,-2.9630584626e-09
62,65,-5.5419783772e-09
63,60,3.3049841389e-08
63,61,-2.2439252968e-09
63,62,1.4573984043e-08
63,63,1.0475914322e-07
63,64,1.9471713237e-10
63,65,3.8822937161e-08
64,60,-2.2439252968e-09
64,61,4.6085208998e-08
64,62,-2.9630584626e-09
64,63,1.9471713237e-10
64,64,8.6901905080e-08
64,65,-4.7603124524e-10
65,60,-2.5310531895e-08
65,61,-5.7269947134e-10
65,62,-5.5419783772e-09
65,63,3.8822937161e-08
65,64,-4.7603124524e-10
65,65,1.1181325850e-07
66,66,1.2887373672e-07
66,67,3.1390972221e-08
66,68,-2.4638437012e-08
66,69,2.8499399676e-10
66,70,-7.4090993482e-10
66,71,-1.3579056231e-08
67,66,3.1390972221e-08
67,67,1.0683644871e-07
67,68,3.8533037235e-08
67,69,-7.4090993482e-10
67,70,7.3994278775e-10
67,71,1.4829622918e-08
68,66,-2.4638437012e-08
68,67,3.8533037235e-08
68,68,1.1234160017e-07
68,69,5.0864821147e-10
68,70,-4.4747844693e-10
68,71,-5.6296944006e-09
69,66,2.8499399676e-10
69,67,-7.4090993482e-10
69,68,5.0864821147e-10
69,69,1.1672825960e-07
69,70,4.4654990191e-08
69,71,-6.4011881215e-10
70,66,-7.4090993482e-10
70,67,7.3994278775e-10
70,68,-4.4747844693e-10
70,69,4.4654990191e-08
70,70,9.0187216068e-08
70,71,-3.8161879660e-11
71,66,-1.3579056231e-08
71,67,1.4829622918e-08
71,68,-5.6296944006e-09
71,69,-6.4011881215e-10
71,70,-3.8161879660e-11
71,71,1.2154656458e-07
72,72,1.2647327279e-07
72,73,-6.6464860477e-10
72,74,-3.9417740315e-08
72,75,-1.9856868516e-09
72,76,2.4890071300e-09
72,77,-4.7320041611e-08
73,72,-6.6464860477e-10
73,73,9.1216974045e-08
73,74,2.6142805444e-10
73,75,2.4890071300e-09
73,76,-2.3328373794e-09
73,77,-7.8225931682e-10
74,72,-3.9417740315e-08
74,73,2.6142805444e-10
74,74,9.3270952393e-08
74,75,-3.8812608934e-10
74,76,5.5403269447e-10
74,77,-7.5380890753e-09
75,72,-1.9856868516e-09
75,73,2.4890071300e-09
75,74,-3.8812608934e-10
75,75,8.4148940893e-08
75,76,-1.3643226081e-09
75,77,-1.4938039472e-09
76,72,2.4890071300e-09
76,73,-2.3328373794e-09
76,74,5.5403269447e-10
76,75,-1.3643226081e-09
76,76,4.2862170888e-08
76,77,1.3617329576e-09
77,72,-4.7320041611e-08
77,73,-7.8225931682e-10
77,74,-7.5380890753e-09
77,75,-1.4938039472e-09
77,76,1.3617329576e-09
77,77,8.6614371992e-08
78,78,1.1905204660e-07
78,79,7.7035607326e-09
78,80,-4.2114294646e-08
78,81,-1.3163144931e-08
78,82,-5.4020632992e-10
78,83,-4.2539714614e-08
79,78,7.7035607326e-09
79,79,8.1383876344e-08
79,80,6.0380949795e-09
79,81,-5.4020632992e-10
79,82,-1.7867763818e-08
79,83,-2.2857031396e-09
80,78,-4.2114294646e-08
80,79,6.0380949795e-09
80,80,8.4381451128e-08
80,81,-5.2599238192e-09
80,82,4.8089782615e-09
80,83,-1.2453014162e-09
81,78,-1.3163144931e-08
81,79,-5.4020632992e-10
81,80,-5.2599238192e-09
81,81,8.1003369156e-08
81,82,5.6591656940e-09
81,83,-5.0034495487e-09
82,78,-5.4020632992e-10
82,79,-1.7867763818e-08
82,80,4.8089782615e-09
82,81,5.6591656940e-09
82,82,4.2338957763e-08
82,83,-7.9716569888e-09
83,78,-4.2539714614e-08
83,79,-2.2857031396e-09
83,80,-1.2453014162e-09
83,81,-5.0034495487e-09
83,82,-7.9716569888e-09
83,83,8.2549856726e-08
84,84,1.2777263993e-07
84,85,1.5350180398e-09
84,86,-4.2047624436e-08
84,87,3.9861934165e-09
84,88,5.0946171913e-09
84,89,-4.4805081431e-08
85,84,1.5350180398e-09
85,85,9.0164101317e-08
85,86,-7.2772193987e-10
85,87,5.0946171913e-09
85,88,6.1066969811e-09
85,89,2.8998057106e-09
86,84,-4.2047624436e-08
86,85,-7.2772193987e-10
86,86,9.1183620208e-08
86,87,2.3707950585e-09
86,88,2.9347234027e-09
86,89,-5.9960040989e-09
87,84,3.9861934165e-09
87,85,5.0946171913e-09
87,86,2.3707950585e-09
87,87,8.7697756803e-08
87,88,4.1286831160e-09
87,89,1.9184441529e-09
88,84,5.0946171913e-09
88,85,6.1066969811e-09
88,86,2.9347234027e-09
88,87,4.1286831160e-09
88,88,4.5292414911e-08
88,89,1.8854652493e-09
89,84,-4.4805081431e-08
89,85,2.8998057106e-09
89,86,-5.9960040989e-09
89,87,1.9184441529e-09
89,88,1.8854652493e-09
89,89,8.8309666931e-08
90,90,1.3620380828e-07
90,91,-4.4785269022e-09
90,92,-5.1154279927e-08
90,93,-8.6808979806e-09
90,94,-4.6244627721e-09
90,95,-4.3191130133e-08
91,90,-4.4785269022e-09
91,91,9.0450029373e-08
91,92,1.0539370563e-09
91,93,-4.6244627721e-09
91,94,-4.3966254711e-09
91,95,-4.7115009319e-09
92,90,-5.1154279927e-08
92,91,1.0539370563e-09
92,92,9.3663395400e-08
92,93,4.7899622827e-09
92,94,2.3790104664e-09
92,95,-8.9342622765e-09
93,90,-8.6808979806e-09
93,91,-4.6244627721e-09
93,92,4.7899622827e-09
93,93,9.7572487075e-08
93,94,-8.6926214460e-09
93,95,-1.0647041102e-08
94,90,-4.6244627721e-09
94,91,-4.3966254711e-09
94,92,2.3790104664e-09
94,93,-8.6926214460e-09
94,94,4.4671298351e-08
94,95,-5.8066592291e-09
95,90,-4.3191130133e-08
95,91,-4.7115009319e-09
95,92,-8.9342622765e-09
95,93,-1.0647041102e-08
95,94,-5.8066592291e-09
95,95,1.0418831963e-07
96,96,1.2096842514e-07
96,97,8.3747755745e-09
96,98,-4.2478841777e-08
96,99,6.7570514508e-09
96,100,6.7454168936e-11
96,101,-5.1126820589e-08
97,96,8.3747755745e-09
97,97,8.2974194014e-08
97,98,2.6505987804e-09
97,99,6.7454168936e-11
97,100,8.9573204221e-09
97,101,2.2966328013e-09
98,96,-4.2478841777e-08
98,97,2.6505987804e-09
98,98,8.8768662554e-08
98,99,2.4599754943e-09
98,100,1.7643723207e-10
98,101,-3.4491413991e-09
99,96,6.7570514508e-09
99,97,6.7454168936e-11
99,98,2.4599754943e-09
99,99,7.5239206617e-08
99,100,1.0428946400e-08
99,101,1.7120470642e-09
100,96,6.7454168936e-11
100,97,8.9573204221e-09
100,98,1.7643723207e-10
100,99,1.0428946400e-08
100,100,3.4485662371e-08
100,101,2.1064002999e-09
101,96,-5.1126820589e-08
101,97,2.2966328013e-09
101,98,-3.4491413991e-09
101,99,1.7120470642e-09
101,100,2.1064002999e-09
101,101,8.3525576147e-08
102,102,1.2478795060e-07
102,103,-3.6585675670e-09
102,104,-4.5834400493e-08
102,105,-3.9328802340e-09
102,106,2.4528290925e-09
102,107,-3.9035004341e-08
103,102,-3.6585675670e-09
103,103,8.3792416519e-08
103,104,-1.9655401540e-09
103,105,2.4528290925e-09
103,106,-6.1610518245e-09
103,107,-1.5471925361e-09
104,102,-4.5834400493e-08
104,103,-1.9655401540e-09
104,104,8.5142474982e-08
104,105,-2.4911715710e-09
104,106,-3.9128122114e-10
104,107,-6.7914203188e-09
105,102,-3.9328802340e-09
105,103,2.4528290925e-09
105,104,-2.4911715710e-09
105,105,8.9873981319e-08
105,106,-5.0424186410e-09
105,107,-1.3644592770e-09
106,102,2.4528290925e-09
106,103,-6.1610518245e-09
106,104,-3.9128122114e-10
106,105,-5.0424186410e-09
106,106,4.3445310980e-08
106,107,3.3451185749e-09
107,102,-3.9035004341e-08
107,103,-1.5471925361e-09
107,104,-6.7914203188e-09
107,105,-1.3644592770e-09
107,106,3.3451185749e-09
107,107,9.2031073436e-08
108,108,1.4119600672e-07
108,109,-4.3954148773e-09
108,110,-5.0269784671e-08
108,111,7.1600261279e-09
108,112,7.9441546926e-09
108,113,-4.5784944610e-08
109,108,-4.3954148773e-09
109,109,9.6233344426e-08
109,110,7.9474221402e-10
109,111,7.9441546926e-09
109,112,3.5433022634e-09
109,113,-4.3077317060e-09
110,108,-5.0269784671e-08
110,109,7.9474221402e-10
110,110,9.7772322707e-08
110,111,-4.0436202085e-09
110,112,8.8590305863e-10
110,113,-8.6932327813e-09
111,108,7.1600261279e-09
111,109,7.9441546926e-09
111,110,-4.0436202085e-09
111,111,1.0024470732e-07
111,112,-8.2483672467e-09
111,113,8.4857325542e-09
112,108,7.9441546926e-09
112,109,3.5433022634e-09
112,110,8.8590305863e-10
112,111,-8.2483672467e-09
112,112,4.8327458803e-08
112,113,5.5807166106e-09
113,108,-4.5784944610e-08
113,109,-4.3077317060e-09
113,110,-8.6932327813e-09
113,111,8.4857325542e-09
113,112,5.5807166106e-09
113,113,1.0528579780e-07
114,114,1.4306297126e-07
114,115,1.8174945165e-08
114,116,-1.5812611725e-08
114,117,1.4612813073e-08
114,118,-1.1087816140e-08
114,119,-1.4482121572e-08
115,114,1.8174945165e-08
115,115,1.2891974138e-07
115,116,2.3786742964e-08
115,117,-1.1087816140e-08
115,118,1.9741756582e-08
115,119,1.0030976181e-08
116,114,-1.5812611725e-08
116,115,2.3786742964e-08
116,116,1.2921528981e-07
116,117,5.7343331693e-09
116,118,-5.8147165212e-09
116,119,-6.9824451731e-09
117,114,1.4612813073e-08
117,115,-1.1087816140e-08
117,116,5.7343331693e-09
117,117,1.3010976795e-07
117,118,2.7146923014e-08
117,119,1.9356317296e-08
118,114,-1.1087816140e-08
118,115,1.9741756582e-08
118,116,-5.8147165212e-09
118,117,2.7146923014e-08
118,118,1.1038058192e-07
118,119,-9.3265895187e-09
119,114,-1.4482121572e-08
119,115,1.0030976181e-08
119,116,-6.9824451731e-09
119,117,1.9356317296e-08
119,118,-9.3265895187e-09
119,119,1.3176901265e-07
120,120,1.2692802520e-07
120,121,3.3536399666e-10
120,122,-1.0065760743e-08
120,123,-2.3403424078e-08
120,124,6.5368358861e-11
120,125,-2.1750864300e-08
121,120,3.3536399666e-10
121,121,1.1792493509e-07
121,122,3.5008100332e-10
121,123,6.5368358861e-11
121,124,-3.3263810310e-08
121,125,1.7938774920e-10
122,120,-1.0065760743e-08
122,121,3.5008100332e-10
122,122,1.2106040107e-07
122,123,-1.1024246949e-08
122,124,-4.0162578791e-10
122,125,-7.8046410841e-09
123,120,-2.3403424078e-08
123,121,6.5368358861e-11
123,122,-1.1024246949e-08
123,123,1.0747346074e-07
123,124,4.9581327728e-10
123,125,-3.3356376636e-08
124,120,6.5368358861e-11
124,121,-3.3263810310e-08
124,122,-4.0162578791e-10
124,123,4.9581327728e-10
124,124,9.2226657768e-08
124,125,1.0917229969e-10
125,120,-2.1750864300e-08
125,121,1.7938774920e-10
125,122,-7.8046410841e-09
125,123,-3.3356376636e-08
125,124,1.0917229969e-10
125,125,1.0838539005e-07
126,126,1.4037728190e-07
126,127,-9.8663696240e-09
126,128,-4.4704648653e-08
126,129,-7.5241043932e-10
126,130,-6.5645035495e-10
126,131,-5.0082735427e-08
127,126,-9.8663696240e-09
127,127,1.0039222859e-07
127,128,-8.3598465185e-09
127,129,-6.5645035495e-10
127,130,3.6719093275e-09
127,131,3.4201476875e-11
128,126,-4.4704648653e-08
128,127,-8.3598465185e-09
128,128,1.0358922673e-07
128,129,4.9465398764e-09
128,130,2.3113074740e-09
128,131,-1.0107343912e-08
129,126,-7.5241043932e-10
129,127,-6.5645035495e-10
129,128,4.9465398764e-09
129,129,9.5581921539e-08
129,130,-9.8357788931e-09
129,131,-4.9413027089e-09
130,126,-6.5645035495e-10
130,127,3.6719093275e-09
130,128,2.3113074740e-09
130,129,-9.8357788931e-09
130,130,4.7510993090e-08
130,131,-3.1059833997e-09
131,126,-5.0082735427e-08
131,127,3.4201476875e-11
131,128,-1.0107343912e-08
131,129,-4.9413027089e-09
131,130,-3.1059833997e-09
131,131,9.9637964448e-08
132,132,1.3131360475e-07
132,133,-5.2224118695e-10
132,134,-1.3614345755e-08
132,135,2.7634188389e-08
132,136,-5.2641629366e-10
132,137,-2.4510556651e-08
133,132,-5.2224118695e-10
133,133,1.1913656372e-07
133,134,-1.3493309285e-09
133,135,-5.2641629366e-10
133,136,3.8216960405e-08
133,137,4.7606350954e-11
134,132,-1.3614345755e-08
134,133,-1.3493309285e-09
134,134,1.2210902756e-07
134,135,1.1831898809e-08
134,136,-7.6986950029e-10
134,137,-7.7977974974e-09
135,132,2.7634188389e-08
135,133,-5.2641629366e-10
135,134,1.1831898809e-08
135,135,1.0939069642e-07
135,136,-4.7966077220e-10
135,137,3.6804329563e-08
136,132,-5.2641629366e-10
136,133,3.8216960405e-08
136,134,-7.6986950029e-10
136,135,-4.7966077220e-10
136,136,9.0975417387e-08
136,137,-5.6306765523e-10
137,132,-2.4510556651e-08
137,133,4.7606350954e-11
137,134,-7.7977974974e-09
137,135,3.6804329563e-08
137,136,-5.6306765523e-10
137,137,1.1294620009e-07
138,138,1.2601134402e-07
138,139,-5.7677897761e-09
138,140,-2.6128552115e-08
138,141,1.3162590942e-09
138,142,3.3003462392e-09
138,143,-5.2115459896e-08
139,138,-5.7677897761e-09
139,139,1.0264125654e-07
139,140,-1.1613750134e-09
139,141,3.3003462392e-09
139,142,2.4086608579e-10
139,143,-3.8332479168e-09
140,138,-2.6128552115e-08
140,139,-1.1613750134e-09
140,140,1.0975733645e-07
140,141,-1.2023259347e-09
140,142,1.2117007568e-09
140,143,-1.3799957505e-08
141,138,1.3162590942e-09
141,139,3.3003462392e-09
141,140,-1.2023259347e-09
141,141,7.9397859614e-08
141,142,-9.1963509427e-09
141,143,1.1026914866e-09
142,138,3.3003462392e-09
142,139,2.4086608579e-10
142,140,1.2117007568e-09
142,141,-9.1963509427e-09
142,142,4.4987806136e-08
142,143,1.5693336573e-09
143,138,-5.2115459896e-08
143,139,-3.8332479168e-09
143,140,-1.3799957505e-08
143,141,1.1026914866e-09
143,142,1.5693336573e-09
143,143,8.4737770994e-08
144,144,1.2576894196e-07
144,145,3.6560542625e-09
144,146,-1.4153330853e-08
144,147,-2.7039620666e-08
144,148,-1.5841847299e-10
144,149,-2.3797954553e-08
145,144,3.6560542625e-09
145,145,1.1310981800e-07
145,146,4.8959692013e-09
145,147,-1.5841847299e-10
145,148,-3.6900437836e-08
145,149,1.2484189154e-09
146,144,-1.4153330853e-08
146,145,4.8959692013e-09
146,146,1.1551259533e-07
146,147,-1.1024728753e-08
146,148,-3.9221417264e-09
146,149,-7.1103304358e-09
147,144,-2.7039620666e-08
147,145,-1.5841847299e-10
147,146,-1.1024728753e-08
147,147,1.0448340432e-07
147,148,4.7726740861e-09
147,149,-3.5560827372e-08
148,144,-1.5841847299e-10
148,145,-3.6900437836e-08
148,146,-3.9221417264e-09
148,147,4.7726740861e-09
148,148,8.6136016009e-08
148,149,-5.7190700671e-10
149,144,-2.3797954553e-08
149,145,1.2484189154e-09
149,146,-7.1103304358e-09
149,147,-3.5560827372e-08
149,148,-5.7190700671e-10
149,149,1.0835880326e-07
150,150,1.2752650095e-07
150,151,-3.0439314511e-09
150,152,-3.4664190050e-08
150,153,2.9720146840e-10
150,154,5.9897661474e-09
150,155,-4.6131656405e-08
151,150,-3.0439314511e-09
151,151,9.6521906818e-08
151,152,-2.7986915903e-09
151,153,5.9897661474e-09
151,154,-5.0054051566e-10
151,155,-5.6445916220e-10
152,150,-3.4664190050e-08
152,151,-2.7986915903e-09
152,152,9.5416460826e-08
152,153,-8.9190265243e-10
152,154,-3.9910340157e-10
152,155,-7.9076416942e-09
153,150,2.9720146840e-10
153,151,5.9897661474e-09
153,152,-8.9190265243e-10
153,153,8.6265093098e-08
153,154,-3.5487990739e-09
153,155,5.4521559950e-10
154,150,5.9897661474e-09
154,151,-5.0054051566e-10
154,152,-3.9910340157e-10
154,153,-3.5487990739e-09
154,154,4.8934385608e-08
154,155,5.5506489754e-09
155,150,-4.6131656405e-08
155,151,-5.6445916220e-10
155,152,-7.9076416942e-09
155,153,5.4521559950e-10
155,154,5.5506489754e-09
155,155,8.6883608531e-08
156,156,1.2797410624e-07
156,157,-9.0451189603e-10
156,158,-4.8527940271e-08
156,159,4.4510558977e-09
156,160,3.6305459487e-09
156,161,-4.9055183641e-08
157,156,-9.0451189603e-10
157,157,8.4569396939e-08
157,158,-7.6746858007e-10
157,159,3.6305459487e-09
157,160,5.8589612809e-09
157,161,1.3566156659e-09
158,156,-4.8527940271e-08
158,157,-7.6746858007e-10
158,158,9.0362748387e-08
158,159,1.5740860714e-09
158,160,6.8620382287e-09
158,161,-4.3318439267e-09
159,156,4.4510558977e-09
159,157,3.6305459487e-09
159,158,1.5740860714e-09
159,159,8.4097816133e-08
159,160,3.0888204332e-10
159,161,1.1216476721e-09
160,156,3.6305459487e-09
160,157,5.8589612809e-09
160,158,6.8620382287e-09
160,159,3.0888204332e-10
160,160,3.7227631690e-08
160,161,-4.8790654688e-09
161,156,-4.9055183641e-08
161,157,1.3566156659e-09
161,158,-4.3318439267e-09
161,159,1.1216476721e-09
161,160,-4.8790654688e-09
161,161,9.0478043562e-08
162,162,1.1659054664e-07
162,163,7.4915230620e-09
162,164,-3.9403278903e-08
162,165,1.0514584203e-08
162,166,-1.7253717201e-09
162,167,-4.2224959810e-08
163,162,7.4915230620e-09
163,163,8.1347182579e-08
163,164,-2.0227016683e-09
163,165,-1.7253717201e-09
163,166,1.2036950657e-08
163,167,8.2647495880e-09
164,162,-3.9403278903e-08
164,163,-2.0227016683e-09
164,164,8.2266794923e-08
164,165,1.7020574391e-09
164,166,5.4957263281e-09
164,167,-1.8203144803e-09
165,162,1.0514584203e-08
165,163,-1.7253717201e-09
165,164,1.7020574391e-09
165,165,7.8823394451e-08
165,166,1.4883739820e-08
165,167,4.1411835707e-09
166,162,-1.7253717201e-09
166,163,1.2036950657e-08
166,164,5.4957263281e-09
166,165,1.4883739820e-08
166,166,4.2123778802e-08
166,167,-3.4861719810e-09
167,162,-4.2224959810e-08
167,163,8.2647495880e-09
167,164,-1.8203144803e-09
167,165,4.1411835707e-09
167,166,-3.4861719810e-09
167,167,8.2059959893e-08
168,168,1.1947684054e-07
168,169,-7.3720968750e-10
168,170,-3.1969119041e-08
168,171,2.3588412718e-09
168,172,3.0413099363e-09
168,173,-5.2215840561e-08
169,168,-7.3720968750e-10
169,169,9.0882791198e-08
169,170,-1.8357581447e-09
169,171,3.0413099363e-09
169,172,1.2896879911e-09
169,173,1.2881640799e-09
170,168,-3.1969119041e-08
170,169,-1.8357581447e-09
170,170,9.9145409891e-08
170,171,-1.1953497070e-09
170,172,1.4055628698e-09
170,173,-1.1061158972e-08
171,168,2.3588412718e-09
171,169,3.0413099363e-09
171,170,-1.1953497070e-09
171,171,7.2773572942e-08
171,172,4.1495929204e-10
171,173,2.4015773353e-09
172,168,3.0413099363e-09
172,169,1.2896879911e-09
172,170,1.4055628698e-09
172,171,4.1495929204e-10
172,172,3.5330596422e-08
172,173,9.0228063127e-10
173,168,-5.2215840561e-08
173,169,1.2881640799e-09
173,170,-1.1061158972e-08
173,171,2.4015773353e-09
173,172,9.0228063127e-10
173,173,8.1657470091e-08
174,174,1.2606549998e-07
174,175,9.7858794513e-10
174,176,-3.1624422434e-08
174,177,1.2408184506e-09
174,178,-5.8958677991e-09
174,179,-5.5721283687e-08
175,174,9.7858794513e-10
175,175,9.7779756652e-08
175,176,1.4204923926e-10
175,177,-5.8958677991e-09
175,178,1.8501817080e-09
175,179,5.1452204198e-10
176,174,-3.1624422434e-08
176,175,1.4204923926e-10
176,176,1.0611694010e-07
176,177,6.8128883332e-10
176,178,1.0002187682e-09
176,179,-1.1915295206e-08
177,174,1.2408184506e-09
177,175,-5.8958677991e-09
177,176,6.8128883332e-10
177,177,7.6226868730e-08
177,178,1.4387904498e-09
177,179,1.1306580841e-10
178,174,-5.8958677991e-09
178,175,1.8501817080e-09
178,176,1.0002187682e-09
178,177,1.4387904498e-09
178,178,3.8408889240e-08
178,179,-4.2450828642e-09
179,174,-5.5721283687e-08
179,175,5.1452204198e-10
179,176,-1.1915295206e-08
179,177,1.1306580841e-10
179,178,-4.2450828642e-09
179,179,8.5726380868e-08
180,180,1.2655050670e-07
180,181,8.4446090340e-09
180,182,-2.1610075496e-08
180,183,-2.1681971357e-11
180,184,5.3197580992e-09
180,185,-4.6197356664e-08
181,180,8.4446090340e-09
181,181,1.0722186758e-07
181,182,8.9435706014e-09
181,183,5.3197580992e-09
181,184,2.0527184159e-09
181,185,1.9195194066e-09
182,180,-2.1610075496e-08
182,181,8.9435706014e-09
182,182,1.1260099231e-07
182,183,2.3192501392e-09
182,184,7.1114828819e-10
182,185,-1.4072591672e-08
183,180,-2.1681971357e-11
183,181,5.3197580992e-09
183,182,2.3192501392e-09
183,183,8.5230334750e-08
183,184,1.0161479385e-08
183,185,-2.8355148100e-10
184,180,5.3197580992e-09
184,181,2.0527184159e-09
184,182,7.1114828819e-10
184,183,1.0161479385e-08
184,184,5.4643622289e-08
184,185,5.1022560529e-09
185,180,-4.6197356664e-08
185,181,1.9195194066e-09
185,182,-1.4072591672e-08
185,183,-2.8355148100e-10
185,184,5.1022560529e-09
185,185,8.4832367440e-08
186,186,1.2100896235e-07
186,187,-4.3631257420e-09
186,188,-4.7428142650e-08
186,189,-2.9727496041e-09
186,190,-1.2313949529e-08
186,191,-2.5908526871e-08
187,186,-4.3631257420e-09
187,187,7.8587941945e-08
187,188,-3.5209659904e-09
187,189,-1.2313949529e-08
187,190,-7.9611149686e-09
187,191,4.0505388601e-09
188,186,-4.7428142650e-08
188,187,-3.5209659904e-09
188,188,8.1420035855e-08
188,189,-5.5771620259e-09
188,190,-7.6728728588e-09
188,191,-8.0214234326e-09
189,186,-2.9727496041e-09
189,187,-1.2313949529e-08
189,188,-5.5771620259e-09
189,189,9.7835671438e-08
189,190,-7.4021364733e-10
189,191,3.5162190776e-09
190,186,-1.2313949529e-08
190,187,-7.9611149686e-09
190,188,-7.6728728588e-09
190,189,-7.4021364733e-10
190,190,4.8997512287e-08
190,191,-4.1878832815e-09
191,186,-2.5908526871e-08
191,187,4.0505388601e-09
191,188,-8.0214234326e-09
191,189,3.5162190776e-09
191,190,-4.1878832815e-09
191,191,9.8333456527e-08
192,192,1.2478431568e-07
192,193,-9.2358947765e-09
192,194,-3.9455418489e-08
192,195,-1.6272043988e-09
192,196,-1.4518664723e-08
192,197,-5.1374929954e-08
193,192,-9.2358947765e-09
193,193,8.9494316553e-08
193,194,-1.5943441746e-08
193,195,-1.4518664723e-08
193,196,1.3420158218e-10
193,197,7.9909981285e-09
194,192,-3.9455418489e-08
194,193,-1.5943441746e-08
194,194,9.9460304048e-08
194,195,1.9693117547e-09
194,196,-7.2660328165e-09
194,197,-7.1173347100e-09
195,192,-1.6272043988e-09
195,193,-1.4518664723e-08
195,194,1.9693117547e-09
195,195,7.8833181395e-08
195,196,-2.0885287672e-09
195,197,-1.0304191942e-09
196,192,-1.4518664723e-08
196,193,1.3420158218e-10
196,194,-7.2660328165e-09
196,195,-2.0885287672e-09
196,196,3.7849314498e-08
196,197,-3.0898484146e-09
197,192,-5.1374929954e-08
197,193,7.9909981285e-09
197,194,-7.1173347100e-09
197,195,-1.0304191942e-09
197,196,-3.0898484146e-09
197,197,8.7463459616e-08
198,198,1.2959820444e-07
198,199,-5.2381256717e-09
198,200,-3.4038084027e-08
198,201,1.0199114695e-08
198,202,1.0222609976e-08
198,203,-5.4992394422e-08
199,198,-5.2381256717e-09
199,199,9.9153616560e-08
199,200,1.7185460001e-10
199,201,1.0222609976e-08
199,202,9.1295801717e-09
199,203,-1.8077855959e-09
200,198,-3.4038084027e-08
200,199,1.7185460001e-10
200,200,1.0473483010e-07
200,201,-1.1957759493e-09
200,202,1.7841929943e-09
200,203,-9.2417669140e-09
201,198,1.0199114695e-08
201,199,1.0222609976e-08
201,200,-1.1957759493e-09
201,201,8.0411511574e-08
201,202,-6.8550582642e-09
201,203,5.5793987597e-09
202,198,1.0222609976e-08
202,199,9.1295801717e-09
202,200,1.7841929943e-09
202,201,-6.8550582642e-09
202,202,4.2573510159e-08
202,203,3.9505983414e-09
203,198,-5.4992394422e-08
203,199,-1.8077855959e-09
203,200,-9.2417669140e-09
203,201,5.5793987597e-09
203,202,3.9505983414e-09
203,203,8.8993967323e-08
204,204,1.2807799256e-07
204,205,-1.0597123030e-08
204,206,-4.1810663868e-08
204,207,-3.8015893030e-09
204,208,-3.7167738636e-09
204,209,-4.9923755184e-08
205,204,-1.0597123030e-08
205,205,9.0681397924e-08
205,206,-8.4438099177e-09
205,207,-3.7167738636e-09
205,208,-5.8964415455e-09
205,209,1.6399577523e-10
206,204,-4.1810663868e-08
206,205,-8.4438099177e-09
206,206,9.6537051437e-08
206,207,-2.3421160085e-09
206,208,-1.0964808606e-09
206,209,-6.7843699292e-09
207,204,-3.8015893030e-09
207,205,-3.7167738636e-09
207,206,-2.3421160085e-09
207,207,8.3424828447e-08
207,208,-1.0450440749e-08
207,209,7.8803500002e-10
208,204,-3.7167738636e-09
208,205,-5.8964415455e-09
208,206,-1.0964808606e-09
208,207,-1.0450440749e-08
208,208,4.0600737867e-08
208,209,-2.4366744174e-10
209,204,-4.9923755184e-08
209,205,1.6399577523e-10
209,206,-6.7843699292e-09
209,207,7.8803500002e-10
209,208,-2.4366744174e-10
209,209,8.8516845345e-08
210,210,1.2240048292e-07
210,211,-1.3721407917e-08
210,212,-3.0935796590e-08
210,213,-9.1007801231e-09
210,214,6.1760420439e-09
210,215,-5.1963636775e-08
211,210,-1.3721407917e-08
211,211,9.4730665274e-08
211,212,-1.0647137219e-08
211,213,6.1760420439e-09
211,214,-1.3092404454e-08
211,215,-2.8090587848e-09
212,210,-3.0935796590e-08
212,211,-1.0647137219e-08
212,212,9.9519615666e-08
212,213,-4.4627716728e-09
212,214,1.8082739146e-09
212,215,-6.8269584574e-09
213,210,-9.1007801231e-09
213,211,6.1760420439e-09
213,212,-4.4627716728e-09
213,213,7.5922793244e-08
213,214,-1.6233906475e-08
213,215,-5.2298992332e-09
214,210,6.1760420439e-09
214,211,-1.3092404454e-08
214,212,1.8082739146e-09
214,213,-1.6233906475e-08
214,214,4.2791408833e-08
214,215,7.4592410886e-09
215,210,-5.1963636775e-08
215,211,-2.8090587848e-09
215,212,-6.8269584574e-09
215,213,-5.2298992332e-09
215,214,7.4592410886e-09
215,215,8.4138049358e-08
216,216,1.2693385627e-07
216,217,-5.6792967404e-10
216,218,-2.6727635630e-08
216,219,-9.5618804688e-10
216,220,-5.5714604671e-11
216,221,-5.4523979270e-08
217,216,-5.6792967404e-10
217,217,1.0302793221e-07
217,218,6.1799889393e-10
217,219,-5.5714604671e-11
217,220,-1.5357457395e-09
217,221,-9.2622888930e-10
218,216,-2.6727635630e-08
218,217,6.1799889393e-10
218,218,1.1307662422e-07
218,219,-6.4796519880e-10
218,220,9.4711923831e-10
218,221,-1.5640066199e-08
219,216,-9.5618804688e-10
219,217,-5.5714604671e-11
219,218,-6.4796519880e-10
219,219,7.8166126648e-08
219,220,-1.3963739777e-09
219,221,-2.5295566538e-10
220,216,-5.5714604671e-11
220,217,-1.5357457395e-09
220,218,9.4711923831e-10
220,219,-1.3963739777e-09
220,220,4.1748149630e-08
220,221,-6.0987669706e-10
221,216,-5.4523979270e-08
221,217,-9.2622888930e-10
221,218,-1.5640066199e-08
221,219,-2.5295566538e-10
221,220,-6.0987669706e-10
221,221,8.5622298821e-08
222,222,1.3825128676e-07
222,223,4.4096725342e-09
222,224,-4.3338169649e-08
222,225,-1.8722422715e-08
222,226,-8.4812499977e-09
222,227,-3.4399593271e-08
223,222,4.4096725342e-09
223,223,9.9488449418e-08
223,224,9.1110805318e-09
223,225,-8.4812499977e-09
223,226,-2.0009231389e-08
223,227,-1.8149197419e-09
224,222,-4.3338169649e-08
224,223,9.1110805318e-09
224,224,1.0012785709e-07
224,225,-1.4386958342e-09
224,226,-2.6926066633e-09
224,227,-1.2014187608e-08
225,222,-1.8722422715e-08
225,223,-8.4812499977e-09
225,224,-1.4386958342e-09
225,225,1.0748335518e-07
225,226,2.7863589676e-09
225,227,-1.9604166779e-08
226,222,-8.4812499977e-09
226,223,-2.0009231389e-08
226,224,-2.6926066633e-09
226,225,2.7863589676e-09
226,226,5.9109167750e-08
226,227,-8.8269572588e-09
227,222,-3.4399593271e-08
227,223,-1.8149197419e-09
227,224,-1.2014187608e-08
227,225,-1.9604166779e-08
227,226,-8.8269572588e-09
227,227,1.1020914607e-07
228,228,1.2722872456e-07
228,229,2.6077907822e-09
228,230,-3.3379768933e-08
228,231,4.8703307466e-09
228,232,2.1092911064e-09
228,233,-5.8813881955e-08
229,228,2.6077907822e-09
229,229,9.7372951593e-08
229,230,1.7364245663e-09
229,231,2.1092911064e-09
229,232,6.5380203812e-09
229,233,3.6531022865e-10
230,228,-3.3379768933e-08
230,229,1.7364245663e-09
230,230,1.0871866397e-07
230,231,1.8645336942e-09
230,232,-2.9640406338e-10
230,233,-1.2230103830e-08
231,228,4.8703307466e-09
231,229,2.1092911064e-09
231,230,1.8645336942e-09
231,231,7.4623989327e-08
231,232,2.9345341839e-09
231,233,1.4553629367e-09
232,228,2.1092911064e-09
232,229,6.5380203812e-09
232,230,-2.9640406338e-10
232,231,2.9345341839e-09
232,232,3.4984133300e-08
232,233,1.5096525147e-09
233,228,-5.8813881955e-08
233,229,3.6531022865e-10
233,230,-1.2230103830e-08
233,231,1.4553629367e-09
233,232,1.5096525147e-09
233,233,8.7448305608e-08
234,234,1.2128577936e-07
234,235,-2.4065143411e-08
234,236,-2.1779969565e-08
234,237,1.0682015159e-10
234,238,-2.4030913279e-09
234,239,-1.1187595968e-08
235,234,-2.4065143411e-08
235,235,1.0180518237e-07
235,236,-3.3071775838e-08
235,237,-2.4030913279e-09
235,238,-2.3023310906e-10
235,239,-1.0743664335e-08
236,234,-2.1779969565e-08
236,235,-3.3071775838e-08
236,236,1.0393457993e-07
236,237,-3.7683700143e-10
236,238,-1.7022500790e-09
236,239,-7.2262325099e-09
237,234,1.0682015159e-10
237,235,-2.4030913279e-09
237,236,-3.7683700143e-10
237,237,1.1127928933e-07
237,238,-3.3674568923e-08
237,239,2.1613885656e-09
238,234,-2.4030913279e-09
238,235,-2.3023310906e-10
238,236,-1.7022500790e-09
238,237,-3.3674568923e-08
238,238,8.6017706323e-08
238,239,-2.6778635497e-09
239,234,-1.1187595968e-08
239,235,-1.0743664335e-08
239,236,-7.2262325099e-09
239,237,2.1613885656e-09
239,238,-2.6778635497e-09
239,239,1.1406757989e-07
240,240,1.2295064927e-07
240,241,-9.5569324135e-09
240,242,-1.7833091529e-08
240,243,-2.6873971586e-08
240,244,-5.6967533251e-09
240,245,-1.9996523956e-08
241,240,-9.5569324135e-09
241,241,1.0700024731e-07
241,242,-1.0372950542e-08
241,243,-5.6967533251e-09
241,244,-3.6754442223e-08
241,245,4.8340564006e-10
242,240,-1.7833091529e-08
242,241,-1.0372950542e-08
242,242,1.0473880993e-07
242,243,-1.1046701997e-08
242,244,-2.0275591836e-10
242,245,9.8420524434e-12
243,240,-2.6873971586e-08
243,241,-5.6967533251e-09
243,242,-1.1046701997e-08
243,243,1.0506521452e-07
243,244,-9.1245612648e-09
243,245,-3.5060624115e-08
244,240,-5.6967533251e-09
244,241,-3.6754442223e-08
244,242,-2.0275591836e-10
244,243,-9.1245612648e-09
244,244,8.9122686198e-08
244,245,-3.4226998720e-09
245,240,-1.9996523956e-08
245,241,4.8340564006e-10
245,242,9.8420524434e-12
245,243,-3.5060624115e-08
245,244,-3.4226998720e-09
245,245,1.0644197058e-07
246,246,1.2187077633e-07
246,247,3.0126349965e-09
246,248,-3.1356091229e-08
246,249,3.3007540328e-09
246,250,-4.5028479585e-09
246,251,-4.1705027463e-08
247,246,3.0126349965e-09
247,247,9.3825035731e-08
247,248,1.4907309416e-08
247,249,-4.5028479585e-09
247,250,8.3138468812e-09
247,251,-1.2890187776e-08
248,246,-3.1356091229e-08
248,247,1.4907309416e-08
248,248,9.3913353571e-08
248,249,5.6048081933e-09
248,250,-5.1942108975e-09
248,251,-5.1735219359e-09
249,246,3.3007540328e-09
249,247,-4.5028479585e-09
249,248,5.6048081933e-09
249,249,8.4568665765e-08
249,250,-8.5166994472e-09
249,251,-1.4861509916e-09
250,246,-4.5028479585e-09
250,247,8.3138468812e-09
250,248,-5.1942108975e-09
250,249,-8.5166994472e-09
250,250,5.2384107618e-08
250,251,6.2055199605e-10
251,246,-4.1705027463e-08
251,247,-1.2890187776e-08
251,248,-5.1735219359e-09
251,249,-1.4861509916e-09
251,250,6.2055199605e-10
251,251,8.2342492023e-08
252,252,1.2988558124e-07
252,253,3.1774442784e-08
252,254,-2.4977293762e-08
252,255,2.8428239360e-10
252,256,-5.0822577047e-11
252,257,-1.3925662864e-08
253,252,3.1774442784e-08
253,253,1.0754521054e-07
253,254,3.8877012738e-08
253,255,-5.0822577047e-11
253,256,-3.5550668895e-11
253,257,1.4840088920e-08
254,252,-2.4977293762e-08
254,253,3.8877012738e-08
254,254,1.1327260369e-07
254,255,-3.5758423459e-10
254,256,-2.3025441062e-10
254,257,-5.7862750650e-09
255,252,2.8428239360e-10
255,253,-5.0822577047e-11
255,254,-3.5758423459e-10
255,255,1.1743008972e-07
255,256,4.5047821831e-08
255,257,5.9461633147e-10
256,252,-5.0822577047e-11
256,253,-3.5550668895e-11
256,254,-2.3025441062e-10
256,255,4.5047821831e-08
256,256,9.0460698972e-08
256,257,1.1321254209e-11
257,252,-1.3925662864e-08
257,253,1.4840088920e-08
257,254,-5.7862750650e-09
257,255,5.9461633147e-10
257,256,1.1321254209e-11
257,257,1.2228749779e-07
258,258,1.1165217851e-07
258,259,-1.0531397910e-08
258,260,-4.1909895667e-08
258,261,-9.1182480814e-09
258,262,4.4542310853e-09
258,263,-4.5990113166e-08
259,258,-1.0531397910e-08
259,259,7.4166828254e-08
259,260,-1.3464963240e-08
259,261,4.4542310853e-09
259,262,-7.0765547434e-09
259,263,5.6534348781e-09
260,258,-4.1909895667e-08
260,259,-1.3464963240e-08
260,260,8.2815666968e-08
260,261,2.2826825465e-09
260,262,1.0834399973e-09
260,263,-2.5907701774e-09
261,258,-9.1182480814e-09
261,259,4.4542310853e-09
261,260,2.2826825465e-09
261,261,7.0517370777e-08
261,262,-5.4748120324e-09
261,263,-7.8156135093e-09
262,258,4.4542310853e-09
262,259,-7.0765547434e-09
262,260,1.0834399973e-09
262,261,-5.4748120324e-09
262,262,3.0959404378e-08
262,263,2.7219031425e-09
263,258,-4.5990113166e-08
263,259,5.6534348781e-09
263,260,-2.5907701774e-09
263,261,-7.8156135093e-09
263,262,2.7219031425e-09
263,263,7.9497107317e-08
264,264,1.2972278072e-07
264,265,-1.2452316493e-09
264,266,-2.6564443777e-08
264,267,-4.0611991047e-10
264,268,-3.1278814170e-09
264,269,-5.1273554854e-08
265,264,-1.2452316493e-09
265,265,1.0596281989e-07
265,266,-5.1113642723e-09
265,267,-3.1278814170e-09
265,268,-1.4995919997e-09
265,269,3.1039825222e-09
266,264,-2.6564443777e-08
266,265,-5.1113642723e-09
266,266,1.1291215847e-07
266,267,-1.2225389615e-09
266,268,-2.0276293693e-09
266,269,-1.4746781568e-08
267,264,-4.0611991047e-10
267,265,-3.1278814170e-09
267,266,-1.2225389615e-09
267,267,8.3862319075e-08
267,268,1.5310547189e-09
267,269,3.6352965348e-10
268,264,-3.1278814170e-09
268,265,-1.4995919997e-09
268,266,-2.0276293693e-09
268,267,1.5310547189e-09
268,268,4.8304932993e-08
268,269,-1.2427287844e-09
269,264,-5.1273554854e-08
269,265,3.1039825222e-09
269,266,-1.4746781568e-08
269,267,3.6352965348e-10
269,268,-1.2427287844e-09
269,269,8.6690647084e-08
