0,0,3.3982488323e-02
0,1,1.8355184667e-03
0,2,2.4846010801e-02
0,3,2.4694156668e-04
0,4,1.0590925063e-03
0,5,8.1450603542e-03
0,240,-4.0192465416e-03
0,241,4.3782040688e-03
0,242,-1.3583518839e-03
0,243,-5.3602553855e-03
0,244,5.5397861605e-03
0,245,-3.7116011155e-03
0,468,-3.9823750219e-03
0,469,4.2561890470e-03
0,470,-1.0718846925e-03
0,471,5.3764154430e-03
0,472,-5.4825595352e-03
0,473,-3.8586820176e-03
0,612,-7.6549552187e-03
0,613,1.2511643728e-02
0,614,-1.4325935094e-02
0,615,-9.0024517910e-04
0,616,1.2204786221e-03
0,617,4.8459583350e-03
0,948,-6.5179480410e-03
0,949,-4.9013716664e-03
0,950,8.5560958886e-04
0,951,8.1513875922e-03
0,952,5.1466091532e-03
0,953,-4.6299888313e-03
0,1194,-6.4838794005e-03
0,1195,-1.0760740676e-02
0,1196,-1.2725931672e-02
0,1197,-5.5738716747e-04
0,1198,-7.9920631741e-04
0,1199,5.0694448872e-03
0,1242,-5.3240840992e-03
0,1243,-4.4629694755e-03
0,1244,2.0302292357e-04
0,1245,-6.7983716759e-03
0,1246,-5.0131401953e-03
0,1247,-4.1249060934e-03
1,0,1.8355184667e-03
1,1,5.6891482910e-02
1,2,1.8253790547e-03
1,3,1.0590925063e-03
1,4,1.8697094379e-03
1,5,4.8447245406e-03
1,240,-3.5901540246e-03
1,241,3.4010779877e-03
1,242,2.8206670200e-05
1,243,-5.1148606095e-03
1,244,4.6246366014e-03
1,245,-4.2900780887e-03
1,468,-4.2864264448e-03
1,469,4.1125919885e-03
1,470,-3.3964452621e-05
1,471,6.1005382672e-03
1,472,-5.6037732926e-03
1,473,-5.1000830712e-03
1,612,-1.2459729592e-02
1,613,2.0343055645e-02
1,614,-2.3238353749e-02
1,615,-1.7334491907e-03
1,616,2.4222495897e-03
1,617,7.8170996162e-03
1,948,4.1964031213e-03
1,949,8.6026745121e-04
1,950,-4.4104430469e-03
1,951,-6.3384125324e-03
1,952,-1.2628553129e-03
1,953,6.0300063331e-03
1,1194,1.0741255763e-02
1,1195,1.7816951170e-02
1,1196,2.1047022747e-02
1,1197,1.0542890640e-03
1,1198,1.5404341814e-03
1,1199,-8.3729251714e-03
1,1242,3.5631327105e-03
1,1243,1.5227892890e-03
1,1244,-2.8800897296e-03
1,1245,5.2648050210e-03
1,1246,2.0849398660e-03
1,1247,4.8020892001e-03
2,0,2.4846010801e-02
2,1,1.8253790547e-03
2,2,7.0949744344e-02
2,3,1.8137247727e-03
2,4,2.4198562046e-03
2,5,-3.2168338703e-02
2,240,2.8418944164e-04
2,241,-1.3276424668e-03
2,242,2.5111489309e-03
2,243,-2.7384425430e-04
2,244,-1.0753119880e-03
2,245,-1.7108746496e-03
2,468,-1.3307713990e-03
2,469,2.9455719596e-04
2,470,2.2816595337e-03
2,471,2.5514638169e-03
2,472,-1.0834012391e-03
2,473,-3.5927405628e-03
2,612,-1.4139618682e-02
2,613,2.3031312607e-02
2,614,-2.6172294800e-02
2,615,-2.6388051204e-03
2,616,3.8394620665e-03
2,617,8.6850421967e-03
2,948,1.4175586391e-03
2,949,4.3704323632e-03
2,950,4.5618047730e-03
2,951,-2.0309279969e-04
2,952,-4.4146917341e-03
2,953,-3.5647265461e-03
2,1194,-1.2654409657e-02
2,1195,-2.0966629286e-02
2,1196,-2.4707612679e-02
2,1197,-1.5727873202e-03
2,1198,-2.3614315567e-03
2,1199,9.7980394035e-03
2,1242,1.5770408555e-03
2,1243,3.5128915864e-03
2,1244,3.6438319684e-03
2,1245,9.4374649583e-04
2,1246,3.5612880156e-03
2,1247,-1.9290086638e-03
3,0,2.4694156668e-04
3,1,1.0590925063e-03
3,2,1.8137247727e-03
3,3,4.2182814529e-02
3,4,6.2143063078e-03
3,5,-5.9940971031e-04
3,240,5.6439516946e-03
3,241,-6.3934823320e-03
3,242,2.5053474996e-03
3,243,7.3678137287e-03
3,244,-7.9330539109e-03
3,245,4.7370604226e-03
3,468,-5.4441779773e-03
3,469,6.0695384269e-03
3,470,-2.0652684483e-03
3,471,7.1801828825e-03
3,472,-7.6525197132e-03
3,473,-4.7626135734e-03
3,612,2.7308111170e-04
3,613,-6.8586066953e-04
3,614,1.3864533368e-03
3,615,-3.0389888487e-03
3,616,4.9478593344e-03
3,617,-9.8047617564e-04
3,948,-8.3006293206e-03
3,949,-7.1772046095e-03
3,950,-4.8304589219e-04
3,951,9.9340365389e-03
3,952,7.3879141483e-03
3,953,-4.6468241396e-03
3,1194,4.3908197388e-04
3,1195,8.5167291005e-04
3,1196,1.3181144992e-03
3,1197,-1.8226012833e-03
3,1198,-3.0227668533e-03
3,1199,-7.0090073880e-04
3,1242,7.1417509510e-03
3,1243,6.5741800051e-03
3,1244,8.2893325587e-04
3,1245,8.8299599757e-03
3,1246,7.2322558475e-03
3,1247,4.7067456020e-03
4,0,1.0590925063e-03
4,1,1.8697094379e-03
4,2,2.4198562046e-03
4,3,6.2143063078e-03
4,4,3.8938961769e-02
4,5,1.9149241367e-03
4,240,4.7716716030e-03
4,241,-4.7013358302e-03
4,242,3.7550236591e-04
4,243,6.6804746849e-03
4,244,-6.2758683864e-03
4,245,5.3392382768e-03
4,468,-5.5592830891e-03
4,469,5.5711741380e-03
4,470,-5.8488456308e-04
4,471,7.7513693450e-03
4,472,-7.4324004127e-03
4,473,-6.1172481024e-03
4,612,1.8811410095e-04
4,613,-6.9654940303e-04
4,614,1.7734105059e-03
4,615,-4.9670508992e-03
4,616,8.0717659278e-03
4,617,-1.5272435496e-03
4,948,4.3044801529e-03
4,949,9.1591014067e-04
4,950,-4.7621132686e-03
4,951,-6.4841227355e-03
4,952,-1.4498988745e-03
4,953,6.0689808375e-03
4,1194,-5.9917695166e-04
4,1195,-1.1974719572e-03
4,1196,-1.9294168505e-03
4,1197,3.0214947197e-03
4,1198,5.0064939435e-03
4,1199,1.0927417330e-03
4,1242,-4.1648983224e-03
4,1243,-1.9205937456e-03
4,1244,3.2472611691e-03
4,1245,-6.0836059495e-03
4,1246,-2.6212795030e-03
4,1247,-5.3770764914e-03
5,0,8.1450603542e-03
5,1,4.8447245406e-03
5,2,-3.2168338703e-02
5,3,-5.9940971031e-04
5,4,1.9149241367e-03
5,5,3.8693522311e-02
5,240,-4.5112904071e-03
5,241,5.6849481991e-03
5,242,-3.4169413108e-03
5,243,-5.5164618820e-03
5,244,6.6924000084e-03
5,245,-2.6811775818e-03
5,468,-4.0474674761e-03
5,469,5.0931306095e-03
5,470,-2.9390233986e-03
5,471,4.9453696323e-03
5,472,-6.0438766692e-03
5,473,-2.3624622928e-03
5,612,5.2674644772e-03
5,613,-8.5903025588e-03
5,614,9.7805300761e-03
5,615,8.6444811868e-04
5,616,-1.3238831223e-03
5,617,-4.5022554064e-03
5,948,-5.0028847242e-03
5,949,-6.4254255742e-03
5,950,-3.9556179339e-03
5,951,4.9842857844e-03
5,952,6.2665984301e-03
5,953,-2.6511096630e-05
5,1194,5.1812964394e-03
5,1195,8.5803351243e-03
5,1196,1.0097921220e-02
5,1197,7.2711235464e-04
5,1198,1.1360953921e-03
5,1199,-4.5306402997e-03
5,1242,-5.0321786634e-03
5,1243,-5.9805435829e-03
5,1244,-3.1759728189e-03
5,1245,-5.5574882136e-03
5,1246,-6.2319217523e-03
5,1247,-1.4357397666e-03
6,6,3.4803934633e-02
6,7,-4.2083987760e-03
6,8,1.0782016211e-02
6,9,-2.3172307483e-03
6,10,-2.2326430947e-04
6,11,1.4268309311e-02
6,48,-4.2156469387e-03
6,49,-5.2016440433e-03
6,50,-2.8403978494e-03
6,51,-5.2424039380e-03
6,52,-6.1406689694e-03
6,53,-2.9291330487e-03
6,150,-5.4460360657e-03
6,151,-8.5962289509e-03
6,152,-9.1225120186e-03
6,153,1.3686215154e-03
6,154,1.9293546809e-03
6,155,4.1126939550e-03
6,594,-6.6102950106e-03
6,595,-1.9587023562e-03
6,596,4.5562345424e-03
6,597,9.4715563243e-03
6,598,2.2226454636e-03
6,599,-7.9750376211e-03
6,858,-3.5280048043e-03
6,859,5.1014634421e-03
6,860,-4.4025548882e-03
6,861,-3.2263301945e-03
6,862,4.4940943252e-03
6,863,2.8136283775e-04
6,1014,-7.2150436412e-03
6,1015,6.8114118802e-03
6,1016,-7.6107420276e-04
6,1017,6.7511707804e-03
6,1018,-4.9012395654e-03
6,1019,-6.4660588094e-04
6,1728,-7.7889081723e-03
6,1729,2.4525191329e-03
6,1730,3.8980239966e-03
6,1731,-1.1522574791e-02
6,1732,2.9199313627e-03
6,1733,-1.0505377392e-02
7,6,-4.2083987760e-03
7,7,4.4902794492e-02
7,8,-9.3072330024e-03
7,9,-2.2326430947e-04
7,10,-5.6647488370e-03
7,11,-5.1180680898e-03
7,48,5.4667809222e-03
7,49,6.4497227228e-03
7,50,2.8675698839e-03
7,51,7.0839925021e-03
7,52,7.9479723604e-03
7,53,4.5929642855e-03
7,150,8.6611183428e-03
7,151,1.3636027013e-02
7,152,1.4384435674e-02
7,153,-2.3892717717e-03
7,154,-3.3952564899e-03
7,155,-6.4211220476e-03
7,594,3.8688313729e-03
7,595,-6.7898988554e-04
7,596,-3.8760797589e-03
7,597,-6.0880920656e-03
7,598,1.1532383943e-03
7,599,6.4125655421e-03
7,858,-5.1837117974e-03
7,859,7.4130841870e-03
7,860,-6.2018796758e-03
7,861,-4.8970712498e-03
7,862,6.7541824893e-03
7,863,9.3164715705e-05
7,1014,-7.2524366629e-03
7,1015,5.4942676693e-03
7,1016,2.0899661548e-03
7,1017,8.1429829600e-03
7,1018,-4.9420570830e-03
7,1019,-3.4888288202e-03
7,1728,-1.3521834016e-03
7,1729,-2.7533265878e-03
7,1730,2.9150412577e-03
7,1731,-2.6376451209e-03
7,1732,-3.9954395815e-03
7,1733,-3.9318587612e-03
8,6,1.0782016211e-02
8,7,-9.3072330024e-03
8,8,4.6584880795e-02
8,9,-3.7064536466e-03
8,10,-1.3358683754e-03
8,11,-3.0610448882e-02
8,48,-3.5011953740e-03
8,49,-3.4626959695e-03
8,50,-1.4189822969e-05
8,51,-5.1824665034e-03
8,52,-5.0381357638e-03
8,53,-4.7558352497e-03
8,150,-9.3462603329e-03
8,151,-1.4627982097e-02
8,152,-1.5216418248e-02
8,153,3.1050897983e-03
8,154,4.4723299508e-03
8,155,6.6247490285e-03
8,594,2.9533202065e-03
8,595,3.2639798169e-03
8,596,-9.5690477462e-04
8,597,-3.5188877241e-03
8,598,-4.3391421988e-03
8,599,1.2345735532e-03
8,858,-4.6550599659e-03
8,859,6.4600621068e-03
8,860,-4.9343224172e-03
8,861,-4.7715466473e-03
8,862,6.4225500158e-03
8,863,-6.8779918972e-04
8,1014,-1.4778831542e-03
8,1015,-1.6446324275e-03
8,1016,6.0074306530e-03
8,1017,4.4325301096e-03
8,1018,-8.1115564341e-04
8,1019,-6.7680484458e-03
8,1728,5.2450624098e-03
8,1729,-2.8856213408e-03
8,1730,-3.0536356090e-03
8,1731,7.5119331901e-03
8,1732,-3.9465711292e-03
8,1733,6.2039209518e-03
9,6,-2.3172307483e-03
9,7,-2.2326430947e-04
9,8,-3.7064536466e-03
9,9,4.8751415234e-02
9,10,-8.9223543688e-03
9,11,-4.9569580685e-03
9,48,5.0854014760e-03
9,49,6.6267736316e-03
9,50,4.3974558668e-03
9,51,5.9819245064e-03
9,52,7.4231648310e-03
9,53,2.5822464675e-03
9,150,-1.1517429505e-03
9,151,-2.0586658900e-03
9,152,-2.7788393126e-03
9,153,-1.1969236555e-03
9,154,-1.8776161062e-03
9,155,1.7050076071e-03
9,594,-9.3654031491e-03
9,595,-3.3896290548e-03
9,596,6.0480431440e-03
9,597,1.3233382255e-02
9,598,3.9745172340e-03
9,599,-1.0703480818e-02
9,858,2.2544816679e-03
9,859,-3.4560495793e-03
9,860,3.4473541770e-03
9,861,1.6862693981e-03
9,862,-2.5082765554e-03
9,863,-9.4751764131e-04
9,1014,-5.9883840302e-03
9,1015,7.3195786763e-03
9,1016,-4.1489827872e-03
9,1017,3.9285422816e-03
9,1018,-4.0458810638e-03
9,1019,2.9676269345e-03
9,1728,1.1482877734e-02
9,1729,-4.3375972676e-03
9,1730,-5.2383968021e-03
9,1731,1.6839615302e-02
9,1732,-5.3262499029e-03
9,1733,1.4999094714e-02
10,6,-2.2326430947e-04
10,7,-5.6647488370e-03
10,8,-1.3358683754e-03
10,9,-8.9223543688e-03
10,10,3.3852005844e-02
10,11,3.5168177957e-03
10,48,-6.2863376689e-03
10,49,-7.8563559502e-03
10,50,-4.4886028394e-03
10,51,-7.7185081368e-03
10,52,-9.1779717110e-03
10,53,-4.0720133013e-03
10,150,1.6092857606e-03
10,151,2.9155659468e-03
10,152,4.0192525187e-03
10,153,1.9144420319e-03
10,154,2.9880697600e-03
10,155,-2.5702050726e-03
10,594,4.9068357298e-03
10,595,-7.7253032782e-04
10,596,-5.0089760993e-03
10,597,-7.6936248201e-03
10,598,1.3028061407e-03
10,599,8.0296805397e-03
10,858,3.1317309568e-03
10,859,-4.7638324800e-03
10,860,4.6649700445e-03
10,861,2.4123856278e-03
10,862,-3.5585994292e-03
10,863,-1.1880263977e-03
10,1014,-4.4810814218e-03
10,1015,4.7827139588e-03
10,1016,-1.3593217608e-03
10,1017,3.6355944586e-03
10,1018,-3.2855501691e-03
10,1019,1.0465301729e-03
10,1728,1.3428309530e-03
10,1729,4.1386573502e-03
10,1730,-4.1470768851e-03
10,1731,2.9004040836e-03
10,1732,5.9084986083e-03
10,1733,4.8230675710e-03
11,6,1.4268309311e-02
11,7,-5.1180680898e-03
11,8,-3.0610448882e-02
11,9,-4.9569580685e-03
11,10,3.5168177957e-03
11,11,4.7185122823e-02
11,48,-2.5550756525e-03
11,49,-4.1020136163e-03
11,50,-4.3700554867e-03
11,51,-2.2546580990e-03
11,52,-3.7382039484e-03
11,53,7.6259628583e-04
11,150,4.0817373922e-03
11,151,6.3289399287e-03
11,152,6.4248422091e-03
11,153,-1.7286519045e-03
11,154,-2.5855802578e-03
11,155,-3.0931535369e-03
11,594,-7.6580396665e-03
11,595,-4.2160912866e-03
11,596,3.9313890799e-03
11,597,1.0384007732e-02
11,598,5.1743664404e-03
11,599,-7.3577030934e-03
11,858,1.8518136386e-03
11,859,-2.3975221164e-03
11,860,1.3941032555e-03
11,861,2.2299347381e-03
11,862,-2.8970497626e-03
11,863,9.0927269613e-04
11,1014,3.9188429799e-04
11,1015,2.7223296244e-03
11,1016,-6.8706526968e-03
11,1017,-3.4750622920e-03
11,1018,6.5335814424e-04
11,1019,6.1491769322e-03
11,1728,-1.0380629321e-02
11,1729,5.6484985041e-03
11,1730,3.4525911351e-03
11,1731,-1.4869770023e-02
11,1732,7.2463406022e-03
11,1733,-1.2392960213e-02
12,12,3.3607191571e-02
12,13,-1.8424048371e-03
12,14,1.0384123062e-02
12,15,-4.0542767401e-04
12,16,5.1933941119e-04
12,17,1.5113917065e-02
12,126,-5.6636377779e-03
12,127,-1.1383005651e-03
12,128,4.5658875562e-03
12,129,8.7896085067e-03
12,130,1.5108194876e-03
12,131,-8.9703641986e-03
12,282,-6.1867535514e-03
12,283,6.9212739000e-03
12,284,-2.5828652354e-03
12,285,5.3918939723e-03
12,286,-4.9734222785e-03
12,287,5.3643978510e-06
12,408,-4.7455577638e-03
12,409,1.0761491216e-03
12,410,3.9848645293e-03
12,411,-7.7659428159e-03
12,412,1.6697552171e-03
12,413,-8.9107252318e-03
12,618,-4.9485977937e-03
12,619,-5.8626654489e-03
12,620,-2.7690972035e-03
12,621,-5.2997915622e-03
12,622,-5.7024981768e-03
12,623,-1.5838347834e-03
12,1080,-5.8699700644e-03
12,1081,7.0946029884e-03
12,1082,-3.5999239175e-03
12,1083,-4.4303570172e-03
12,1084,4.5020755905e-03
12,1085,1.2512522097e-03
12,1218,-6.1926746193e-03
12,1219,-8.9790396150e-03
12,1220,-7.8025243817e-03
12,1221,2.5972687272e-03
12,1222,3.2253413552e-03
12,1223,3.5726650329e-03
13,12,-1.8424048371e-03
13,13,4.3412241002e-02
13,14,-4.9455004776e-03
13,15,5.1933941119e-04
13,16,-8.2572814216e-04
13,17,-1.7994841934e-03
13,126,1.7508461077e-03
13,127,-1.0869445541e-03
13,128,-2.0581229165e-03
13,129,-2.9891771732e-03
13,130,1.7112699331e-03
13,131,3.7168879656e-03
13,282,-7.1334163849e-03
13,283,7.2676963679e-03
13,284,-1.1953908193e-03
13,285,7.2151457637e-03
13,286,-6.2300688323e-03
13,287,-1.9391005761e-03
13,408,-3.2224908619e-04
13,409,-8.6033911587e-04
13,410,7.4390336804e-04
13,411,-6.1810242519e-04
13,412,-1.3935372218e-03
13,413,-9.3716932471e-04
13,618,5.9746135215e-03
13,619,6.6176629332e-03
13,620,2.1232166807e-03
13,621,6.9499800851e-03
13,622,7.0447965402e-03
13,623,3.2325712254e-03
13,1080,-7.4840156491e-03
13,1081,8.5945221049e-03
13,1082,-3.3712907379e-03
13,1083,-6.3920607555e-03
13,1084,6.2983180862e-03
13,1085,3.4052621385e-04
13,1218,9.0566263281e-03
13,1219,1.2984871858e-02
13,1220,1.0935216433e-02
13,1221,-4.3143565393e-03
13,1222,-5.4034805806e-03
13,1223,-4.7410908603e-03
14,12,1.0384123062e-02
14,13,-4.9455004776e-03
14,14,3.9423829317e-02
14,15,-4.5594972170e-04
14,16,1.0317198805e-03
14,17,-3.2563196588e-02
14,126,4.0138245982e-03
14,127,1.8013157942e-03
14,128,-3.1544066133e-03
14,129,-6.0411999375e-03
14,130,-2.6382257073e-03
14,131,5.6918651202e-03
14,282,-3.0300639587e-03
14,283,1.5524770009e-03
14,284,3.2489519449e-03
14,285,5.2143714519e-03
14,286,-3.6108274650e-03
14,287,-5.1734858294e-03
14,408,4.2420378234e-03
14,409,-1.1036968835e-03
14,410,-3.6737873045e-03
14,411,6.9281698632e-03
14,412,-1.7373424147e-03
14,413,7.9131135756e-03
14,618,-3.0250652384e-03
14,619,-2.3405262983e-03
14,620,1.5579703198e-03
14,621,-4.7282320865e-03
14,622,-3.8719105093e-03
14,623,-4.5939591752e-03
14,1080,-4.5444886615e-03
14,1081,4.2072195508e-03
14,1082,6.5205718150e-04
14,1083,-5.5496040284e-03
14,1084,5.0260683473e-03
14,1085,-2.7025170369e-03
14,1218,-8.0403676250e-03
14,1219,-1.1178209534e-02
14,1220,-8.5781519483e-03
14,1221,5.0593542210e-03
14,1222,6.4216682985e-03
14,1223,3.0134887400e-03
15,12,-4.0542767401e-04
15,13,5.1933941119e-04
15,14,-4.5594972170e-04
15,15,4.8210072278e-02
15,16,-3.5118923655e-03
15,17,-2.1240479498e-03
15,126,-8.7759187692e-03
15,127,-2.0226241176e-03
15,128,6.9586232767e-03
15,129,1.3568363070e-02
15,130,2.7323735919e-03
15,131,-1.3721597709e-02
15,282,-5.6067441383e-03
15,283,7.2870605465e-03
15,284,-4.8789200724e-03
15,285,3.4616438020e-03
15,286,-3.7975312282e-03
15,287,2.7814326791e-03
15,408,7.7656859724e-03
15,409,-1.8522106399e-03
15,410,-6.4746401292e-03
15,411,1.2697367477e-02
15,412,-2.8791540245e-03
15,413,1.4541591998e-02
15,618,5.4843056345e-03
15,619,7.0400159508e-03
15,620,4.5064959846e-03
15,621,5.2212054877e-03
15,622,6.1282065738e-03
15,623,1.9313234051e-04
15,1080,4.2806633936e-03
15,1081,-6.0200563537e-03
15,1082,4.9124968036e-03
15,1083,1.8310911244e-03
15,1084,-2.2301263316e-03
15,1085,-3.2747820818e-03
15,1218,-2.7425644189e-03
15,1219,-4.5153609122e-03
15,1220,-5.2023752205e-03
15,1221,-7.5406644152e-04
15,1222,-1.1067812416e-03
15,1223,3.3681678077e-03
16,12,5.1933941119e-04
16,13,-8.2572814216e-04
16,14,1.0317198805e-03
16,15,-3.5118923655e-03
16,16,3.1430714705e-02
16,17,5.1746530149e-04
16,126,2.4369432294e-03
16,127,-1.6597134068e-03
16,128,-2.9893641358e-03
16,129,-4.1875422554e-03
16,130,2.5937795487e-03
16,131,5.2647496380e-03
16,282,-5.5055531813e-03
16,283,6.6832798652e-03
16,284,-3.5049345376e-03
16,285,4.0600616356e-03
16,286,-4.1878812633e-03
16,287,1.6489317403e-03
16,408,4.3633873990e-04
16,409,1.4223115479e-03
16,410,-1.1538022561e-03
16,411,8.6181751680e-04
16,412,2.3006602989e-03
16,413,1.3597658756e-03
16,618,-6.1001346793e-03
16,619,-7.3717158279e-03
16,620,-3.7519135757e-03
16,621,-6.3565229996e-03
16,622,-7.0238669351e-03
16,623,-1.4645424965e-03
16,1080,4.7176304797e-03
16,1081,-6.4521009614e-03
16,1082,4.8626060039e-03
16,1083,2.3181993671e-03
16,1084,-2.7687565738e-03
16,1085,-3.2609656578e-03
16,1218,3.4954360004e-03
16,1219,5.7911672746e-03
16,1220,6.7366338893e-03
16,1221,1.0905231452e-03
16,1222,1.5470176208e-03
16,1223,-4.5559769608e-03
17,12,1.5113917065e-02
17,13,-1.7994841934e-03
17,14,-3.2563196588e-02
17,15,-2.1240479498e-03
17,16,5.1746530149e-04
17,17,5.4727937708e-02
17,126,-8.9242859392e-03
17,127,-2.6903453544e-03
17,128,6.7797527616e-03
17,129,1.3672045598e-02
17,130,3.7342395228e-03
17,131,-1.3517610520e-02
17,282,-2.9056797070e-04
17,283,2.3811877582e-03
17,284,-5.4308666027e-03
17,285,-2.6339704351e-03
17,286,1.4134867914e-03
17,287,5.2981116844e-03
17,408,-8.9097940724e-03
17,409,2.3541351043e-03
17,410,7.3106536764e-03
17,411,-1.4540551730e-02
17,412,3.6716669883e-03
17,413,-1.6583145059e-02
17,618,-1.9489100437e-03
17,619,-3.6537419499e-03
17,620,-4.7124988358e-03
17,621,-4.7067689907e-04
17,622,-1.7068972512e-03
17,623,3.1611869483e-03
17,1080,1.5183390622e-03
17,1081,-4.5504840398e-04
17,1082,-2.9202917368e-03
17,1083,3.4284569482e-03
17,1084,-3.0620511795e-03
17,1085,3.1942825908e-03
17,1218,3.4413018985e-03
17,1219,4.4561413273e-03
17,1220,2.5592297426e-03
17,1221,-3.3291571841e-03
17,1222,-4.4510084628e-03
17,1223,-8.0251931926e-04
18,18,3.5931544146e-02
18,19,-2.3920872304e-05
18,20,3.3593851940e-02
18,21,-9.4807988214e-03
18,22,-2.4403749665e-05
18,23,2.3174224724e-02
18,504,-5.4363620615e-03
18,505,-4.6808299299e-03
18,506,7.7844993382e-05
18,507,7.0877944240e-03
18,508,5.4618497802e-03
18,509,-4.5949189497e-03
18,930,-7.6937420985e-03
18,931,1.3225322637e-02
18,932,-1.6814474548e-02
18,933,3.6010317086e-03
18,934,-6.1827148125e-03
18,935,2.1366428675e-03
18,966,-5.5581998002e-03
18,967,4.8489906369e-03
18,968,-2.6722821139e-05
18,969,7.2392078569e-03
18,970,-5.6611921115e-03
18,971,-4.6790699691e-03
18,1314,-7.7273658857e-03
18,1315,-1.3295732058e-02
18,1316,-1.6936438999e-02
18,1317,3.5169184560e-03
18,1318,6.0532715219e-03
18,1319,2.1541612536e-03
19,18,-2.3920872304e-05
19,19,6.6660597153e-02
19,20,-2.4723730875e-04
19,21,-2.4403749665e-05
19,22,-2.6331101837e-02
19,23,-3.3337879798e-05
19,504,4.7033363697e-03
19,505,2.7090489584e-03
19,506,-2.6484708202e-03
19,507,-6.7738248843e-03
19,508,-3.5300473076e-03
19,509,5.8461906485e-03
19,930,-1.3225337866e-02
19,931,2.2733065264e-02
19,932,-2.8900105776e-02
19,933,6.1974264258e-03
19,934,-1.0640127455e-02
19,935,3.6651410993e-03
19,966,-4.7441691628e-03
19,967,2.7641469299e-03
19,968,2.6588551638e-03
19,969,6.8431922334e-03
19,970,-3.6210937419e-03
19,971,-5.9281742926e-03
19,1314,1.3296001103e-02
19,1315,2.2876241122e-02
19,1316,2.9137985741e-02
19,1317,-6.0493025085e-03
19,1318,-1.0411565944e-02
19,1319,-3.7086101240e-03
20,18,3.3593851940e-02
20,19,-2.4723730875e-04
20,20,9.7295141035e-02
20,21,-1.8671390586e-02
20,22,-1.3633485560e-04
20,23,-1.7186708890e-02
20,504,2.5773603043e-05
20,505,2.6157244942e-03
20,506,4.6622466786e-03
20,507,1.2078595582e-03
20,508,-2.4797668717e-03
20,509,-3.6730236969e-03
20,930,-1.6814533387e-02
20,931,2.8900173633e-02
20,932,-3.6734081974e-02
20,933,7.8982360069e-03
20,934,-1.3559112421e-02
20,935,4.6400245244e-03
20,966,1.2476435993e-04
20,967,-2.7325391581e-03
20,968,4.7786669487e-03
20,969,1.1051927831e-03
20,970,2.5851388924e-03
20,971,-3.6660703889e-03
20,1314,-1.6937480269e-02
20,1315,-2.9139187672e-02
20,1316,-3.7109144213e-02
20,1317,7.7008172442e-03
20,1318,1.3252953286e-02
20,1319,4.7296631869e-03
21,18,-9.4807988214e-03
21,19,-2.4403749665e-05
21,20,-1.8671390586e-02
21,21,5.7894849069e-02
21,22,-5.6302730406e-05
21,23,-2.8449695726e-02
21,504,-6.8022722068e-03
21,505,-6.5752652485e-03
21,506,-1.2856432255e-03
21,507,8.5224618461e-03
21,508,7.4726571852e-03
21,509,-4.7401411724e-03
21,930,3.5807205045e-03
21,931,-6.1477904974e-03
21,932,7.7972606007e-03
21,933,-5.7819487800e-03
21,934,9.9321337317e-03
21,935,3.3028719409e-03
21,966,-6.9371143741e-03
21,967,6.7879358372e-03
21,968,-1.4690524878e-03
21,969,8.6772658216e-03
21,970,-7.7119756683e-03
21,971,-4.7975183114e-03
21,1314,3.5695365750e-03
21,1315,6.1437938763e-03
21,1316,7.8313622261e-03
21,1317,-5.8021135964e-03
21,1318,-9.9850103473e-03
21,1319,3.2563500376e-03
22,18,-2.4403749665e-05
22,19,-2.6331101837e-02
22,20,-1.3633485560e-04
22,21,-5.6302730406e-05
22,22,7.4664202014e-02
22,23,-1.0680555875e-04
22,504,5.1634981642e-03
22,505,3.3899077800e-03
22,506,-2.2653190717e-03
22,507,-7.2354956678e-03
22,508,-4.3126537501e-03
22,509,5.7951652204e-03
22,930,6.1625335971e-03
22,931,-1.0580133135e-02
22,932,1.3417751206e-02
22,933,-9.9458858893e-03
22,934,1.7084191331e-02
22,935,5.6825873782e-03
22,966,-5.1717592171e-03
22,967,3.4243197781e-03
22,968,2.2593149956e-03
22,969,7.2593872580e-03
22,970,-4.3785797996e-03
22,971,-5.8397829067e-03
22,1314,-6.1398485791e-03
22,1315,-1.0567332022e-02
22,1316,-1.3468869776e-02
22,1317,9.9814702053e-03
22,1318,1.7176697048e-02
22,1319,-5.6016203518e-03
23,18,2.3174224724e-02
23,19,-3.3337879798e-05
23,20,-1.7186708890e-02
23,21,-2.8449695726e-02
23,22,-1.0680555875e-04
23,23,7.1797193877e-02
23,504,-3.8681423662e-03
23,505,-5.3404145068e-03
23,506,-3.9088746383e-03
23,507,4.0745633793e-03
23,508,5.6314464831e-03
23,509,-4.6775391142e-04
23,930,2.1381759858e-03
23,931,-3.6831286619e-03
23,932,4.7023846124e-03
23,933,3.2722753952e-03
23,934,-5.6198905203e-03
23,935,-7.2571925557e-03
23,966,-3.9122760541e-03
23,967,5.4670246071e-03
23,968,-4.1227551756e-03
23,969,4.0966166295e-03
23,970,-5.7457834273e-03
23,971,-4.0760021119e-04
23,1314,2.1502988766e-03
23,1315,3.6977074258e-03
23,1316,4.7048173675e-03
23,1317,3.3363837592e-03
23,1318,5.7419649846e-03
23,1319,-7.2492478851e-03
24,24,3.5088844115e-02
24,25,1.2671088553e-03
24,26,1.7889164715e-02
24,27,1.0844819817e-04
24,28,-6.2720305701e-04
24,29,6.8826182853e-03
24,60,-6.5817769379e-03
24,61,5.7234145844e-03
24,62,-7.5944079520e-06
24,63,7.3626682783e-03
24,64,-5.2807724024e-03
24,65,-2.7193583976e-03
24,732,-5.1142394040e-03
24,733,8.5670201635e-03
24,734,-1.0330247047e-02
24,735,-5.2491748666e-04
24,736,8.2074476432e-04
24,737,4.5994369270e-03
24,1038,-7.1472419115e-03
24,1039,-6.0674424981e-03
24,1040,1.7869170493e-04
24,1041,-8.1516819203e-03
24,1042,-5.7141211788e-03
24,1043,-3.2864440950e-03
24,1260,-4.0672698436e-03
24,1261,-6.9405564201e-03
24,1262,-8.6940705005e-03
24,1263,-4.4201661729e-04
24,1264,-7.4140435980e-04
24,1265,3.8785371253e-03
24,1722,-6.5651146657e-03
24,1723,-5.4876618821e-03
24,1724,2.7156564353e-04
24,1725,7.2564851378e-03
24,1726,4.8780986814e-03
24,1727,-2.5325140359e-03
24,1764,-5.6132013523e-03
24,1765,5.1572448020e-03
24,1766,-9.6296417147e-05
24,1767,-7.0084908817e-03
24,1768,5.8118740900e-03
24,1769,-3.9632005913e-03
25,24,1.2671088553e-03
25,25,5.1652133968e-02
25,26,1.9559949042e-03
25,27,-6.2720305701e-04
25,28,5.8835339537e-04
25,29,1.7590542535e-03
25,60,-5.7719461311e-03
25,61,3.4210283799e-03
25,62,3.1009048021e-03
25,63,7.5676565190e-03
25,64,-3.8092519598e-03
25,65,-5.1635105565e-03
25,732,-8.5853501217e-03
25,733,1.4377630662e-02
25,734,-1.7326715395e-02
25,735,-9.3596186747e-04
25,736,1.4691449449e-03
25,737,7.7085723863e-03
25,1038,5.5691144232e-03
25,1039,2.8077004020e-03
25,1040,-3.7839379787e-03
25,1041,7.6111387103e-03
25,1042,3.3316572032e-03
25,1043,5.7725517561e-03
25,1260,6.9404101509e-03
25,1261,1.1842631698e-02
25,1262,1.4832659406e-02
25,1263,7.6711199179e-04
25,1264,1.2869843444e-03
25,1265,-6.6152324114e-03
25,1722,5.5428861633e-03
25,1723,2.9136818110e-03
25,1724,-3.4432154089e-03
25,1725,-7.3018018922e-03
25,1726,-3.2002675005e-03
25,1727,5.0427134102e-03
25,1764,-4.9622233399e-03
25,1765,3.5448400610e-03
25,1766,1.9986960158e-03
25,1767,-6.8566201154e-03
25,1768,4.4786527922e-03
25,1769,-5.3487859727e-03
26,24,1.7889164715e-02
26,25,1.9559949042e-03
26,26,6.6056967858e-02
26,27,5.3441956615e-04
26,28,-7.9681775823e-04
26,29,-3.7052033416e-02
26,60,-7.1684653900e-05
26,61,-3.0715793606e-03
26,62,5.7054677222e-03
26,63,2.2585917095e-03
26,64,1.7950435264e-03
26,65,-5.6657486528e-03
26,732,-1.0398568194e-02
26,733,1.7404106765e-02
26,734,-2.0948365280e-02
26,735,-1.2729017564e-03
26,736,2.0116332178e-03
26,737,9.3040686335e-03
26,1038,8.9596951625e-04
26,1039,4.1059644920e-03
26,1040,5.8119561127e-03
26,1041,-1.1723524283e-03
26,1042,2.9715266725e-03
26,1043,-5.4055748117e-03
26,1260,-8.6935118573e-03
26,1261,-1.4832018820e-02
26,1262,-1.8571694365e-02
26,1263,-9.9382066795e-04
26,1264,-1.6680596807e-03
26,1265,8.2781509839e-03
26,1722,2.0357906271e-04
26,1723,3.4164452007e-03
26,1724,5.6086365371e-03
26,1725,1.9936247627e-03
26,1726,-2.1600293298e-03
26,1727,-5.6149254426e-03
26,1764,1.7505141084e-04
26,1765,-2.1658570222e-03
26,1766,3.9388264393e-03
26,1767,-1.0879053349e-03
26,1768,-1.5910570263e-03
26,1769,-3.6015406760e-03
27,24,1.0844819817e-04
27,25,-6.2720305701e-04
27,26,5.3441956615e-04
27,27,4.2198038663e-02
27,28,2.8675421264e-03
27,29,-9.5925092726e-05
27,60,-7.9188803262e-03
27,61,7.8522535732e-03
27,62,-1.8876923486e-03
27,63,8.1843679402e-03
27,64,-6.8481554000e-03
27,65,-1.5857083851e-03
27,732,3.1387330621e-04
27,733,-5.8589572206e-04
27,734,8.5917119950e-04
27,735,-9.4118986751e-04
27,736,1.5740399903e-03
27,737,-5.0568148625e-04
27,1038,8.2887943268e-03
27,1039,8.2023579755e-03
27,1040,2.0057882395e-03
27,1041,8.6865968702e-03
27,1042,7.3052498636e-03
27,1043,1.8550382562e-03
27,1260,-1.0928531304e-04
27,1261,-1.7352637159e-04
27,1262,-1.8414380752e-04
27,1263,-5.6753047702e-04
27,1264,-9.6670278281e-04
27,1265,-3.0814147398e-05
27,1722,-7.7828074198e-03
27,1723,-7.5399564052e-03
27,1724,-1.6115311899e-03
27,1725,7.8927740938e-03
27,1726,6.3330749470e-03
27,1727,-1.2482657184e-03
27,1764,7.0998572279e-03
27,1765,-7.1284414776e-03
27,1766,1.3653457567e-03
27,1767,8.4682296234e-03
27,1768,-7.7426408776e-03
27,1769,3.9059312233e-03
28,24,-6.2720305701e-04
28,25,5.8835339537e-04
28,26,-7.9681775823e-04
28,27,2.8675421264e-03
28,28,2.8659919257e-02
28,29,-1.5999357284e-03
28,60,-5.9856393090e-03
28,61,4.1294172959e-03
28,62,2.2942524252e-03
28,63,7.4412590960e-03
28,64,-4.3783112818e-03
28,65,-4.2355731942e-03
28,732,4.7047130103e-04
28,733,-8.8877629702e-04
28,734,1.3273511477e-03
28,735,-1.5824200592e-03
28,736,2.6451924359e-03
28,737,-8.0668393225e-04
28,1038,-5.2389674692e-03
28,1039,-3.1291695693e-03
28,1040,2.9134166876e-03
28,1041,-6.8380265730e-03
28,1042,-3.5820977289e-03
28,1043,-4.4881356467e-03
28,1260,1.9950263449e-04
28,1261,3.1829980615e-04
28,1262,3.4197652054e-04
28,1263,9.7019698637e-04
28,1264,1.6524498497e-03
28,1265,4.1818936190e-05
28,1722,5.5449907303e-03
28,1723,3.4698771382e-03
28,1724,-2.6491985863e-03
28,1725,-6.9229391951e-03
28,1726,-3.6445978419e-03
28,1727,3.9873742319e-03
28,1764,5.6368451694e-03
28,1765,-4.4311217291e-03
28,1766,-1.5374499388e-03
28,1767,7.5234837193e-03
28,1768,-5.4058906092e-03
28,1769,5.2932860920e-03
29,24,6.8826182853e-03
29,25,1.7590542535e-03
29,26,-3.7052033416e-02
29,27,-9.5925092726e-05
29,28,-1.5999357284e-03
29,29,3.6999945229e-02
29,60,-3.9400864501e-03
29,61,6.0253884303e-03
29,62,-5.2000279941e-03
29,63,2.5940998545e-03
29,64,-4.4030231978e-03
29,65,2.8388423465e-03
29,732,4.5771432302e-03
29,733,-7.6590639007e-03
29,734,9.2137607577e-03
29,735,6.0337405429e-04
29,736,-9.6769357743e-04
29,737,-4.2710201767e-03
29,1038,-3.5827425457e-03
29,1039,-6.0646849099e-03
29,1040,-5.8391245895e-03
29,1041,-2.0970273284e-03
29,1042,-4.5115245035e-03
29,1043,3.3430159456e-03
29,1260,3.9166273684e-03
29,1261,6.6842727431e-03
29,1262,8.3749924430e-03
29,1263,3.9226057812e-04
29,1264,6.5864052915e-04
29,1265,-3.8189090719e-03
29,1722,-3.6637633943e-03
29,1723,-5.8045794365e-03
29,1724,-5.1363977604e-03
29,1725,2.1684121890e-03
29,1726,4.0803640551e-03
29,1727,3.1590240091e-03
29,1764,-4.1897964938e-03
29,1765,5.5614131187e-03
29,1766,-3.6540790396e-03
29,1767,-4.1099154277e-03
29,1768,5.4068810197e-03
29,1769,1.4433376579e-04
30,30,3.4407632156e-02
30,31,2.0771275193e-04
30,32,2.1109506873e-02
30,33,8.2329873104e-04
30,34,-1.1720737542e-03
30,35,9.4045866802e-03
30,174,-5.3884371729e-03
30,175,-8.9637241413e-03
30,176,-1.0652928848e-02
30,177,3.6876040905e-04
30,178,5.2507318472e-04
30,179,4.5552778710e-03
30,984,-6.8066083088e-03
30,985,-5.5395450969e-03
30,986,4.5464875456e-04
30,987,-8.2509987852e-03
30,988,-5.6692401382e-03
30,989,-4.2163955510e-03
30,1386,-5.7547436294e-03
30,1387,9.7302052642e-03
30,1388,-1.1961243738e-02
30,1389,-7.8297095803e-04
30,1390,1.2700964170e-03
30,1391,4.5598134770e-03
30,1542,-4.1420277077e-03
30,1543,-4.1898487240e-03
30,1544,-7.3232265671e-04
30,1545,5.6236797099e-03
30,1546,5.3737258096e-03
30,1547,-4.1021642288e-03
30,1710,-7.1470524830e-03
30,1711,3.8777533188e-03
30,1712,1.8966802635e-03
30,1713,9.4117978952e-03
30,1714,-3.9818819292e-03
30,1715,-6.2862958997e-03
30,1872,-5.1687628538e-03
30,1873,4.0592089918e-03
30,1874,1.0012209534e-03
30,1875,-6.8081082120e-03
30,1876,4.8021530321e-03
30,1877,-4.5501149197e-03
31,30,2.0771275193e-04
31,31,5.3879633471e-02
31,32,2.5959599490e-03
31,33,-1.1720737542e-03
31,34,2.6109152358e-03
31,35,-9.7494902833e-04
31,174,8.9596708246e-03
31,175,1.4897793764e-02
31,176,1.7688252170e-02
31,177,-7.0234905468e-04
31,178,-1.0209765061e-03
31,179,-7.5606797966e-03
31,984,5.5444876635e-03
31,985,2.6219061684e-03
31,986,-3.8106514850e-03
31,987,7.7649864667e-03
31,988,3.1759875984e-03
31,989,6.2642103404e-03
31,1386,-9.7218997759e-03
31,1387,1.6435399299e-02
31,1388,-2.0197396713e-02
31,1389,-1.3782941681e-03
31,1390,2.2392700926e-03
31,1391,7.6863141573e-03
31,1542,4.1910262904e-03
31,1543,3.7148301098e-03
31,1544,-4.4556216414e-04
31,1545,-5.9848163527e-03
31,1546,-5.0230694991e-03
31,1547,5.0450956003e-03
31,1710,-4.6583111316e-03
31,1711,-5.1217850895e-04
31,1712,4.9239412065e-03
31,1713,7.1548778742e-03
31,1714,8.5384206348e-04
31,1715,-7.1021135945e-03
31,1872,-4.5226866229e-03
31,1873,2.4745484786e-03
31,1874,2.7678343332e-03
31,1875,-6.4964344742e-03
31,1876,3.2064920024e-03
31,1877,-5.5697754054e-03
32,30,2.1109506873e-02
32,31,2.5959599490e-03
32,32,6.9259147626e-02
32,33,1.9804386479e-03
32,34,2.5898266845e-04
32,35,-3.4079799427e-02
32,174,-1.0637989602e-02
32,175,-1.7671425112e-02
32,176,-2.0938296005e-02
32,177,1.0596246239e-03
32,178,1.5864187479e-03
32,179,8.9409285504e-03
32,984,4.4899386778e-04
32,985,3.8087886790e-03
32,986,5.7111332597e-03
32,987,-1.3571912380e-03
32,988,3.2597214184e-03
32,989,-5.0357523439e-03
32,1386,-1.1929953963e-02
32,1387,2.0161762138e-02
32,1388,-2.4760156261e-02
32,1389,-1.8330491547e-03
32,1390,2.9865571087e-03
32,1391,9.3883934300e-03
32,1542,-6.6013320144e-04
32,1543,5.1912661216e-04
32,1544,2.5013825220e-03
32,1545,1.5628277811e-03
32,1546,-1.1408645562e-04
32,1547,-2.6982397896e-03
32,1710,1.5099375699e-03
32,1711,-5.2492692850e-03
32,1712,3.6809840510e-03
32,1713,-5.0117856272e-04
32,1714,6.2560656903e-03
32,1715,-3.1967111743e-03
32,1872,1.5963845630e-04
32,1873,-2.2331317881e-03
32,1874,3.4458221334e-03
32,1875,-8.4492985289e-04
32,1876,-2.1963347599e-03
32,1877,-3.0234038997e-03
33,30,8.2329873104e-04
33,31,-1.1720737542e-03
33,32,1.9804386479e-03
33,33,4.3842722024e-02
33,34,-6.5570596082e-04
33,35,1.8939658243e-03
33,174,-7.9105031808e-04
33,175,-1.4046855666e-03
33,176,-1.8940833125e-03
33,177,-1.2426573415e-03
33,178,-2.0740718531e-03
33,179,8.6718192084e-04
33,984,8.1853137846e-03
33,985,7.7257581344e-03
33,986,1.3898266290e-03
33,987,9.3323586398e-03
33,988,7.6274260292e-03
33,989,3.4713875877e-03
33,1386,-2.4701938374e-05
33,1387,-1.2308534357e-05
33,1388,1.5310135604e-04
33,1389,-1.5845215967e-03
33,1390,2.6715444709e-03
33,1391,-4.6146669226e-04
33,1542,-5.5894745508e-03
33,1543,-5.9749561544e-03
33,1544,-1.7141795420e-03
33,1545,7.4069614893e-03
33,1546,7.5033021083e-03
33,1547,-4.9832995011e-03
33,1710,-9.3334674137e-03
33,1711,6.2173063852e-03
33,1712,1.0777403894e-03
33,1713,1.1901360126e-02
33,1714,-6.5072927164e-03
33,1715,-7.0618448401e-03
33,1872,6.7300817053e-03
33,1873,-5.8486799465e-03
33,1874,-3.1445140521e-04
33,1875,8.5805094273e-03
33,1876,-6.7715666279e-03
33,1877,5.0877147949e-03
34,30,-1.1720737542e-03
34,31,2.6109152358e-03
34,32,2.5898266845e-04
34,33,-6.5570596082e-04
34,34,3.5627002213e-02
34,35,-5.2820963069e-03
34,174,1.2254419032e-03
34,175,2.1851427501e-03
34,176,2.9679155257e-03
34,177,2.0592972724e-03
34,178,3.4344069615e-03
34,179,-1.3831000257e-03
34,984,-5.6031545659e-03
34,985,-3.1535598208e-03
34,986,3.1981423323e-03
34,987,-7.5670119119e-03
34,988,-3.7234341707e-03
34,989,-5.4899157860e-03
34,1386,-9.7777555587e-05
34,1387,7.3961022999e-05
34,1388,1.4216054351e-04
34,1389,-2.6847096998e-03
34,1390,4.5254124347e-03
34,1391,-7.4889290869e-04
34,1542,5.3536621236e-03
34,1543,5.0323123664e-03
34,1544,4.3573377293e-05
34,1545,-7.4821939500e-03
34,1546,-6.6597467616e-03
34,1547,5.9384782794e-03
34,1710,-5.0350252786e-03
34,1711,-4.8598306269e-04
34,1712,5.6785355630e-03
34,1713,7.7091364294e-03
34,1714,7.1446023643e-04
34,1715,-7.5545537629e-03
34,1872,5.3289271274e-03
34,1873,-3.2752025035e-03
34,1874,-2.7347937856e-03
34,1875,7.4726796100e-03
34,1876,-4.1561641700e-03
34,1877,6.0003323356e-03
35,30,9.4045866802e-03
35,31,-9.7494902833e-04
35,32,-3.4079799427e-02
35,33,1.8939658243e-03
35,34,-5.2820963069e-03
35,35,3.8584555571e-02
35,174,4.4358471352e-03
35,175,7.3499419396e-03
35,176,8.6598159605e-03
35,177,-7.2926297108e-04
35,178,-1.1574844893e-03
35,179,-3.9969301302e-03
35,984,-4.0631904947e-03
35,985,-6.1683090340e-03
35,986,-5.1020951719e-03
35,987,-3.3390891377e-03
35,988,-5.4791061742e-03
35,989,1.7314882129e-03
35,1386,4.6532994622e-03
35,1387,-7.8683863258e-03
35,1388,9.6733457645e-03
35,1389,6.1793588669e-04
35,1390,-1.0146881827e-03
35,1391,-4.1261314271e-03
35,1542,-4.0074019341e-03
35,1543,-5.0221073085e-03
35,1544,-2.9237642918e-03
35,1545,4.8918741807e-03
35,1546,5.9458203309e-03
35,1547,-2.3100494209e-03
35,1710,-6.0790588513e-03
35,1711,6.6659844531e-03
35,1712,-2.6583042725e-03
35,1713,6.8673833228e-03
35,1714,-7.1475412544e-03
35,1715,-2.0172992492e-03
35,1872,-4.3440819975e-03
35,1873,5.0516320831e-03
35,1874,-2.0998081023e-03
35,1875,-4.8946112525e-03
35,1876,5.5185995428e-03
35,1877,-1.4033424866e-03
36,36,3.4653655335e-02
36,37,-1.0323809238e-03
36,38,9.6481578960e-03
36,39,-1.1478713834e-03
36,40,3.7377884739e-04
36,41,1.9509639165e-02
36,294,-6.6093181786e-03
36,295,8.1515694954e-03
36,296,-4.4439263500e-03
36,297,5.1634827278e-03
36,298,-5.3509756951e-03
36,299,7.0233925375e-04
36,324,-5.0483324334e-03
36,325,-6.5612545335e-03
36,326,-4.2267346466e-03
36,327,4.9357889990e-03
36,328,5.8847073754e-03
36,329,-7.9074361215e-04
36,354,-5.6479830216e-03
36,355,7.1025773655e-03
36,356,-4.1292533926e-03
36,357,-5.1348198952e-03
36,358,5.7594411418e-03
36,359,-2.3017420293e-04
36,756,-6.1646751017e-03
36,757,-4.6846510513e-04
36,758,4.9529886428e-03
36,759,-1.0114633259e-02
36,760,-6.3673863291e-04
36,761,-1.1670466644e-02
36,834,-5.5302088629e-03
36,835,-1.0040883558e-03
36,836,4.6631920531e-03
36,837,8.9768076630e-03
36,838,1.5017410541e-03
36,839,-1.0121001166e-02
36,1308,-5.6531377367e-03
36,1309,-7.9151329094e-03
36,1310,-6.2898702118e-03
36,1311,-3.7958582639e-03
36,1312,-4.7722314549e-03
36,1313,1.8048804475e-03
37,36,-1.0323809238e-03
37,37,4.3779704834e-02
37,38,-3.1444353829e-03
37,39,3.7377884739e-04
37,40,-2.6476084584e-03
37,41,-7.9921842465e-04
37,294,-8.0591853241e-03
37,295,9.3936615371e-03
37,296,-3.9127277337e-03
37,297,7.3409546802e-03
37,298,-7.3867289958e-03
37,299,-9.6870510727e-04
37,324,6.7103530148e-03
37,325,8.4399259726e-03
37,326,4.8003536693e-03
37,327,-7.0539033511e-03
37,328,-8.1878458290e-03
37,329,2.1291866738e-03
37,354,-7.0458565276e-03
37,355,8.4415633585e-03
37,356,-3.9733124190e-03
37,357,-7.1172200515e-03
37,358,7.6988378821e-03
37,359,-1.7336096668e-03
37,756,9.2291905004e-04
37,757,-1.6665995313e-03
37,758,-1.0366273378e-03
37,759,1.6489255687e-03
37,760,-2.7439706407e-03
37,761,2.2412145134e-03
37,834,6.0436845338e-04
37,835,-1.1172344437e-03
37,836,-1.0077526585e-03
37,837,-1.1143882397e-03
37,838,1.8033191482e-03
37,839,1.5901132215e-03
37,1308,7.8997822572e-03
37,1309,1.0861556873e-02
37,1310,8.1659875556e-03
37,1311,5.8504944971e-03
37,1312,7.2996631294e-03
37,1313,-1.7022387645e-03
38,36,9.6481578960e-03
38,37,-3.1444353829e-03
38,38,3.8775292860e-02
38,39,-1.6599708173e-03
38,40,-6.5091339836e-04
38,41,-3.4458204370e-02
38,294,-4.2242960531e-03
38,295,3.7210326424e-03
38,296,1.2208714771e-03
38,297,6.1488579327e-03
38,298,-5.6928941088e-03
38,299,-4.6923094331e-03
38,324,-4.6205228674e-03
38,325,-5.1687364028e-03
38,326,-1.4532537462e-03
38,327,5.9832501155e-03
38,328,6.4485357002e-03
38,329,-3.9761549318e-03
38,354,-3.9899791421e-03
38,355,3.8490445988e-03
38,356,3.3761348172e-04
38,357,-5.6122697137e-03
38,358,5.4551143631e-03
38,359,-4.2869389697e-03
38,756,4.7529815982e-03
38,757,9.4258343369e-04
38,758,-4.2092564231e-03
38,759,7.7533328889e-03
38,760,1.4753202094e-03
38,761,8.8296473134e-03
38,834,4.6791295852e-03
38,835,1.1493946752e-03
38,836,-4.0960395508e-03
38,837,-7.5627207854e-03
38,838,-1.7778419189e-03
38,839,8.4419234505e-03
38,1308,-6.2454710168e-03
38,1309,-8.1221118050e-03
38,1310,-5.0074624992e-03
38,1311,-5.8999968667e-03
38,1312,-7.2263033179e-03
38,1313,-6.2067737544e-04
39,36,-1.1478713834e-03
39,37,3.7377884739e-04
39,38,-1.6599708173e-03
39,39,5.3288988476e-02
39,40,-1.7869011843e-03
39,41,-2.7285021742e-03
39,294,-5.2096046888e-03
39,295,7.4340697068e-03
39,296,-6.2849819913e-03
39,297,2.1356170618e-03
39,298,-2.6201619687e-03
39,299,3.9327543389e-03
39,324,-4.1442388076e-03
39,325,-5.9109747831e-03
39,326,-4.9948196838e-03
39,327,3.1288292018e-03
39,328,4.1442406117e-03
39,329,1.3688093111e-03
39,354,5.2067670582e-03
39,355,-7.2487678781e-03
39,356,5.7779547141e-03
39,357,3.5393929736e-03
39,358,-4.4449685303e-03
39,359,-2.2157206278e-03
39,756,1.0119350438e-02
39,757,8.9961286162e-04
39,758,-8.1081639789e-03
39,759,1.6590453491e-02
39,760,1.2585571088e-03
39,761,1.9110142718e-02
39,834,-9.0133870384e-03
39,835,-1.7566632665e-03
39,836,7.5515021925e-03
39,837,1.4615239880e-02
39,838,2.6398129789e-03
39,839,-1.6439029450e-02
39,1308,4.1889844219e-03
39,1309,6.3787323334e-03
39,1310,6.2687877554e-03
39,1311,1.3991668762e-03
39,1312,1.9019074841e-03
39,1313,-3.4598048833e-03
40,36,3.7377884739e-04
40,37,-2.6476084584e-03
40,38,-6.5091339836e-04
40,39,-1.7869011843e-03
40,40,3.4298177767e-02
40,41,1.3319675237e-03
40,294,-5.3142016165e-03
40,295,7.3539260194e-03
40,296,-5.7039247486e-03
40,297,2.6165009608e-03
40,298,-3.1614776766e-03
40,299,3.5199978153e-03
40,324,5.0187983170e-03
40,325,6.9893487139e-03
40,326,5.5314824382e-03
40,327,-4.0848329362e-03
40,328,-5.2789832659e-03
40,329,-1.0917688465e-03
40,354,5.7785118135e-03
40,355,-7.7550844504e-03
40,356,5.5513998669e-03
40,357,4.4195395578e-03
40,358,-5.3585458179e-03
40,359,-1.5944336315e-03
40,756,-1.3812859472e-03
40,757,2.7263365409e-03
40,758,1.6237777661e-03
40,759,-2.4854523865e-03
40,760,4.4830881846e-03
40,761,-3.4184981435e-03
40,834,8.5958272553e-04
40,835,-1.8305651037e-03
40,836,-1.5551891843e-03
