0,0,1.5932592011e-06
0,1,7.9899526291e-08
0,2,9.8707226538e-07
0,3,9.3191847683e-09
0,4,6.8875784626e-08
0,5,3.8980688421e-07
0,240,-1.7400390060e-07
0,241,1.9048582607e-07
0,242,-6.1111828655e-08
0,243,-2.3552715146e-07
0,244,2.4490261171e-07
0,245,-1.7117983803e-07
0,468,-1.8023646219e-07
0,469,1.9363961243e-07
0,470,-5.0940056551e-08
0,471,2.4646707825e-07
0,472,-2.5288652416e-07
0,473,-1.8423468771e-07
0,612,-3.0548307927e-07
0,613,5.0235888109e-07
0,614,-5.8295842663e-07
0,615,-3.6325126278e-08
0,616,4.9726064444e-08
0,617,1.9327941909e-07
0,948,-2.8093261588e-07
0,949,-2.1256772003e-07
0,950,3.4658513513e-08
0,951,3.5633954249e-07
0,952,2.2727573605e-07
0,953,-2.1374995685e-07
0,1194,-2.6118891415e-07
0,1195,-4.3618905827e-07
0,1196,-5.2277910777e-07
0,1197,-2.2724734894e-08
0,1198,-3.2884190951e-08
0,1199,2.0415866876e-07
0,1242,-2.4006512613e-07
0,1243,-2.0246886568e-07
0,1244,6.8314540044e-09
0,1245,-3.1151948443e-07
0,1246,-2.3184142470e-07
0,1247,-2.0043836027e-07
1,0,7.9899526291e-08
1,1,2.4761234747e-06
1,2,6.8804901894e-08
1,3,6.8875784626e-08
1,4,9.0865753003e-08
1,5,2.2710089320e-07
1,240,-1.5645912238e-07
1,241,1.4921799429e-07
1,242,-9.4698244811e-10
1,243,-2.2595033179e-07
1,244,2.0586135267e-07
1,245,-1.9681195578e-07
1,468,-1.9520390207e-07
1,469,1.8852079359e-07
1,470,-4.2421162998e-09
1,471,2.8115031008e-07
1,472,-2.6017068882e-07
1,473,-2.4300238273e-07
1,612,-5.0049992675e-07
1,613,8.2222369164e-07
1,614,-9.5204092796e-07
1,615,-7.0219834183e-08
1,616,9.8975654184e-08
1,617,3.1382033696e-07
1,948,1.8232736236e-07
1,949,3.9032189728e-08
1,950,-1.8986837710e-07
1,951,-2.7828915999e-07
1,952,-5.7603792289e-08
1,953,2.7209258147e-07
1,1194,4.3551683419e-07
1,1195,7.2697009656e-07
1,1196,8.7039962413e-07
1,1197,4.3168746971e-08
1,1198,6.3614072466e-08
1,1199,-3.3939576321e-07
1,1242,1.6194969498e-07
1,1243,7.0579233799e-08
1,1244,-1.2909127588e-07
1,1245,2.4242002382e-07
1,1246,9.7960706706e-08
1,1247,2.2884300514e-07
2,0,9.8707226538e-07
2,1,6.8804901894e-08
2,2,3.0227507723e-06
2,3,9.1171834952e-08
2,4,1.1171745000e-07
2,5,-1.3700672564e-06
2,240,1.0228813865e-08
2,241,-5.5554046180e-08
2,242,1.0937406151e-07
2,243,-1.4647511667e-08
2,244,-4.4851352699e-08
2,245,-7.7330543032e-08
2,468,-6.3150659458e-08
2,469,1.6507222038e-08
2,470,1.0299408103e-07
2,471,1.2078351107e-07
2,472,-5.3892261139e-08
2,473,-1.7094234065e-07
2,612,-5.7626097225e-07
2,613,9.4458597947e-07
2,614,-1.0884384958e-06
2,615,-1.0774234359e-07
2,616,1.5790727225e-07
2,617,3.5379770529e-07
2,948,5.8984953928e-08
2,949,1.8819461652e-07
2,950,2.0078630771e-07
2,951,-6.5777887551e-09
2,952,-1.9299398601e-07
2,953,-1.5653718643e-07
2,1194,-5.2030250812e-07
2,1195,-8.6761115810e-07
2,1196,-1.0365460327e-06
2,1197,-6.4942816654e-08
2,1198,-9.8243282012e-08
2,1199,4.0276102065e-07
2,1242,6.9168642446e-08
2,1243,1.5790680550e-07
2,1244,1.6766054663e-07
2,1245,4.1083121374e-08
2,1246,1.6289122901e-07
2,1247,-8.7817239913e-08
3,0,9.3191847683e-09
3,1,6.8875784626e-08
3,2,9.1171834952e-08
3,3,1.9419130776e-06
3,4,2.8302474027e-07
3,5,-3.1053023168e-08
3,240,2.4719480839e-07
3,241,-2.8125203851e-07
3,242,1.1286876176e-07
3,243,3.2776005919e-07
3,244,-3.5483701857e-07
3,245,2.2249124667e-07
3,468,-2.4939411599e-07
3,469,2.7931855240e-07
3,470,-9.7821002702e-08
3,471,3.3340763756e-07
3,472,-3.5728245414e-07
3,473,-2.3159551642e-07
3,612,1.1279305713e-08
3,613,-2.8110896330e-08
3,614,5.6686820589e-08
3,615,-1.2121552949e-07
3,616,1.9856826546e-07
3,617,-3.9723265841e-08
3,948,-3.6253411074e-07
3,949,-3.1464609567e-07
3,950,-2.3517299934e-08
3,951,4.4067209356e-07
3,952,3.2994617030e-07
3,953,-2.2145991143e-07
3,1194,1.7953158472e-08
3,1195,3.4938202725e-08
3,1196,5.4441594071e-08
3,1197,-7.3377723466e-08
3,1198,-1.2245883648e-07
3,1199,-2.8612564507e-08
3,1242,3.2629717455e-07
3,1243,3.0171022346e-07
3,1244,4.0716884133e-08
3,1245,4.1045724918e-07
3,1246,3.3859416283e-07
3,1247,2.3482875307e-07
4,0,6.8875784626e-08
4,1,9.0865753003e-08
4,2,1.1171745000e-07
4,3,2.8302474027e-07
4,4,1.7287235461e-06
4,5,1.0169735259e-07
4,240,2.1060957782e-07
4,241,-2.0878757556e-07
4,242,1.9467928598e-08
4,243,2.9906075172e-07
4,244,-2.8295761843e-07
4,245,2.4902191048e-07
4,468,-2.5652208269e-07
4,469,2.5858790619e-07
4,470,-3.0438954440e-08
4,471,3.6219169979e-07
4,472,-3.4963348190e-07
4,473,-2.9655305885e-07
4,612,8.2530670733e-09
4,613,-2.9207995452e-08
4,614,7.3222235185e-08
4,615,-1.9941892458e-07
4,616,3.2608222890e-07
4,617,-6.2347915485e-08
4,948,1.9050152959e-07
4,949,4.2659986013e-08
4,950,-2.0790708239e-07
4,951,-2.8987290926e-07
4,952,-6.7293779997e-08
4,953,2.7888922822e-07
4,1194,-2.4774016333e-08
4,1195,-4.9613095910e-08
4,1196,-8.0351067395e-08
4,1197,1.2243935579e-07
4,1198,2.0415891883e-07
4,1199,4.4958567830e-08
4,1242,-1.9242809742e-07
4,1243,-9.0460824681e-08
4,1244,1.4746183898e-07
4,1245,-2.8481696965e-07
4,1246,-1.2508992907e-07
4,1247,-2.6099257977e-07
5,0,3.8980688421e-07
5,1,2.2710089320e-07
5,2,-1.3700672564e-06
5,3,-3.1053023168e-08
5,4,1.0169735259e-07
5,5,1.7367503081e-06
5,240,-2.0436897403e-07
5,241,2.5753445879e-07
5,242,-1.5518327451e-07
5,243,-2.5491187382e-07
5,244,3.0925312608e-07
5,245,-1.3559125680e-07
5,468,-1.9246027267e-07
5,469,2.4197796418e-07
5,470,-1.3968923698e-07
5,471,2.3957467016e-07
5,472,-2.9238538489e-07
5,473,-1.2486530021e-07
5,612,2.1017498671e-07
5,613,-3.4483774333e-07
5,614,3.9787801425e-07
5,615,3.5110530468e-08
5,616,-5.4189056827e-08
5,617,-1.7945601378e-07
5,948,-2.2938233938e-07
5,949,-2.8995049764e-07
5,950,-1.7441206117e-07
5,951,2.3562980448e-07
5,952,2.8887835797e-07
5,953,-1.8926537973e-08
5,1194,2.0867636783e-07
5,1195,3.4773062737e-07
5,1196,4.1473467649e-07
5,1197,2.9674047098e-08
5,1198,4.6713866050e-08
5,1199,-1.8237285930e-07
5,1242,-2.3988890223e-07
5,1243,-2.8290340241e-07
5,1244,-1.4807211478e-07
5,1245,-2.7189918578e-07
5,1246,-3.0173673677e-07
5,1247,-8.6691291581e-08
6,6,1.6188211332e-06
6,7,-1.7068395781e-07
6,8,4.8508669960e-07
6,9,-1.1185989919e-07
6,10,-1.3873024765e-08
6,11,5.3916620533e-07
6,48,-1.7876880574e-07
6,49,-2.2193985570e-07
6,50,-1.2422217858e-07
6,51,-2.2471870717e-07
6,52,-2.6510046431e-07
6,53,-1.3098475998e-07
6,150,-2.3669111587e-07
6,151,-3.7598781215e-07
6,152,-4.0494886440e-07
6,153,6.0268160738e-08
6,154,8.5708456504e-08
6,155,1.7829483212e-07
6,594,-2.6441727752e-07
6,595,-7.9044787588e-08
6,596,1.8178853759e-07
6,597,3.8363320578e-07
6,598,9.1339992564e-08
6,599,-3.3446071103e-07
6,858,-1.6956745120e-07
6,859,2.4692872186e-07
6,860,-2.1725302031e-07
6,861,-1.5657839110e-07
6,862,2.1980311638e-07
6,863,1.0404553239e-08
6,1014,-3.0566738273e-07
6,1015,2.9080054404e-07
6,1016,-3.6993702104e-08
6,1017,2.8985733064e-07
6,1018,-2.1341523108e-07
6,1019,-3.5540378978e-08
6,1728,-3.0871958154e-07
6,1729,9.7782581777e-08
6,1730,1.5409402474e-07
6,1731,-4.6252636955e-07
6,1732,1.1843870679e-07
6,1733,-4.3588635312e-07
7,6,-1.7068395781e-07
7,7,2.0526958673e-06
7,8,-3.8402181075e-07
7,9,-1.3873024765e-08
7,10,-2.7839460764e-07
7,11,-2.2577005943e-07
7,48,2.3301170015e-07
7,49,2.7675220990e-07
7,50,1.2713107171e-07
7,51,3.0503662198e-07
7,52,3.4485085258e-07
7,53,2.0483152360e-07
7,150,3.7862294108e-07
7,151,5.9994953887e-07
7,152,6.4245066930e-07
7,153,-1.0565863002e-07
7,154,-1.5141659281e-07
7,155,-2.7994231755e-07
7,594,1.5540551435e-07
7,595,-2.6557617589e-08
7,596,-1.5564873421e-07
7,597,-2.4726982667e-07
7,598,4.5734685880e-08
7,599,2.6728885514e-07
7,858,-2.5074039248e-07
7,859,3.6118525307e-07
7,860,-3.0839219717e-07
7,861,-2.3907483887e-07
7,862,3.3235907074e-07
7,863,-1.8617298980e-10
7,1014,-3.0931145749e-07
7,1015,2.3698569678e-07
7,1016,8.4421263883e-08
7,1017,3.5082101856e-07
7,1018,-2.1635166014e-07
7,1019,-1.5790492006e-07
7,1728,-5.4112702241e-08
7,1729,-1.0886548377e-07
7,1730,1.1625187732e-07
7,1731,-1.0634111679e-07
7,1732,-1.6001800790e-07
7,1733,-1.6105620222e-07
8,6,4.8508669960e-07
8,7,-3.8402181075e-07
8,8,2.1074745615e-06
8,9,-1.8619146435e-07
8,10,-7.8509319024e-08
8,11,-1.3193041836e-06
8,48,-1.5193214887e-07
8,49,-1.5210396998e-07
8,50,-5.0749641200e-09
8,51,-2.2634533949e-07
8,52,-2.2253890381e-07
8,53,-2.1153884167e-07
8,150,-4.1407074258e-07
8,151,-6.5239522434e-07
8,152,-6.8938278234e-07
8,153,1.3852291533e-07
8,154,2.0108391957e-07
8,155,2.9271022059e-07
8,594,1.1728226848e-07
8,595,1.3101596450e-07
8,596,-3.6652560149e-08
8,597,-1.4151388965e-07
8,598,-1.7655237484e-07
8,599,5.3617000267e-08
8,858,-2.2900876672e-07
8,859,3.2042912111e-07
8,860,-2.5097720354e-07
8,861,-2.3640212793e-07
8,862,3.2095002508e-07
8,863,-3.7770354852e-08
8,1014,-6.7271950003e-08
8,1015,-6.5612715663e-08
8,1016,2.5685051885e-07
8,1017,1.9391748588e-07
8,1018,-3.8217044045e-08
8,1019,-2.9456001894e-07
8,1728,2.0768926709e-07
8,1729,-1.1516907255e-07
8,1730,-1.2011757744e-07
8,1731,3.0125793119e-07
8,1732,-1.5975795559e-07
8,1733,2.5799251127e-07
9,6,-1.1185989919e-07
9,7,-1.3873024765e-08
9,8,-1.8619146435e-07
9,9,2.1010660477e-06
9,10,-3.7261883787e-07
9,11,-1.9831965092e-07
9,48,2.1824453770e-07
9,49,2.8589305431e-07
9,50,1.9313954218e-07
9,51,2.5987020790e-07
9,52,3.2446015884e-07
9,53,1.1923380297e-07
9,150,-5.0876966280e-08
9,151,-9.1288785627e-08
9,152,-1.2423342888e-07
9,153,-5.1641682385e-08
9,154,-8.1523399813e-08
9,155,7.5103567688e-08
9,594,-3.7964263650e-07
9,595,-1.3808623579e-07
9,596,2.4456549913e-07
9,597,5.4346650142e-07
9,598,1.6463368659e-07
9,599,-4.5638692775e-07
9,858,1.1009478806e-07
9,859,-1.6976548624e-07
9,860,1.7180230653e-07
9,861,8.3632250127e-08
9,862,-1.2517584414e-07
9,863,-4.3981626622e-08
9,1014,-2.5805171943e-07
9,1015,3.1612175191e-07
9,1016,-1.8146378824e-07
9,1017,1.7380438489e-07
9,1018,-1.7968676631e-07
9,1019,1.2033338488e-07
9,1728,4.6107032806e-07
9,1729,-1.7466349185e-07
9,1730,-2.0986411017e-07
9,1731,6.8503894492e-07
9,1732,-2.1795668949e-07
9,1733,6.3176122220e-07
10,6,-1.3873024765e-08
10,7,-2.7839460764e-07
10,8,-7.8509319024e-08
10,9,-3.7261883787e-07
10,10,1.4794974349e-06
10,11,1.6698137211e-07
10,48,-2.7140767089e-07
10,49,-3.4113259660e-07
10,50,-1.9926852038e-07
10,51,-3.3711913605e-07
10,52,-4.0351776054e-07
10,53,-1.8659975167e-07
10,150,7.1727562382e-08
10,151,1.3036627633e-07
10,152,1.8100265544e-07
10,153,8.3079316744e-08
10,154,1.3050212982e-07
10,155,-1.1399036300e-07
10,594,2.0015904920e-07
10,595,-3.0540817895e-08
10,596,-2.0409731354e-07
10,597,-3.1738425989e-07
10,598,5.2293115043e-08
10,599,3.4017151888e-07
10,858,1.5412487672e-07
10,859,-2.3583904129e-07
10,860,2.3438610912e-07
10,861,1.2055534515e-07
10,862,-1.7895417997e-07
10,863,-5.5110863552e-08
10,1014,-1.9598532323e-07
10,1015,2.0955745172e-07
10,1016,-6.1032323234e-08
10,1017,1.6265271348e-07
10,1018,-1.4730693848e-07
10,1019,3.8327696637e-08
10,1728,5.5038258247e-08
10,1729,1.6573720062e-07
10,1730,-1.6765077273e-07
10,1731,1.1919162194e-07
10,1732,2.3980237928e-07
10,1733,2.0034767362e-07
11,6,5.3916620533e-07
11,7,-2.2577005943e-07
11,8,-1.3193041836e-06
11,9,-1.9831965092e-07
11,10,1.6698137211e-07
11,11,2.0064947908e-06
11,48,-1.1542879231e-07
11,49,-1.8409966514e-07
11,50,-1.9470970543e-07
11,51,-1.0559490821e-07
11,52,-1.7232908965e-07
11,53,2.5289531351e-08
11,150,1.7700254987e-07
11,151,2.7613923396e-07
11,152,2.8449122523e-07
11,153,-7.6117699889e-08
11,154,-1.1468905592e-07
11,155,-1.3328425940e-07
11,594,-3.2244053729e-07
11,595,-1.7535532810e-07
11,596,1.6660782352e-07
11,597,4.4424276248e-07
11,598,2.1829280139e-07
11,599,-3.3157789683e-07
11,858,8.6482394214e-08
11,859,-1.1222935266e-07
11,860,6.5638629204e-08
11,861,1.0603261588e-07
11,862,-1.3845944488e-07
11,863,4.6821976151e-08
11,1014,8.3866077880e-09
11,1015,1.2533547888e-07
11,1016,-2.9890199347e-07
11,1017,-1.4179394958e-07
11,1018,2.1419477229e-08
11,1019,2.6832799504e-07
11,1728,-4.3127249229e-07
11,1729,2.3219731230e-07
11,1730,1.4490415006e-07
11,1731,-6.2696504680e-07
11,1732,3.0213270164e-07
11,1733,-5.4480236460e-07
12,12,1.6274884254e-06
12,13,-8.5905570866e-08
12,14,4.0228216831e-07
12,15,-2.6721524904e-08
12,16,2.2865492731e-08
12,17,6.7969728285e-07
12,126,-2.5050695575e-07
12,127,-5.0758989440e-08
12,128,2.0176637582e-07
12,129,3.9380388153e-07
12,130,6.8490731785e-08
12,131,-4.1445737200e-07
12,282,-2.6803990094e-07
12,283,3.0214286032e-07
12,284,-1.1764904333e-07
12,285,2.3690235960e-07
12,286,-2.2120710949e-07
12,287,-6.2886115030e-09
12,408,-2.1087846351e-07
12,409,4.8025049790e-08
12,410,1.7697154108e-07
12,411,-3.4945282585e-07
12,412,7.5529669141e-08
12,413,-4.1211239864e-07
12,618,-2.1613098281e-07
12,619,-2.5775049297e-07
12,620,-1.2546732011e-07
12,621,-2.3453344337e-07
12,622,-2.5455370997e-07
12,623,-7.6608971548e-08
12,1080,-2.5674274075e-07
12,1081,3.1288362517e-07
12,1082,-1.6447836159e-07
12,1083,-1.9630134241e-07
12,1084,2.0196099519e-07
12,1085,5.0410994696e-08
12,1218,-2.6630947007e-07
12,1219,-3.8876965858e-07
12,1220,-3.4414240400e-07
12,1221,1.1312752543e-07
12,1222,1.4191641690e-07
12,1223,1.5227591205e-07
13,12,-8.5905570866e-08
13,13,1.9873005352e-06
13,14,-2.1716628310e-07
13,15,2.2865492731e-08
13,16,-4.3879285213e-08
13,17,-8.5358763735e-08
13,126,7.7879056199e-08
13,127,-4.7859856786e-08
13,128,-9.1560579386e-08
13,129,-1.3446646772e-07
13,130,7.6311927277e-08
13,131,1.7116593687e-07
13,282,-3.1120642197e-07
13,283,3.1994513692e-07
13,284,-5.8820390003e-08
13,285,3.1832825662e-07
13,286,-2.7833929168e-07
13,287,-9.2824028043e-08
13,408,-1.4523117275e-08
13,409,-3.8170542340e-08
13,410,3.3310128962e-08
13,411,-2.8103666368e-08
13,412,-6.2613338500e-08
13,413,-4.3340885891e-08
13,618,2.6256969036e-07
13,619,2.9303049738e-07
13,620,9.8822580913e-08
13,621,3.0902991754e-07
13,622,3.1618063468e-07
13,623,1.5155618297e-07
13,1080,-3.2958921390e-07
13,1081,3.8196188483e-07
13,1082,-1.5747094863e-07
13,1083,-2.8454032503e-07
13,1084,2.8386137977e-07
13,1085,9.0789033908e-09
13,1218,3.9198914720e-07
13,1219,5.6595656124e-07
13,1220,4.8603597626e-07
13,1221,-1.8871599507e-07
13,1222,-2.3862970767e-07
13,1223,-2.0305230352e-07
14,12,4.0228216831e-07
14,13,-2.1716628310e-07
14,14,1.8056392617e-06
14,15,-1.9182959196e-08
14,16,4.8003351853e-08
14,17,-1.4671033399e-06
14,126,1.7723012522e-07
14,127,8.0151436505e-08
14,128,-1.3886983448e-07
14,129,-2.7024201414e-07
14,130,-1.1904273001e-07
14,131,2.6322702376e-07
14,282,-1.3686529916e-07
14,283,7.4170258829e-08
14,284,1.3829321608e-07
14,285,2.3331271088e-07
14,286,-1.6433422037e-07
14,287,-2.3222933665e-07
14,408,1.8847222414e-07
14,409,-4.9309790726e-08
14,410,-1.6307359697e-07
14,411,3.1170111152e-07
14,412,-7.8658030489e-08
14,413,3.6594376431e-07
14,618,-1.3654082419e-07
14,619,-1.0822862466e-07
14,620,6.4480284073e-08
14,621,-2.1364484025e-07
14,622,-1.7764174216e-07
14,623,-2.0996611255e-07
14,1080,-2.0522934142e-07
14,1081,1.9356473965e-07
14,1082,2.1087809664e-08
14,1083,-2.5032660918e-07
14,1084,2.2981306748e-07
14,1085,-1.2353035526e-07
14,1218,-3.5405660700e-07
14,1219,-4.9617879729e-07
14,1220,-3.9015205875e-07
14,1221,2.2347026047e-07
14,1222,2.8608782984e-07
14,1223,1.3119363619e-07
15,12,-2.6721524904e-08
15,13,2.2865492731e-08
15,14,-1.9182959196e-08
15,15,2.2354281568e-06
15,16,-1.6225277014e-07
15,17,-1.0325694827e-07
15,126,-3.9326591554e-07
15,127,-9.1141037986e-08
15,128,3.1155874385e-07
15,129,6.1605795367e-07
15,130,1.2509153299e-07
15,131,-6.4303117757e-07
15,282,-2.4607754313e-07
15,283,3.2137298588e-07
15,284,-2.1888076587e-07
15,285,1.5580288612e-07
15,286,-1.7242191920e-07
15,287,1.1614208128e-07
15,408,3.4944387979e-07
15,409,-8.3637998348e-08
15,410,-2.9119153547e-07
15,411,5.7867880507e-07
15,412,-1.3179115782e-07
15,413,6.8144304226e-07
15,618,2.4241931698e-07
15,619,3.1282590215e-07
15,620,2.0399413316e-07
15,621,2.3461121931e-07
15,622,2.7733317158e-07
15,623,1.6897033919e-08
15,1080,1.8973892264e-07
15,1081,-2.6827070699e-07
15,1082,2.2249451619e-07
15,1083,8.3873798488e-08
15,1084,-1.0299658752e-07
15,1085,-1.4188192839e-07
15,1218,-1.1937288165e-07
15,1219,-1.9744987872e-07
15,1220,-2.2994226486e-07
15,1221,-3.1176512828e-08
15,1222,-4.6077765314e-08
15,1223,1.4603878138e-07
16,12,2.2865492731e-08
16,13,-4.3879285213e-08
16,14,4.8003351853e-08
16,15,-1.6225277014e-07
16,16,1.4215575947e-06
16,17,2.1397350117e-08
16,126,1.1006080276e-07
16,127,-7.4044912261e-08
16,128,-1.3490226633e-07
16,129,-1.9124384916e-07
16,130,1.1723371644e-07
16,131,2.4606421237e-07
16,282,-2.4417956857e-07
16,283,2.9798930049e-07
16,284,-1.5997113476e-07
16,285,1.8391896770e-07
16,286,-1.9134464688e-07
16,287,6.6213196002e-08
16,408,2.0026790448e-08
16,409,6.3892433076e-08
16,410,-5.2379321984e-08
16,411,3.9849423677e-08
16,412,1.0468359631e-07
16,413,6.3818283330e-08
16,618,-2.7176217911e-07
16,619,-3.3037064363e-07
16,620,-1.7252516983e-07
16,621,-2.8737536618e-07
16,622,-3.2002688209e-07
16,623,-7.5228528109e-08
16,1080,2.1122664987e-07
16,1081,-2.9041048351e-07
16,1082,2.2269142597e-07
16,1083,1.0698831110e-07
16,1084,-1.2870873005e-07
16,1085,-1.4160912661e-07
16,1218,1.5355392195e-07
16,1219,2.5547272927e-07
16,1220,3.0014282356e-07
16,1221,4.5349772875e-08
16,1222,6.4753123330e-08
16,1223,-1.9894406103e-07
17,12,6.7969728285e-07
17,13,-8.5358763735e-08
17,14,-1.4671033399e-06
17,15,-1.0325694827e-07
17,16,2.1397350117e-08
17,17,2.4990699113e-06
17,126,-4.1263222262e-07
17,127,-1.2382256450e-07
17,128,3.1360362594e-07
17,129,6.4106244891e-07
17,130,1.7440303127e-07
17,131,-6.5596894275e-07
17,282,-1.9089027780e-08
17,283,1.1181605739e-07
17,284,-2.4319985581e-07
17,285,-1.0976568274e-07
17,286,5.6241680288e-08
17,287,2.3562903144e-07
17,408,-4.1207974959e-07
17,409,1.0887639804e-07
17,410,3.3808993763e-07
17,411,-6.8140645899e-07
17,412,1.7216026751e-07
17,413,-7.9989320450e-07
17,618,-9.2370259240e-08
17,619,-1.6966057237e-07
17,620,-2.1490064635e-07
17,621,-2.8884077067e-08
17,622,-8.5476701097e-08
17,623,1.3664441840e-07
17,1080,6.2262140818e-08
17,1081,-1.4664011459e-08
17,1082,-1.3226301935e-07
17,1083,1.4873392631e-07
17,1084,-1.3331500838e-07
17,1085,1.4608468394e-07
17,1218,1.4655448261e-07
17,1219,1.9070830263e-07
17,1220,1.1151279850e-07
17,1221,-1.4433125608e-07
17,1222,-1.9442065802e-07
17,1223,-3.1017138806e-08
18,18,1.2629630147e-06
18,19,-3.4430698157e-09
18,20,1.3974486834e-06
18,21,2.7007043348e-07
18,22,-4.4712052869e-09
18,23,1.5361149026e-07
18,504,-2.3496569962e-07
18,505,-2.0361785131e-07
18,506,8.3171841687e-10
18,507,3.1028823921e-07
18,508,2.4121277273e-07
18,509,-2.1024896698e-07
18,930,-3.1625971234e-07
18,931,5.4706051923e-07
18,932,-7.0440227539e-07
18,933,1.4803542970e-07
18,934,-2.5576685238e-07
18,935,8.7817463947e-08
18,966,-2.3686929771e-07
18,967,2.0792628352e-07
18,968,-3.6527915409e-09
18,969,3.1241685583e-07
18,970,-2.4637942051e-07
18,971,-2.1093390711e-07
18,1314,-3.1711512209e-07
18,1315,-5.4906196694e-07
18,1316,-7.0832609802e-07
18,1317,1.4432401448e-07
18,1318,2.4997070435e-07
18,1319,8.8405427526e-08
19,18,-3.4430698157e-09
19,19,2.5128791152e-06
19,20,-1.0724388511e-08
19,21,-4.4712052869e-09
19,22,-4.4226273766e-07
19,23,-3.2992961874e-09
19,504,2.0459437671e-07
19,505,1.1936228421e-07
19,506,-1.1298977245e-07
19,507,-2.9793919595e-07
19,508,-1.5758022002e-07
19,509,2.6503961141e-07
19,930,-5.4706062780e-07
19,931,9.4629536392e-07
19,932,-1.2184608806e-06
19,933,2.5637134718e-07
19,934,-4.4294360077e-07
19,935,1.5158884283e-07
19,966,-2.0348053131e-07
19,967,1.2004066391e-07
19,968,1.1183882495e-07
19,969,2.9670653307e-07
19,970,-1.5925714589e-07
19,971,-2.6474572888e-07
19,1314,5.4906256774e-07
19,1315,9.5066220260e-07
19,1316,1.2264167454e-06
19,1317,-2.4980307273e-07
19,1318,-4.3266156798e-07
19,1319,-1.5315309618e-07
20,18,1.3974486834e-06
20,19,-1.0724388511e-08
20,20,3.7716740910e-06
20,21,-7.9641269665e-07
20,22,-7.0811929445e-09
20,23,-7.3913580785e-07
20,504,-1.4383565528e-09
20,505,1.1155751331e-07
20,506,2.0430478936e-07
20,507,5.5946006695e-08
20,508,-1.0677465953e-07
20,509,-1.6415938768e-07
20,930,-7.0440269514e-07
20,931,1.2184613649e-06
20,932,-1.5689013678e-06
20,933,3.3088699288e-07
20,934,-5.7168836342e-07
20,935,1.9437141440e-07
20,966,2.8157762601e-09
20,967,-1.1499007942e-07
20,968,2.0641361941e-07
20,969,5.0699782356e-08
20,970,1.0983487298e-07
20,971,-1.6135931578e-07
20,1314,-7.0832842380e-07
20,1315,-1.2264194304e-06
20,1316,-1.5821614273e-06
20,1317,3.2204672558e-07
20,1318,5.5778841800e-07
20,1319,1.9779821006e-07
21,18,2.7007043348e-07
21,19,-4.4712052869e-09
21,20,-7.9641269665e-07
21,21,1.4003573084e-06
21,22,-6.3940500368e-09
21,23,2.3556416907e-07
21,504,-2.9843152963e-07
21,505,-2.8968921241e-07
21,506,-5.9154753660e-08
21,507,3.7921162166e-07
21,508,3.3449837214e-07
21,509,-2.2307740732e-07
21,930,1.4717835279e-07
21,931,-2.5428364772e-07
21,932,3.2663739463e-07
21,933,-2.3767330880e-07
21,934,4.1084069792e-07
21,935,1.3578985753e-07
21,966,-3.0003736605e-07
21,967,2.9476415812e-07
21,968,-6.6237228294e-08
21,969,3.8055255997e-07
21,970,-3.4015843091e-07
21,971,-2.2241805905e-07
21,1314,1.4648943471e-07
21,1315,2.5371952370e-07
21,1316,3.2753079017e-07
21,1317,-2.3810671974e-07
21,1318,-4.1234151760e-07
21,1319,1.3362790978e-07
22,18,-4.4712052869e-09
22,19,-4.4226273766e-07
22,20,-7.0811929445e-09
22,21,-6.3940500368e-09
22,22,2.0589647626e-06
22,23,-5.6902536207e-09
22,504,2.2869424702e-07
22,505,1.5165428734e-07
22,506,-9.7823293963e-08
22,507,-3.2429921057e-07
22,508,-1.9558546730e-07
22,509,2.6889224536e-07
22,930,2.5488943819e-07
22,931,-4.4037910102e-07
22,932,5.6568531737e-07
22,933,-4.1140560657e-07
22,934,7.1115303288e-07
22,935,2.3509432293e-07
22,966,-2.2583324149e-07
22,967,1.5100479530e-07
22,968,9.6172888249e-08
22,969,3.2070315875e-07
22,970,-1.9565561829e-07
22,971,-2.6684982776e-07
22,1314,-2.5355279407e-07
22,1315,-4.3915316131e-07
22,1316,-5.6691025832e-07
22,1317,4.1218839843e-07
22,1318,7.1380759142e-07
22,1319,-2.3131064771e-07
23,18,1.5361149026e-07
23,19,-3.2992961874e-09
23,20,-7.3913580785e-07
23,21,2.3556416907e-07
23,22,-5.6902536207e-09
23,23,1.2799842250e-06
23,504,-1.7976589008e-07
23,505,-2.4403064785e-07
23,506,-1.7447517590e-07
23,507,1.9511173483e-07
23,508,2.6268167908e-07
23,509,-3.6947190627e-08
23,930,8.7903613967e-08
23,931,-1.5236932532e-07
23,932,1.9700573229e-07
23,933,1.3448875320e-07
23,934,-2.3242818356e-07
23,935,-2.9831473968e-07
23,966,-1.7920005422e-07
23,967,2.4620723953e-07
23,968,-1.8142667293e-07
23,969,1.9336088636e-07
23,970,-2.6411418665e-07
23,971,-3.3753179237e-08
23,1314,8.8240688410e-08
23,1315,1.5269600359e-07
23,1316,1.9676487290e-07
23,1317,1.3692423246e-07
23,1318,2.3713079292e-07
23,1319,-2.9749406148e-07
24,24,1.6036873434e-06
24,25,4.2646674554e-08
24,26,7.6223083983e-07
24,27,7.0749622109e-09
24,28,-4.9312490266e-08
24,29,2.3050457835e-07
24,60,-2.6297224991e-07
24,61,2.3008359697e-07
24,62,-3.0558507624e-09
24,63,2.9870233385e-07
24,64,-2.1655251233e-07
24,65,-1.2015624726e-07
24,732,-2.1561500506e-07
24,733,3.6352487418e-07
24,734,-4.4434807274e-07
24,735,-2.2333922144e-08
24,736,3.5188089194e-08
24,737,1.9386392358e-07
24,1038,-2.8437490162e-07
24,1039,-2.4285323191e-07
24,1040,4.3572227011e-09
24,1041,-3.2868101653e-07
24,1042,-2.3272734850e-07
24,1043,-1.4198136157e-07
24,1260,-1.8082621594e-07
24,1261,-3.1050915229e-07
24,1262,-3.9397705355e-07
24,1263,-1.9727024449e-08
24,1264,-3.3303213814e-08
24,1265,1.7241696360e-07
24,1722,-2.7262454333e-07
24,1723,-2.2939381245e-07
24,1724,8.4326000803e-09
24,1725,3.0616732475e-07
24,1726,2.0833337470e-07
24,1727,-1.1730176034e-07
24,1764,-2.3313858746e-07
24,1765,2.1540845017e-07
24,1766,-6.4943956300e-09
24,1767,-2.9482963155e-07
24,1768,2.4637209995e-07
24,1769,-1.7518080464e-07
25,24,4.2646674554e-08
25,25,2.2854473324e-06
25,26,4.8939654471e-08
25,27,-4.9312490266e-08
25,28,2.5506027706e-08
25,29,8.9099492423e-08
25,60,-2.3201062741e-07
25,61,1.3914743703e-07
25,62,1.2221461735e-07
25,63,3.0794357950e-07
25,64,-1.5739012915e-07
25,65,-2.1880464217e-07
25,732,-3.6415022045e-07
25,733,6.1381097524e-07
25,734,-7.4991677065e-07
25,735,-4.0030930466e-08
25,736,6.3310996515e-08
25,737,3.2687966293e-07
25,1038,2.2309087759e-07
25,1039,1.1413040168e-07
25,1040,-1.4928505254e-07
25,1041,3.0797960297e-07
25,1042,1.3709663496e-07
25,1043,2.4094429918e-07
25,1260,3.1050537339e-07
25,1261,5.3317679895e-07
25,1262,6.7646557662e-07
25,1263,3.4446441650e-08
25,1264,5.8167688852e-08
25,1265,-2.9592585428e-07
25,1722,2.3167307383e-07
25,1723,1.2353931946e-07
25,1724,-1.4149823089e-07
25,1725,-3.0900534843e-07
25,1726,-1.3794324002e-07
25,1727,2.2229787578e-07
25,1764,-2.0737500646e-07
25,1765,1.4948265084e-07
25,1766,8.1247024541e-08
25,1767,-2.8971990742e-07
25,1768,1.9126076739e-07
25,1769,-2.3350381256e-07
26,24,7.6223083983e-07
26,25,4.8939654471e-08
26,26,2.9094505261e-06
26,27,2.0606557672e-08
26,28,-4.1949521883e-08
26,29,-1.5905038955e-06
26,60,-5.6158744229e-09
26,61,-1.2104332680e-07
26,62,2.3085718815e-07
26,63,9.3990200060e-08
26,64,7.1435750836e-08
26,65,-2.3258812459e-07
26,732,-4.4668685646e-07
26,733,7.5257027271e-07
26,734,-9.1851614427e-07
26,735,-5.4997742012e-08
26,736,8.7558198215e-08
26,737,3.9957889010e-07
26,1038,3.3006017184e-08
26,1039,1.6218361139e-07
26,1040,2.3485323082e-07
26,1041,-4.9790263826e-08
26,1042,1.1883074196e-07
26,1043,-2.1963140036e-07
26,1260,-3.9396258572e-07
26,1261,-6.7644896685e-07
26,1262,-8.5815311453e-07
26,1263,-4.5176022175e-08
26,1264,-7.6324283127e-08
26,1265,3.7510372746e-07
26,1722,5.6077038554e-09
26,1723,1.4038551345e-07
26,1724,2.3638473773e-07
26,1725,8.6484557221e-08
26,1726,-9.0012218453e-08
26,1727,-2.3932585337e-07
26,1764,4.7363886760e-09
26,1765,-8.8154463849e-08
26,1766,1.6560899037e-07
26,1767,-4.8649549957e-08
26,1768,-6.4907511966e-08
26,1769,-1.5418450315e-07
27,24,7.0749622109e-09
27,25,-4.9312490266e-08
27,26,2.0606557672e-08
27,27,1.8098569060e-06
27,28,1.2233968328e-07
27,29,-3.6873836721e-09
27,60,-3.2030148846e-07
27,61,3.1886453680e-07
27,62,-7.9281853928e-08
27,63,3.3695704401e-07
27,64,-2.8412700126e-07
27,65,-7.8119834448e-08
27,732,1.3442137790e-08
27,733,-2.5200102745e-08
27,734,3.7265749826e-08
27,735,-3.9645949264e-08
27,736,6.6733713650e-08
27,737,-2.1591289937e-08
27,1038,3.3399565383e-07
27,1039,3.3163616526e-07
27,1040,8.3500931296e-08
27,1041,3.5557683246e-07
27,1042,3.0096469706e-07
27,1043,8.8043888171e-08
27,1260,-4.7824828526e-09
27,1261,-7.6352115536e-09
27,1262,-8.2039173962e-09
27,1263,-2.5225443902e-08
27,1264,-4.3238274472e-08
27,1265,-1.4661764523e-09
27,1722,-3.2740532876e-07
27,1723,-3.1846794293e-07
27,1724,-7.0739499579e-08
27,1725,3.3829423116e-07
27,1726,2.7373091659e-07
27,1727,-6.7058612504e-08
27,1764,2.9849855615e-07
27,1765,-3.0095707573e-07
27,1766,6.0294524873e-08
27,1767,3.6107598111e-07
27,1768,-3.3209802811e-07
27,1769,1.7789292842e-07
28,24,-4.9312490266e-08
28,25,2.5506027706e-08
28,26,-4.1949521883e-08
28,27,1.2233968328e-07
28,28,1.2192137785e-06
28,29,-7.2465118711e-08
28,60,-2.4429868594e-07
28,61,1.7005417272e-07
28,62,9.1026304643e-08
28,63,3.0788175005e-07
28,64,-1.8335479578e-07
28,65,-1.8475373819e-07
28,732,2.0325254334e-08
28,733,-3.8543633022e-08
28,734,5.8003981330e-08
28,735,-6.7059805136e-08
28,736,1.1283011207e-07
28,737,-3.4688185174e-08
28,1038,-2.1351320757e-07
28,1039,-1.2902871556e-07
28,1040,1.1621950395e-07
28,1041,-2.8176451296e-07
28,1042,-1.4954236029e-07
28,1043,-1.9221827998e-07
28,1260,8.7901604540e-09
28,1261,1.4102837407e-08
28,1262,1.5345191252e-08
28,1263,4.3394002951e-08
28,1264,7.4377443046e-08
28,1265,2.0402018615e-09
28,1722,2.3564294264e-07
28,1723,1.4905725233e-07
28,1724,-1.0996175008e-07
28,1725,-2.9829648943e-07
28,1726,-1.5927938299e-07
28,1727,1.8120964699e-07
28,1764,2.3896587915e-07
28,1765,-1.8924132950e-07
28,1766,-6.2594323323e-08
28,1767,3.2277625425e-07
28,1768,-2.3401422081e-07
28,1769,2.3601788047e-07
29,24,2.3050457835e-07
29,25,8.9099492423e-08
29,26,-1.5905038955e-06
29,27,-3.6873836721e-09
29,28,-7.2465118711e-08
29,29,1.5917281984e-06
29,60,-1.6806220725e-07
29,61,2.5223099834e-07
29,62,-2.1341544422e-07
29,63,1.1773199879e-07
29,64,-1.9033196673e-07
29,65,1.0629555513e-07
29,732,1.9294198977e-07
29,733,-3.2494474607e-07
29,734,3.9625955634e-07
29,735,2.5706290797e-08
29,736,-4.1528482107e-08
29,737,-1.7996397004e-07
29,1038,-1.5358215374e-07
29,1039,-2.5303438237e-07
29,1040,-2.3795342897e-07
29,1041,-9.7525898316e-08
29,1042,-1.9380286579e-07
29,1043,1.2677483916e-07
29,1260,1.7413332944e-07
29,1261,2.9905046630e-07
29,1262,3.7952406459e-07
29,1263,1.7535909174e-08
29,1264,2.9636091899e-08
29,1265,-1.6976663067e-07
29,1722,-1.6346007940e-07
29,1723,-2.5295764274e-07
29,1724,-2.1887731679e-07
29,1725,1.0463779627e-07
29,1726,1.8396892077e-07
29,1727,1.2471664387e-07
29,1764,-1.8436341371e-07
29,1765,2.4237222928e-07
29,1766,-1.5666506636e-07
29,1767,-1.8617111448e-07
29,1768,2.4092966061e-07
29,1769,-6.8466926726e-09
30,30,1.6385590087e-06
30,31,2.3412419767e-08
30,32,9.2268732112e-07
30,33,4.6286495806e-08
30,34,-9.8755118384e-08
30,35,3.7565507860e-07
30,174,-2.3618041115e-07
30,175,-3.9537091654e-07
30,176,-4.7621968028e-07
30,177,1.6460356234e-08
30,178,2.3685032052e-08
30,179,1.9961591277e-07
30,984,-2.7442465441e-07
30,985,-2.2473288912e-07
30,986,1.5779592865e-08
30,987,-3.3685898851e-07
30,988,-2.3371846941e-07
30,989,-1.8152297293e-07
30,1386,-2.5211111743e-07
30,1387,4.2886396776e-07
30,1388,-5.3386804257e-07
30,1389,-3.4463476976e-08
30,1390,5.6271886415e-08
30,1391,1.9971255352e-07
30,1542,-1.8391946019e-07
30,1543,-1.8720596298e-07
30,1544,-3.5164732650e-08
30,1545,2.5272585563e-07
30,1546,2.4327921176e-07
30,1547,-1.9141711978e-07
30,1710,-2.9912693695e-07
30,1711,1.6356129126e-07
30,1712,7.7835498701e-08
30,1713,3.9901863097e-07
30,1714,-1.7113315223e-07
30,1715,-2.7832830342e-07
30,1872,-2.3251616662e-07
30,1873,1.8385855415e-07
30,1874,4.2819849811e-08
30,1875,-3.1023785438e-07
30,1876,2.2084339041e-07
30,1877,-2.1654858825e-07
31,30,2.3412419767e-08
31,31,2.4638356375e-06
31,32,1.2474814580e-07
31,33,-9.8755118384e-08
31,34,1.2642773464e-07
31,35,-4.4262255557e-08
31,174,3.9522049811e-07
31,175,6.6133930643e-07
31,176,7.9589508495e-07
31,177,-3.1456914163e-08
31,178,-4.6164942656e-08
31,179,-3.3342434175e-07
31,984,2.2493105893e-07
31,985,1.0798988326e-07
31,986,-1.5248988125e-07
31,987,3.1821516403e-07
31,988,1.3250092788e-07
31,989,2.6436806817e-07
31,1386,-4.2859078631e-07
31,1387,7.2898858537e-07
31,1388,-9.0726255146e-07
31,1389,-6.1024170626e-08
31,1390,9.9795092464e-08
31,1391,3.3876822408e-07
31,1542,1.8718635424e-07
31,1543,1.6724495295e-07
31,1544,-1.7210803017e-08
31,1545,-2.7031449784e-07
31,1546,-2.2893618823e-07
31,1547,2.3506700619e-07
31,1710,-1.9611398187e-07
31,1711,-1.9978813676e-08
31,1712,2.0657048826e-07
31,1713,3.0433376408e-07
31,1714,3.4132759460e-08
31,1715,-3.0992857668e-07
31,1872,-2.0469828700e-07
31,1873,1.1340766609e-07
31,1874,1.2337079957e-07
31,1875,-2.9740377429e-07
31,1876,1.4897202971e-07
31,1877,-2.6308739760e-07
32,30,9.2268732112e-07
32,31,1.2474814580e-07
32,32,3.1262327939e-06
32,33,8.9600628915e-08
32,34,-3.8694092936e-09
32,35,-1.5069632879e-06
32,174,-4.7566327923e-07
32,175,-7.9526733421e-07
32,176,-9.5534452983e-07
32,177,4.7790363957e-08
32,178,7.2134191256e-08
32,179,3.9967677312e-07
32,984,1.5551372353e-08
32,985,1.5241465202e-07
32,986,2.3371717788e-07
32,987,-5.8089175328e-08
32,988,1.3195876707e-07
32,989,-2.0801459237e-07
32,1386,-5.3283567241e-07
32,1387,9.0608508419e-07
32,1388,-1.1271221852e-06
32,1389,-8.2098450606e-08
32,1390,1.3463851990e-07
32,1391,4.1923749843e-07
32,1542,-3.1795388378e-08
32,1543,2.0631054362e-08
32,1544,1.1158956242e-07
32,1545,7.3502223706e-08
32,1546,-1.9021166424e-09
32,1547,-1.2562454964e-07
32,1710,6.1511535982e-08
32,1711,-2.2013035061e-07
32,1712,1.5791641348e-07
32,1713,-1.9412147805e-08
32,1714,2.6596823745e-07
32,1715,-1.3571334864e-07
32,1872,4.7289368455e-09
32,1873,-9.9124020283e-08
32,1874,1.5768477478e-07
32,1875,-4.1491237419e-08
32,1876,-9.8488037442e-08
32,1877,-1.4074581855e-07
33,30,4.6286495806e-08
33,31,-9.8755118384e-08
33,32,8.9600628915e-08
33,33,1.9745551255e-06
33,34,-1.6176945139e-08
33,35,8.7589727897e-08
33,174,-3.4971562273e-08
33,175,-6.2436908402e-08
33,176,-8.5089826682e-08
33,177,-5.4402018523e-08
33,178,-9.1371764403e-08
33,179,3.8415275647e-08
33,984,3.3428871305e-07
33,985,3.1668270634e-07
33,986,5.9382435677e-08
33,987,3.8662446173e-07
33,988,3.1797101917e-07
33,989,1.5601934012e-07
33,1386,-9.1890983229e-10
33,1387,-8.0751190496e-10
33,1388,7.0715404937e-09
33,1389,-6.9395007123e-08
33,1390,1.1771457919e-07
33,1391,-2.0445615672e-08
33,1542,-2.5127357519e-07
33,1543,-2.7003433289e-07
33,1544,-8.0523033674e-08
33,1545,3.3725002913e-07
33,1546,3.4380994402e-07
33,1547,-2.3685042932e-07
33,1710,-3.9587501036e-07
33,1711,2.6475318636e-07
33,1712,4.3966793748e-08
33,1713,5.1185522659e-07
33,1714,-2.8203138572e-07
33,1715,-3.1996872597e-07
33,1872,3.0687250712e-07
33,1873,-2.6801749604e-07
33,1874,-1.1668294339e-08
33,1875,3.9673854134e-07
33,1876,-3.1525712957e-07
33,1877,2.4787751300e-07
34,30,-9.8755118384e-08
34,31,1.2642773464e-07
34,32,-3.8694092936e-09
34,33,-1.6176945139e-08
34,34,1.5942611240e-06
34,35,-2.5508487150e-07
34,174,5.4584328679e-08
34,175,9.7851413807e-08
34,176,1.3429808100e-07
34,177,9.0730496581e-08
34,178,1.5227618332e-07
34,179,-6.1708299882e-08
34,984,-2.3110662658e-07
34,985,-1.3160601314e-07
34,986,1.2952317941e-07
34,987,-3.1554121508e-07
34,988,-1.5741341920e-07
34,989,-2.3705114917e-07
34,1386,-4.0157867425e-09
34,1387,2.8007732647e-09
34,1388,6.8263368034e-09
34,1389,-1.1831632087e-07
34,1390,2.0066006034e-07
34,1391,-3.3415390191e-08
34,1542,2.4234830867e-07
34,1543,2.2938899079e-07
34,1544,5.3677955235e-09
34,1545,-3.4273994694e-07
34,1546,-3.0752091382e-07
34,1547,2.8160166531e-07
34,1710,-2.1568745140e-07
34,1711,-1.8761005143e-08
34,1712,2.4162945684e-07
34,1713,3.3362948544e-07
34,1714,2.8326492549e-08
34,1715,-3.3557134567e-07
34,1872,2.4499292579e-07
34,1873,-1.5210326689e-07
34,1874,-1.2343670119e-07
34,1875,3.4774304780e-07
34,1876,-1.9577231954e-07
34,1877,2.8921095017e-07
35,30,3.7565507860e-07
35,31,-4.4262255557e-08
35,32,-1.5069632879e-06
35,33,8.7589727897e-08
35,34,-2.5508487150e-07
35,35,1.7245894334e-06
35,174,1.9432845004e-07
35,175,3.2402064016e-07
35,176,3.8694190713e-07
35,177,-3.2362896035e-08
35,178,-5.1740281289e-08
35,179,-1.7498947126e-07
35,984,-1.7547056282e-07
35,985,-2.6062033700e-07
35,986,-2.1073118808e-07
35,987,-1.5078683454e-07
35,988,-2.3674210134e-07
35,989,5.9209579487e-08
35,1386,2.0385898315e-07
35,1387,-3.4680201480e-07
35,1388,4.3174099522e-07
35,1389,2.7302875472e-08
35,1390,-4.5126749547e-08
35,1391,-1.8069394763e-07
35,1542,-1.8735938492e-07
35,1543,-2.3430359615e-07
35,1544,-1.3615584958e-07
35,1545,2.3292787860e-07
35,1546,2.8221526722e-07
35,1547,-1.1999256402e-07
35,1710,-2.6993360322e-07
35,1711,2.9050403716e-07
35,1712,-1.1228339802e-07
35,1713,3.1207686693e-07
35,1714,-3.1647141083e-07
35,1715,-1.0887194746e-07
35,1872,-2.0757847384e-07
35,1873,2.3898869082e-07
35,1874,-9.6882837737e-08
35,1875,-2.3945460957e-07
35,1876,2.6612587393e-07
35,1877,-8.2107626069e-08
36,36,1.5922248250e-06
36,37,-4.4082408159e-08
36,38,3.6192111900e-07
36,39,-5.0614327312e-08
36,40,-1.5565770504e-09
36,41,8.2493706832e-07
36,294,-2.7193140359e-07
36,295,3.3752212017e-07
36,296,-1.8877004393e-07
36,297,2.1530093790e-07
36,298,-2.2539594222e-07
36,299,2.3839702517e-08
36,324,-2.1420696051e-07
36,325,-2.8032260115e-07
36,326,-1.8496537387e-07
36,327,2.1173741907e-07
36,328,2.5461124336e-07
36,329,-3.8648742352e-08
36,354,-2.3913744293e-07
36,355,3.0261965451e-07
36,356,-1.8019391682e-07
36,357,-2.2014847535e-07
36,358,2.4906592159e-07
36,359,-1.5382936654e-08
36,756,-2.5535076289e-07
36,757,-1.9566723249e-08
36,758,2.0513297758e-07
36,759,-4.2426712161e-07
36,760,-2.7050475359e-08
36,761,-5.0311045949e-07
36,834,-2.2921120504e-07
36,835,-4.1802231514e-08
36,836,1.9320014460e-07
36,837,3.7708312612e-07
36,838,6.3463860942e-08
36,839,-4.3795429347e-07
36,1308,-2.2963383586e-07
36,1309,-3.2346094284e-07
36,1310,-2.6161978906e-07
36,1311,-1.5609805097e-07
36,1312,-1.9785965825e-07
36,1313,7.0415115607e-08
37,36,-4.4082408159e-08
37,37,1.9159369148e-06
37,38,-1.3104374741e-07
37,39,-1.5565770504e-09
37,40,-1.1079016193e-07
37,41,-3.4062980078e-08
37,294,-3.3378099234e-07
37,295,3.9183897965e-07
37,296,-1.6939398852e-07
37,297,3.0727904203e-07
37,298,-3.1226843052e-07
37,299,-4.6880982052e-08
37,324,2.8651784676e-07
37,325,3.6302683534e-07
37,326,2.1250781045e-07
37,327,-3.0415868225e-07
37,328,-3.5618192945e-07
37,329,9.7987947541e-08
37,354,-3.0025816555e-07
37,355,3.6224468547e-07
37,356,-1.7610492834e-07
37,357,-3.0656458680e-07
37,358,3.3456253355e-07
37,359,-8.1376147192e-08
37,756,3.8394538799e-08
37,757,-6.8996153751e-08
37,758,-4.3169889057e-08
37,759,6.9373858928e-08
37,760,-1.1503087664e-07
37,761,9.6382670238e-08
37,834,2.5242872570e-08
37,835,-4.6250400359e-08
37,836,-4.2015348354e-08
37,837,-4.7059469918e-08
37,838,7.5663677924e-08
37,839,6.8580190665e-08
37,1308,3.2285328993e-07
37,1309,4.4669542503e-07
37,1310,3.4239334895e-07
37,1311,2.4166510711e-07
37,1312,3.0396188168e-07
37,1313,-6.5256799928e-08
38,36,3.6192111900e-07
38,37,-1.3104374741e-07
38,38,1.6939609643e-06
38,39,-6.7278628404e-08
38,40,-3.8095712987e-08
38,41,-1.4716270567e-06
38,294,-1.7983230328e-07
38,295,1.6158812301e-07
38,296,4.4331846186e-08
38,297,2.6042607846e-07
38,298,-2.4361102540e-07
38,299,-2.0002255210e-07
38,324,-2.0140612636e-07
38,325,-2.2790228190e-07
38,326,-7.0201532986e-08
38,327,2.6172584262e-07
38,328,2.8507193045e-07
38,329,-1.7684313078e-07
38,354,-1.7436772846e-07
38,355,1.7090282239e-07
38,356,8.0824688633e-09
38,357,-2.4516690748e-07
38,358,2.4092158529e-07
38,359,-1.8926015478e-07
38,756,1.9682041976e-07
38,757,3.9268443530e-08
38,758,-1.7423576066e-07
38,759,3.2514210103e-07
38,760,6.2299023643e-08
38,761,3.8069636448e-07
38,834,1.9388876261e-07
38,835,4.7883473384e-08
38,836,-1.6960296498e-07
38,837,-3.1761079389e-07
38,838,-7.5135328705e-08
38,839,3.6531916679e-07
38,1308,-2.5985475300e-07
38,1309,-3.4064719627e-07
38,1310,-2.1638567670e-07
38,1311,-2.4643145233e-07
38,1312,-3.0425240357e-07
38,1313,-2.8545745447e-08
39,36,-5.0614327312e-08
39,37,-1.5565770504e-09
39,38,-6.7278628404e-08
39,39,2.3300709698e-06
39,40,-7.4549263747e-08
39,41,-1.1919631249e-07
39,294,-2.1717759858e-07
39,295,3.1109073675e-07
39,296,-2.6602169264e-07
39,297,9.2393371849e-08
39,298,-1.1414711725e-07
39,299,1.5988622993e-07
39,324,-1.7813118340e-07
39,325,-2.5539860815e-07
39,326,-2.1903045999e-07
39,327,1.3693722860e-07
39,328,1.8253940018e-07
39,329,5.4371725211e-08
39,354,2.2321144897e-07
39,355,-3.1216990559e-07
39,356,2.5224573497e-07
39,357,1.5495165125e-07
39,358,-1.9587328888e-07
39,359,-8.9669291261e-08
39,756,4.2441807687e-07
39,757,3.7935839650e-08
39,758,-3.4002352591e-07
39,759,7.0475364814e-07
39,760,5.3923800286e-08
39,761,8.3465855393e-07
39,834,-3.7829408033e-07
39,835,-7.3974979703e-08
39,836,3.1682838590e-07
39,837,6.2180230829e-07
39,838,1.1284209478e-07
39,839,-7.2081300384e-07
39,1308,1.7196820850e-07
39,1309,2.6311174547e-07
39,1310,2.6168245366e-07
39,1311,5.9493680911e-08
39,1312,8.1505155087e-08
39,1313,-1.3998874800e-07
40,36,-1.5565770504e-09
40,37,-1.1079016193e-07
40,38,-3.8095712987e-08
40,39,-7.4549263747e-08
40,40,1.4764814142e-06
40,41,5.2634099510e-08
40,294,-2.2388047240e-07
40,295,3.1092550624e-07
40,296,-2.4405897694e-07
40,297,1.1395456852e-07
40,298,-1.3841448346e-07
40,299,1.4295169026e-07
40,324,2.1749948560e-07
40,325,3.0452431368e-07
40,326,2.4491011067e-07
40,327,-1.8005560575e-07
40,328,-2.3421207036e-07
40,329,-4.1399603229e-08
40,354,2.4992899628e-07
40,355,-3.3703115497e-07
40,356,2.4508688949e-07
40,357,1.9477230495e-07
40,358,-2.3772397930e-07
40,359,-6.2309080704e-08
40,756,-5.8281211427e-08
40,757,1.1428841475e-07
40,758,6.8531444451e-08
40,759,-1.0604776172e-07
40,760,1.9033652128e-07
40,761,-1.4905057571e-07
40,834,3.6465932326e-08
40,835,-7.6731075208e-08
40,836,-6.5728925072e-08
