0,0,1.2975555526e-03
0,1,6.8178142900e-05
0,2,5.0056666111e-04
0,3,6.5151384583e-06
0,4,3.9843970150e-05
0,5,3.3597450194e-05
0,240,-1.0048116354e-04
0,241,1.0891130471e-04
0,242,-3.2627651681e-05
0,243,-1.3400638464e-04
0,244,1.3775858453e-04
0,245,-9.2790027887e-05
0,468,-9.9559375548e-05
0,469,1.0584641801e-04
0,470,-2.5455864845e-05
0,471,1.3441038608e-04
0,472,-1.3630052143e-04
0,473,-9.6467050440e-05
0,612,-1.9137388047e-04
0,613,3.1087287848e-04
0,614,-3.5109480463e-04
0,615,-2.2506129477e-05
0,616,3.0283869802e-05
0,617,1.2114895838e-04
0,948,-1.6294870103e-04
0,949,-1.2177341607e-04
0,950,2.2677581320e-05
0,951,2.0378468980e-04
0,952,1.2770012174e-04
0,953,-1.1574972078e-04
0,1194,-1.6209698501e-04
0,1195,-2.6733285221e-04
0,1196,-3.1185357472e-04
0,1197,-1.3934679187e-05
0,1198,-1.9833496722e-05
0,1199,1.2673612218e-04
0,1242,-1.3310210248e-04
0,1243,-1.1089130364e-04
0,1244,6.3635036099e-06
0,1245,-1.6995929190e-04
0,1246,-1.2444229947e-04
0,1247,-1.0312265233e-04
1,0,6.8178142900e-05
1,1,1.7795783321e-03
1,2,4.3812060845e-05
1,3,3.9843970150e-05
1,4,5.8622385472e-05
1,5,1.4392344523e-04
1,240,-8.9158033155e-05
1,241,8.3885729388e-05
1,242,1.9571827353e-06
1,243,-1.2706503223e-04
1,244,1.1407118893e-04
1,245,-1.0666580480e-04
1,468,-1.0649420247e-04
1,469,1.0149410842e-04
1,470,6.4504600989e-07
1,471,1.5160209772e-04
1,472,-1.3828833301e-04
1,473,-1.2682083393e-04
1,612,-3.0944173801e-04
1,613,5.0205996971e-04
1,614,-5.6549916508e-04
1,615,-4.3092284794e-05
1,616,5.9781369229e-05
1,617,1.9412950337e-04
1,948,1.0406523414e-04
1,949,2.0373621051e-05
1,950,-1.1039323293e-04
1,951,-1.5738869945e-04
1,952,-3.0134184284e-05
1,953,1.5010735171e-04
1,1194,2.6677579695e-04
1,1195,4.3968116339e-04
1,1196,5.1217065041e-04
1,1197,2.6204480915e-05
1,1198,3.8011218387e-05
1,1199,-2.0795086441e-04
1,1242,8.8364980878e-05
1,1243,3.7007398243e-05
1,1244,-7.2430907640e-05
1,1245,1.3069446697e-04
1,1246,5.0744963499e-05
1,1247,1.1945664131e-04
2,0,5.0056666111e-04
2,1,4.3812060845e-05
2,2,2.1468793497e-03
2,3,5.8228430065e-05
2,4,6.7849327509e-05
2,5,-8.3188309735e-04
2,240,8.3026900199e-06
2,241,-3.4301605718e-05
2,242,6.2397753433e-05
2,243,-5.1160819594e-06
2,244,-2.8504786061e-05
2,245,-4.1264944420e-05
2,468,-3.1655283045e-05
2,469,5.6095676494e-06
2,470,5.7190901308e-05
2,471,6.1461963905e-05
2,472,-2.4559720831e-05
2,473,-8.7809300575e-05
2,612,-3.4597469216e-04
2,613,5.5981735821e-04
2,614,-6.2674817281e-04
2,615,-6.4915669381e-05
2,616,9.3823735572e-05
2,617,2.1241356070e-04
2,948,3.6665024377e-05
2,949,1.0936352626e-04
2,950,1.1162861698e-04
2,951,-6.9486724744e-06
2,952,-1.1073683421e-04
2,953,-8.7288479995e-05
2,1194,-3.0981448151e-04
2,1195,-5.0988153298e-04
2,1196,-5.9208768535e-04
2,1197,-3.8670862497e-05
2,1198,-5.7660549036e-05
2,1199,2.3984991205e-04
2,1242,4.0502067150e-05
2,1243,8.8094470951e-05
2,1244,8.9233609813e-05
2,1245,2.5204378857e-05
2,1246,8.9566210196e-05
2,1247,-4.6704710204e-05
3,0,6.5151384583e-06
3,1,3.9843970150e-05
3,2,5.8228430065e-05
3,3,1.3504850944e-03
3,4,1.9804554772e-04
3,5,-2.0078247935e-05
3,240,1.4109879236e-04
3,241,-1.5906452505e-04
3,242,6.0668253265e-05
3,243,1.8419534322e-04
3,244,-1.9730203199e-04
3,245,1.1842651057e-04
3,468,-1.3610444943e-04
3,469,1.5096592680e-04
3,470,-4.9697000160e-05
3,471,1.7950457206e-04
3,472,-1.9028021508e-04
3,473,-1.1906533933e-04
3,612,6.8270277925e-06
3,613,-1.7075690785e-05
3,614,3.4266631031e-05
3,615,-7.5974721217e-05
3,616,1.2293533674e-04
3,617,-2.4511904391e-05
3,948,-2.0751573302e-04
3,949,-1.7844823083e-04
3,950,-1.0170603943e-05
3,951,2.4835091347e-04
3,952,1.8350434103e-04
3,953,-1.1617060349e-04
3,1194,1.0977049347e-05
3,1195,2.1175956405e-05
3,1196,3.2448663448e-05
3,1197,-4.5565032084e-05
3,1198,-7.5095605151e-05
3,1199,-1.7522518470e-05
3,1242,1.7854377378e-04
3,1243,1.6342625539e-04
3,1244,1.8804113823e-05
3,1245,2.2074899939e-04
3,1246,1.7963873428e-04
3,1247,1.1766864005e-04
4,0,3.9843970150e-05
4,1,5.8622385472e-05
4,2,6.7849327509e-05
4,3,1.9804554772e-04
4,4,1.1507247422e-03
4,5,5.4575963185e-05
4,240,1.1844535512e-04
4,241,-1.1591214627e-04
4,242,7.5420373081e-06
4,243,1.6588956374e-04
4,244,-1.5474706570e-04
4,245,1.3271911096e-04
4,468,-1.3805989498e-04
4,469,1.3745190614e-04
4,470,-1.2469282886e-05
4,471,1.9255139539e-04
4,472,-1.8336694991e-04
4,473,-1.5207483403e-04
4,612,4.6271052319e-06
4,613,-1.7173130230e-05
4,614,4.3544470050e-05
4,615,-1.2336223761e-04
4,616,1.9920843551e-04
4,617,-3.7914323224e-05
4,948,1.0652176114e-04
4,949,2.1435570872e-05
4,950,-1.1938191009e-04
4,951,-1.6077784267e-04
4,952,-3.4470140936e-05
4,953,1.5105852830e-04
4,1194,-1.4858750548e-05
4,1195,-2.9542072787e-05
4,1196,-4.7153513918e-05
4,1197,7.5044155173e-05
4,1198,1.2354903326e-04
4,1199,2.7126222236e-05
4,1242,-1.0315288862e-04
4,1243,-4.6570916392e-05
4,1244,8.1877949577e-05
4,1245,-1.5087050347e-04
4,1246,-6.3715635940e-05
4,1247,-1.3372913492e-04
5,0,3.3597450194e-05
5,1,1.4392344523e-04
5,2,-8.3188309735e-04
5,3,-2.0078247935e-05
5,4,5.4575963185e-05
5,5,1.2673713367e-03
5,240,-1.1278226018e-04
5,241,1.4148501103e-04
5,242,-8.3623840786e-05
5,243,-1.3791154705e-04
5,244,1.6651334959e-04
5,245,-6.7029439545e-05
5,468,-1.0118668690e-04
5,469,1.2673209207e-04
5,470,-7.1799514984e-05
5,471,1.2363424081e-04
5,472,-1.5035480000e-04
5,473,-5.9061557319e-05
5,612,1.3168661193e-04
5,613,-2.1343781574e-04
5,614,2.3967141833e-04
5,615,2.1611202967e-05
5,616,-3.2876609099e-05
5,617,-1.1255638516e-04
5,948,-1.2507211811e-04
5,949,-1.6001438211e-04
5,950,-9.7134465186e-05
5,951,1.2460714461e-04
5,952,1.5602678293e-04
5,953,-6.6277741575e-07
5,1194,1.2953241098e-04
5,1195,2.1316161964e-04
5,1196,2.4742987179e-04
5,1197,1.8177808866e-05
5,1198,2.8210874022e-05
5,1199,-1.1326600749e-04
5,1242,-1.2580446658e-04
5,1243,-1.4883115764e-04
5,1244,-7.7599735508e-05
5,1245,-1.3893720534e-04
5,1246,-1.5502454956e-04
5,1247,-3.5893494165e-05
6,6,1.3288673408e-03
6,7,-1.5792269855e-04
6,8,1.0224199214e-04
6,9,-9.0554608755e-05
6,10,-6.2217738773e-06
6,11,1.8471970130e-04
6,48,-1.0539117347e-04
6,49,-1.2924001337e-04
6,50,-6.8786080133e-05
6,51,-1.3106009845e-04
6,52,-1.5250972866e-04
6,53,-7.3228326217e-05
6,150,-1.3615090164e-04
6,151,-2.1353345400e-04
6,152,-2.2318845496e-04
6,153,3.4215537886e-05
6,154,4.7884448858e-05
6,155,1.0281734888e-04
6,594,-1.6525737527e-04
6,595,-4.8533148892e-05
6,596,1.1419624459e-04
6,597,2.3678890811e-04
6,598,5.4935867239e-05
6,599,-1.9937594053e-04
6,858,-8.8200120108e-05
6,859,1.2663376482e-04
6,860,-1.0712408510e-04
6,861,-8.0658254862e-05
6,862,1.1151869404e-04
6,863,7.0340709437e-06
6,1014,-1.8037609103e-04
6,1015,1.6896751050e-04
6,1016,-1.6223512495e-05
6,1017,1.6877926951e-04
6,1018,-1.2128136258e-04
6,1019,-1.6165147023e-05
6,1728,-1.9472270431e-04
6,1729,6.0950281062e-05
6,1730,9.7707477731e-05
6,1731,-2.8806436977e-04
6,1732,7.2454887868e-05
6,1733,-2.6263443481e-04
7,6,-1.5792269855e-04
7,7,1.4430719280e-03
7,8,-2.6800621354e-04
7,9,-6.2217738773e-06
7,10,-1.8567738650e-04
7,11,-1.2957524831e-04
7,48,1.3596957379e-04
7,49,1.5932992977e-04
7,50,6.8429776060e-05
7,51,1.7621995159e-04
7,52,1.9629442655e-04
7,53,1.1431125096e-04
7,150,2.1526212872e-04
7,151,3.3669473204e-04
7,152,3.4966740661e-04
7,153,-5.9409478703e-05
7,154,-8.3810461759e-05
7,155,-1.5957452609e-04
7,594,9.6315134077e-05
7,595,-1.7351327103e-05
7,596,-9.6525544116e-05
7,597,-1.5161375877e-04
7,598,2.9377325738e-05
7,599,1.5980103264e-04
7,858,-1.2876355088e-04
7,859,1.8278452990e-04
7,860,-1.4968449106e-04
7,861,-1.2166105823e-04
7,862,1.6650675158e-04
7,863,2.2782359935e-06
7,1014,-1.8009535251e-04
7,1015,1.3486675268e-04
7,1016,5.4680831491e-05
7,1017,2.0242188263e-04
7,1018,-1.2119027529e-04
7,1019,-8.7079385151e-05
7,1728,-3.3477963808e-05
7,1729,-6.9000191342e-05
7,1730,7.2427009067e-05
7,1731,-6.5451781245e-05
7,1732,-1.0013623032e-04
7,1733,-9.7835307036e-05
8,6,1.0224199214e-04
8,7,-2.6800621354e-04
8,8,1.5073388066e-03
8,9,-1.0454123090e-04
8,10,-3.9475182789e-05
8,11,-7.7454898173e-04
8,48,-8.5489849661e-05
8,49,-8.3463584196e-05
8,50,2.2823978543e-06
8,51,-1.2689104437e-04
8,52,-1.2191991461e-04
8,53,-1.1710256609e-04
8,150,-2.2912872849e-04
8,151,-3.5612436041e-04
8,152,-3.6426996012e-04
8,153,7.6363721379e-05
8,154,1.0919440885e-04
8,155,1.6227102265e-04
8,594,7.4366110881e-05
8,595,8.1315709185e-05
8,596,-2.4937863147e-05
8,597,-8.8820431718e-05
8,598,-1.0808917336e-04
8,599,3.1781251060e-05
8,858,-1.1363461450e-04
8,859,1.5633263428e-04
8,860,-1.1617090513e-04
8,861,-1.1667434615e-04
8,862,1.5567068655e-04
8,863,-1.7192943913e-05
8,1014,-3.4196590804e-05
8,1015,-4.3513178248e-05
8,1016,1.4880255543e-04
8,1017,1.0769364951e-04
8,1018,-1.7519015970e-05
8,1019,-1.6779707436e-04
8,1728,1.3125457630e-04
8,1729,-7.1638984713e-05
8,1730,-7.6918463474e-05
8,1731,1.8804990416e-04
8,1732,-9.7931787787e-05
8,1733,1.5547903934e-04
9,6,-9.0554608755e-05
9,7,-6.2217738773e-06
9,8,-1.0454123090e-04
9,9,1.5237235840e-03
9,10,-2.7722373212e-04
9,11,-1.3565285182e-04
9,48,1.2713503690e-04
9,49,1.6469135687e-04
9,50,1.0707171123e-04
9,51,1.4954811266e-04
9,52,1.8441460647e-04
9,53,6.4556161689e-05
9,150,-2.8793573761e-05
9,151,-5.1171676640e-05
9,152,-6.8287505406e-05
9,153,-2.9923091387e-05
9,154,-4.6640998431e-05
9,155,4.2625190178e-05
9,594,-2.3413507873e-04
9,595,-8.4117013110e-05
9,596,1.5170835586e-04
9,597,3.3083455637e-04
9,598,9.8470072062e-05
9,599,-2.6758702045e-04
9,858,5.6362041698e-05
9,859,-8.5815066187e-05
9,860,8.4162727099e-05
9,861,4.2156734952e-05
9,862,-6.2261634026e-05
9,863,-2.3687941033e-05
9,1014,-1.4970960076e-04
9,1015,1.8187696001e-04
9,1016,-1.0067712846e-04
9,1017,9.8213557040e-05
9,1018,-1.0039772495e-04
9,1019,7.4190673362e-05
9,1728,2.8707194335e-04
9,1729,-1.0789824611e-04
9,1730,-1.3141876636e-04
9,1731,4.2099038256e-04
9,1732,-1.3235143387e-04
9,1733,3.7497736786e-04
10,6,-6.2217738773e-06
10,7,-1.8567738650e-04
10,8,-3.9475182789e-05
10,9,-2.7722373212e-04
10,10,1.0017259560e-03
10,11,1.0861182391e-04
10,48,-1.5630392965e-04
10,49,-1.9407330121e-04
10,50,-1.0804066191e-04
10,51,-1.9194521069e-04
10,52,-2.2666822789e-04
10,53,-1.0133348591e-04
10,150,3.9960052763e-05
10,151,7.1985077411e-05
10,152,9.8126827463e-05
10,153,4.7584869824e-05
10,154,7.3784083923e-05
10,155,-6.3853471109e-05
10,594,1.2208847242e-04
10,595,-1.9853940755e-05
10,596,-1.2473701187e-04
10,597,-1.9150687272e-04
10,598,3.3344152089e-05
10,599,2.0004185702e-04
10,858,7.7754871954e-05
10,859,-1.1744499854e-04
10,860,1.1297631789e-04
10,861,5.9900649784e-05
10,862,-8.7710964110e-05
10,863,-2.9485574428e-05
10,1014,-1.1100082728e-04
10,1015,1.1746578284e-04
10,1016,-3.1241255042e-05
10,1017,9.0198684140e-05
10,1018,-8.0722959313e-05
10,1019,2.5684718024e-05
10,1728,3.3082967519e-05
10,1729,1.0371588677e-04
10,1730,-1.0301949201e-04
10,1731,7.1785339950e-05
10,1732,1.4808309203e-04
10,1733,1.1990829426e-04
11,6,1.8471970130e-04
11,7,-1.2957524831e-04
11,8,-7.7454898173e-04
11,9,-1.3565285182e-04
11,10,1.0861182391e-04
11,11,1.5006094207e-03
11,48,-6.3876891311e-05
11,49,-1.0203308804e-04
11,50,-1.0740668468e-04
11,51,-5.6366452476e-05
11,52,-9.2981913338e-05
11,53,1.9064907146e-05
11,150,1.0204343481e-04
11,151,1.5719728628e-04
11,152,1.5704115718e-04
11,153,-4.3216297613e-05
11,154,-6.4198197026e-05
11,155,-7.7328838423e-05
11,594,-1.9145099166e-04
11,595,-1.0487254599e-04
11,596,9.8928916977e-05
11,597,2.5960019331e-04
11,598,1.2862931648e-04
11,599,-1.8394257734e-04
11,858,4.6295340965e-05
11,859,-5.9477598142e-05
11,860,3.3516445190e-05
11,861,5.5748368451e-05
11,862,-7.1861698829e-05
11,863,2.2731817403e-05
11,1014,9.7971074498e-06
11,1015,6.8094396769e-05
11,1016,-1.7055807249e-04
11,1017,-8.6876557299e-05
11,1018,1.5722654648e-05
11,1019,1.5372942330e-04
11,1728,-2.5951573302e-04
11,1729,1.4070578482e-04
11,1730,8.6924767780e-05
11,1731,-3.7174425056e-04
11,1732,1.8042192911e-04
11,1733,-3.0982400533e-04
12,12,1.3104643274e-03
12,13,-7.2067954498e-05
12,14,5.3612329829e-05
12,15,-2.1489499427e-05
12,16,1.8287539109e-05
12,17,2.3678216190e-04
12,126,-1.4159094445e-04
12,127,-2.8225153228e-05
12,128,1.1425246778e-04
12,129,2.1974021267e-04
12,130,3.7405209412e-05
12,131,-2.2425910496e-04
12,282,-1.5466883879e-04
12,283,1.7171619976e-04
12,284,-6.1255455322e-05
12,285,1.3479734931e-04
12,286,-1.2317274481e-04
12,287,1.3410994628e-07
12,408,-1.1863894410e-04
12,409,2.6788854450e-05
12,410,9.9680111200e-05
12,411,-1.9414857040e-04
12,412,4.1553520069e-05
12,413,-2.2276813079e-04
12,618,-1.2371494484e-04
12,619,-1.4559501760e-04
12,620,-6.6636454574e-05
12,621,-1.3249478905e-04
12,622,-1.4150810738e-04
12,623,-3.9595869586e-05
12,1080,-1.4674925161e-04
12,1081,1.7589183952e-04
12,1082,-8.5983502861e-05
12,1083,-1.1075892543e-04
12,1084,1.1142547799e-04
12,1085,3.1281305242e-05
12,1218,-1.5481686548e-04
12,1219,-2.2294387101e-04
12,1220,-1.9006180436e-04
12,1221,6.4931718180e-05
12,1222,7.9982693818e-05
12,1223,8.9316625824e-05
13,12,-7.2067954498e-05
13,13,1.3842770235e-03
13,14,-1.4284353063e-04
13,15,1.8287539109e-05
13,16,-2.8965894835e-05
13,17,-4.3796027125e-05
13,126,4.3523690865e-05
13,127,-2.7295993528e-05
13,128,-5.1154493379e-05
13,129,-7.4340412475e-05
13,130,4.2974132570e-05
13,131,9.2512779857e-05
13,282,-1.7709331701e-04
13,283,1.7876475761e-04
13,284,-2.5828021859e-05
13,285,1.7928084235e-04
13,286,-1.5316416737e-04
13,287,-4.8448373077e-05
13,408,-7.9418366475e-06
13,409,-2.1542440267e-05
13,410,1.8455091952e-05
13,411,-1.5263000798e-05
13,412,-3.4894710574e-05
13,413,-2.3205683754e-05
13,618,1.4843387763e-04
13,619,1.6315036097e-04
13,620,4.9594070729e-05
13,621,1.7273873258e-04
13,622,1.7363361599e-04
13,623,8.0484118698e-05
13,1080,-1.8581387680e-04
13,1081,2.1140398023e-04
13,1082,-7.8557147419e-05
13,1083,-1.5881787079e-04
13,1084,1.5481320141e-04
13,1085,8.2605504551e-06
13,1218,2.2495158289e-04
13,1219,3.2022930444e-04
13,1220,2.6420772152e-04
13,1221,-1.0723697835e-04
13,1222,-1.3322109607e-04
13,1223,-1.1769011238e-04
14,12,5.3612329829e-05
14,13,-1.4284353063e-04
14,14,1.3206277324e-03
14,15,-7.6608398210e-06
14,16,2.9784620230e-05
14,17,-8.4198929482e-04
14,126,1.0051764096e-04
14,127,4.4762785809e-05
14,128,-7.9228653821e-05
14,129,-1.5132701962e-04
14,130,-6.5536411883e-05
14,131,1.4267471416e-04
14,282,-7.2526908147e-05
14,283,3.4824894496e-05
14,284,8.2647347107e-05
14,285,1.2706079972e-04
14,286,-8.6241369113e-05
14,287,-1.2837531214e-04
14,408,1.0606856140e-04
14,409,-2.7443455093e-05
14,410,-9.1945148995e-05
14,411,1.7323833491e-04
14,412,-4.3187817991e-05
14,413,1.9788040970e-04
14,618,-7.3096302123e-05
14,619,-5.5075463829e-05
14,620,4.0989532908e-05
14,621,-1.1522774590e-04
14,622,-9.2790354362e-05
14,623,-1.1338846435e-04
14,1080,-1.0991925758e-04
14,1081,9.9723065838e-05
14,1082,2.0549469455e-05
14,1083,-1.3555190250e-04
14,1084,1.2103469958e-04
14,1085,-6.7664652606e-05
14,1218,-1.9619042446e-04
14,1219,-2.7046092928e-04
14,1220,-2.0209584047e-04
14,1221,1.2416394882e-04
14,1222,1.5632254714e-04
14,1223,7.2841073959e-05
15,12,-2.1489499427e-05
15,13,1.8287539109e-05
15,14,-7.6608398210e-06
15,15,1.5493632894e-03
15,16,-1.1273981042e-04
15,17,-6.5696318393e-05
15,126,-2.1939796923e-04
15,127,-5.0200824161e-05
15,128,1.7415461692e-04
15,129,3.3920907674e-04
15,130,6.7737907442e-05
15,131,-3.4303994272e-04
15,282,-1.4016860346e-04
15,283,1.8096866601e-04
15,284,-1.1844576558e-04
15,285,8.6541095049e-05
15,286,-9.4173537416e-05
15,287,6.9535816977e-05
15,408,1.9414214931e-04
15,409,-4.6114910510e-05
15,410,-1.6196788034e-04
15,411,3.1743418692e-04
15,412,-7.1663622069e-05
15,413,3.6353979996e-04
15,618,1.3710764086e-04
15,619,1.7491060072e-04
15,620,1.0951779165e-04
15,621,1.3053013719e-04
15,622,1.5215046767e-04
15,623,4.8283085127e-06
15,1080,1.0701658484e-04
15,1081,-1.4941265339e-04
15,1082,1.1937025127e-04
15,1083,4.5777278111e-05
15,1084,-5.5271875622e-05
15,1085,-8.1869552045e-05
15,1218,-6.8564110473e-05
15,1219,-1.1219725225e-04
15,1220,-1.2751929776e-04
15,1221,-1.8851661038e-05
15,1222,-2.7490167763e-05
15,1223,8.4204195192e-05
16,12,1.8287539109e-05
16,13,-2.8965894835e-05
16,14,2.9784620230e-05
16,15,-1.1273981042e-04
16,16,9.3276925543e-04
16,17,1.3599131074e-05
16,126,6.0535095308e-05
16,127,-4.1684956602e-05
16,128,-7.4272755871e-05
16,129,-1.0407998715e-04
16,130,6.5145450308e-05
16,131,1.3098352637e-04
16,282,-1.3649851014e-04
16,283,1.6439422773e-04
16,284,-8.3338485399e-05
16,285,1.0077955281e-04
16,286,-1.0299528283e-04
16,287,4.0685092962e-05
16,408,1.0718913519e-05
16,409,3.5614067286e-05
16,410,-2.8609274681e-05
16,411,2.1231535016e-05
16,412,5.7609704773e-05
16,413,3.3624499778e-05
16,618,-1.5145861166e-04
16,619,-1.8172299975e-04
16,620,-8.9597712905e-05
16,621,-1.5790197025e-04
16,622,-1.7310955136e-04
16,623,-3.6540741209e-05
16,1080,1.1698999758e-04
16,1081,-1.5874618820e-04
16,1082,1.1672400714e-04
16,1083,5.7534700232e-05
16,1084,-6.8088890026e-05
16,1085,-8.0813184057e-05
16,1218,8.6729630111e-05
16,1219,1.4281025290e-04
16,1220,1.6386519155e-04
16,1221,2.7091681185e-05
16,1222,3.8161217036e-05
16,1223,-1.1309655443e-04
17,12,2.3678216190e-04
17,13,-4.3796027125e-05
17,14,-8.4198929482e-04
17,15,-6.5696318393e-05
17,16,1.3599131074e-05
17,17,1.7310846489e-03
17,126,-2.2310714848e-04
17,127,-6.6875891615e-05
17,128,1.6975063858e-04
17,129,3.4180113996e-04
17,130,9.2761362478e-05
17,131,-3.3794026300e-04
17,282,-7.2641992676e-06
17,283,5.9435997321e-05
17,284,-1.3454442549e-04
17,285,-6.5849260878e-05
17,286,3.4798395624e-05
17,287,1.3245279211e-04
17,408,-2.2274485181e-04
17,409,5.8628901961e-05
17,410,1.8289896120e-04
17,411,-3.6351379325e-04
17,412,9.1420486471e-05
17,413,-4.1457862648e-04
17,618,-4.8722751094e-05
17,619,-9.0928297483e-05
17,620,-1.1610699835e-04
17,621,-1.1766922477e-05
17,622,-4.2542582672e-05
17,623,7.9029673709e-05
17,1080,3.7958476554e-05
17,1081,-1.1018938939e-05
17,1082,-7.3195446661e-05
17,1083,8.5711423704e-05
17,1084,-7.5697817952e-05
17,1085,7.9857064770e-05
17,1218,8.6032547462e-05
17,1219,1.1056038269e-04
17,1220,6.1527387441e-05
17,1221,-8.3228929602e-05
17,1222,-1.1044485164e-04
17,1223,-2.0062982981e-05
18,18,1.3652380252e-03
18,19,-1.5667838607e-06
18,20,7.7963060763e-04
18,21,-3.3982276764e-04
18,22,-1.4198184184e-06
18,23,4.9289356917e-04
18,504,-1.3590905154e-04
18,505,-1.1626469293e-04
18,506,3.4111664243e-06
18,507,1.7719486060e-04
18,508,1.3554782187e-04
18,509,-1.1487297374e-04
18,930,-1.9234355246e-04
18,931,3.2855361876e-04
18,932,-4.1231874656e-04
18,933,9.0025792715e-05
18,934,-1.5359451885e-04
18,935,5.3416071687e-05
18,966,-1.3895499501e-04
18,967,1.2047342111e-04
18,968,8.0670157921e-07
18,969,1.8098019642e-04
18,970,-1.4053882258e-04
18,971,-1.1697674923e-04
18,1314,-1.9318414714e-04
18,1315,-3.3030218252e-04
18,1316,-4.1531501885e-04
18,1317,8.7922961399e-05
18,1318,1.5038008736e-04
18,1319,5.3854031339e-05
19,18,-1.5667838607e-06
19,19,2.0966507586e-03
19,20,-7.2111599153e-06
19,21,-1.4198184184e-06
19,22,-8.0565114860e-04
19,23,-7.0772295133e-07
19,504,1.1682517231e-04
19,505,6.6410818171e-05
19,506,-6.7067904711e-05
19,507,-1.6834431849e-04
19,508,-8.6514099589e-05
19,509,1.4547629045e-04
19,930,-3.2855431421e-04
19,931,5.6113319258e-04
19,932,-7.0395897412e-04
19,933,1.5396245649e-04
19,934,-2.6263606817e-04
19,935,9.1051204059e-05
19,966,-1.1784036576e-04
19,967,6.7787709950e-05
19,968,6.7334578855e-05
19,969,1.7007231446e-04
19,970,-8.8791664335e-05
19,971,-1.4752413124e-04
19,1314,3.3031526873e-04
19,1315,5.6467579284e-04
19,1316,7.0977543045e-04
19,1317,-1.5028375661e-04
19,1318,-2.5699855634e-04
19,1319,-9.2134063547e-05
20,18,7.7963060763e-04
20,19,-7.2111599153e-06
20,20,2.8832984290e-03
20,21,-5.1242091754e-04
20,22,-3.8278929063e-06
20,23,-4.5159704604e-04
20,504,2.1206555221e-06
20,505,6.6259036914e-05
20,506,1.1493819110e-04
20,507,2.8046614437e-05
20,508,-6.3311260657e-05
20,509,-8.9913115266e-05
20,930,-4.1232143319e-04
20,931,7.0396207244e-04
20,932,-8.8252609001e-04
20,933,1.9368718970e-04
20,934,-3.3029082696e-04
20,935,1.1377222657e-04
20,966,4.5863949026e-06
20,967,-6.9170153391e-05
20,968,1.1784461314e-04
20,969,2.5490286567e-05
20,970,6.5937684761e-05
20,971,-8.9742694154e-05
20,1314,-4.1536566547e-04
20,1315,-7.0983389133e-04
20,1316,-8.9161636965e-04
20,1317,1.8884827066e-04
20,1318,3.2283997248e-04
20,1319,1.1599019527e-04
21,18,-3.3982276764e-04
21,19,-1.4198184184e-06
21,20,-5.1242091754e-04
21,21,1.8369866407e-03
21,22,-2.2638793101e-06
21,23,-8.4493862686e-04
21,504,-1.7005680517e-04
21,505,-1.6342136023e-04
21,506,-3.0056750892e-05
21,507,2.1306154615e-04
21,508,1.8559623042e-04
21,509,-1.1850352931e-04
21,930,8.9518012612e-05
21,931,-1.5272704636e-04
21,932,1.9119292834e-04
21,933,-1.4454871950e-04
21,934,2.4674061156e-04
21,935,8.2571798521e-05
21,966,-1.7342785935e-04
21,967,1.6874668323e-04
21,968,-3.4635619517e-05
21,969,2.1693164554e-04
21,970,-1.9159228637e-04
21,971,-1.1993795778e-04
21,1314,8.9238414375e-05
21,1315,1.5262886702e-04
21,1316,1.9204294398e-04
21,1317,-1.4505283991e-04
21,1318,-2.4805513655e-04
21,1319,8.1408750941e-05
22,18,-1.4198184184e-06
22,19,-8.0565114860e-04
22,20,-3.8278929063e-06
22,21,-2.2638793101e-06
22,22,2.1990405060e-03
22,23,-3.0180370606e-06
22,504,1.2812441222e-04
22,505,8.3076988680e-05
22,506,-5.7915030745e-05
22,507,-1.7966367156e-04
22,508,-1.0569340767e-04
22,509,1.4415925723e-04
22,930,1.5309577031e-04
22,931,-2.6115570469e-04
22,932,3.2682178202e-04
22,933,-2.4708465201e-04
22,934,4.2169881980e-04
22,935,1.4117198428e-04
22,966,-1.2832641080e-04
22,967,8.3941091372e-05
22,968,5.7767520129e-05
22,969,1.8025746398e-04
22,970,-1.0735027754e-04
22,971,-1.4527731215e-04
22,1314,-1.5253317260e-04
22,1315,-2.6084333662e-04
22,1316,-3.2809316821e-04
22,1317,2.4797140850e-04
22,1318,4.2398858517e-04
22,1319,-1.3916202037e-04
23,18,4.9289356917e-04
23,19,-7.0772295133e-07
23,20,-4.5159704604e-04
23,21,-8.4493862686e-04
23,22,-3.0180370606e-06
23,23,2.1981720861e-03
23,504,-9.6703559156e-05
23,505,-1.3293192524e-04
23,506,-9.5966052084e-05
23,507,1.0186408448e-04
23,508,1.4015834592e-04
23,509,-1.1693847785e-05
23,930,5.3454399644e-05
23,931,-9.1500239291e-05
23,932,1.1531941648e-04
23,933,8.1806884881e-05
23,934,-1.3961298263e-04
23,935,-1.8142981389e-04
23,966,-9.7806901352e-05
23,967,1.3610719608e-04
23,968,-1.0132258949e-04
23,969,1.0241541574e-04
23,970,-1.4303124870e-04
23,971,-1.0190005280e-05
23,1314,5.3757471915e-05
23,1315,9.1860809343e-05
23,1316,1.1536892120e-04
23,1317,8.3409593980e-05
23,1318,1.4264621953e-04
23,1319,-1.8123119713e-04
24,24,1.3334631897e-03
24,25,4.4642950719e-05
24,26,3.1107448375e-04
24,27,4.2563542637e-06
24,28,-2.5744512131e-05
24,29,-4.0722894225e-05
24,60,-1.6454442345e-04
24,61,1.4220507192e-04
24,62,1.5323566448e-06
24,63,1.8406670696e-04
24,64,-1.3101941186e-04
24,65,-6.7983959939e-05
24,732,-1.2785598510e-04
24,733,2.1278701770e-04
24,734,-2.5302159690e-04
24,735,-1.3122937167e-05
24,736,2.0374796340e-05
24,737,1.1498592317e-04
24,1038,-1.7868104779e-04
24,1039,-1.5078035366e-04
24,1040,6.1968150944e-06
24,1041,-2.0379204801e-04
24,1042,-1.4180620964e-04
24,1043,-8.2161102374e-05
24,1260,-1.0168174609e-04
24,1261,-1.7242309006e-04
24,1262,-2.1316333233e-04
24,1263,-1.1050415432e-05
24,1264,-1.8416107215e-05
24,1265,9.6963428132e-05
24,1722,-1.6412786664e-04
24,1723,-1.3628137884e-04
24,1724,8.5016128328e-06
24,1725,1.8141212844e-04
24,1726,1.2093031487e-04
24,1727,-6.3312850897e-05
24,1764,-1.4033003381e-04
24,1765,1.2820427389e-04
24,1766,-9.0573498597e-07
24,1767,-1.7521227204e-04
24,1768,1.4437767457e-04
24,1769,-9.9080014783e-05
25,24,4.4642950719e-05
25,25,1.6398333917e-03
25,26,4.9517232328e-05
25,27,-2.5744512131e-05
25,28,1.7505575018e-05
25,29,4.9867531707e-05
25,60,-1.4342588662e-04
25,61,8.3985446029e-05
25,62,7.8574305410e-05
25,63,1.8820006337e-04
25,64,-9.3481759671e-05
25,65,-1.2868898280e-04
25,732,-2.1333269604e-04
25,733,3.5490219462e-04
25,734,-4.2164803834e-04
25,735,-2.3264280065e-05
25,736,3.6258507398e-05
25,737,1.9154450232e-04
25,1038,1.3828121373e-04
25,1039,6.8673558786e-05
25,1040,-9.5396744792e-05
25,1041,1.8918433165e-04
25,1042,8.1535823510e-05
25,1043,1.4384115652e-04
25,1260,1.7241790155e-04
25,1261,2.9231693907e-04
25,1262,3.6124453687e-04
25,1263,1.9058630907e-05
25,1264,3.1765631837e-05
25,1265,-1.6433925747e-04
25,1722,1.3767041157e-04
25,1723,7.1309844189e-05
25,1724,-8.6974739556e-05
25,1725,-1.8153235751e-04
25,1726,-7.8285969702e-05
25,1727,1.2567984383e-04
25,1764,-1.2328866556e-04
25,1765,8.7265883374e-05
25,1766,5.1030851321e-05
25,1767,-1.7044565000e-04
25,1768,1.1025262243e-04
25,1769,-1.3314338563e-04
26,24,3.1107448375e-04
26,25,4.9517232328e-05
26,26,2.0496224891e-03
26,27,1.4706541343e-05
26,28,-2.0923342537e-05
26,29,-9.6291654393e-04
26,60,-7.0322693443e-08
26,61,-7.7840921798e-05
26,62,1.4082368491e-04
26,63,5.4179486641e-05
26,64,4.6358739056e-05
26,65,-1.4001992672e-04
26,732,-2.5505079577e-04
26,733,4.2394412585e-04
26,734,-5.0275400735e-04
26,735,-3.1282414244e-05
26,736,4.9082420794e-05
26,737,2.2819119125e-04
26,1038,2.4059832212e-05
26,1039,1.0339352959e-04
26,1040,1.4303266849e-04
26,1041,-2.7016340569e-05
26,1042,7.5467233848e-05
26,1043,-1.3334588265e-04
26,1260,-2.1314353568e-04
26,1261,-3.6122184757e-04
26,1262,-4.4603020235e-04
26,1263,-2.4380219249e-05
26,1264,-4.0643250532e-05
26,1265,2.0295645184e-04
26,1722,6.8029530903e-06
26,1723,8.6306117257e-05
26,1724,1.3812137221e-04
26,1725,4.7555185543e-05
26,1726,-5.5309707066e-05
26,1727,-1.3872899942e-04
26,1764,5.9016586004e-06
26,1765,-5.5231197838e-05
26,1766,9.7258487516e-05
26,1767,-2.5066561613e-05
26,1768,-4.1334941258e-05
26,1769,-8.8320949803e-05
27,24,4.2563542637e-06
27,25,-2.5744512131e-05
27,26,1.4706541343e-05
27,27,1.3208693660e-03
27,28,8.9923009934e-05
27,29,-3.6257857825e-06
27,60,-1.9797200816e-04
27,61,1.9523413852e-04
27,62,-4.4805550669e-05
27,63,2.0460919851e-04
27,64,-1.7007593016e-04
27,65,-3.9642709628e-05
27,732,7.8468326553e-06
27,733,-1.4560830313e-05
27,734,2.1116410911e-05
27,735,-2.3529746688e-05
27,736,3.9095693496e-05
27,737,-1.2642037156e-05
27,1038,2.0721985817e-04
27,1039,2.0399520291e-04
27,1040,4.7782900070e-05
27,1041,2.1716492176e-04
27,1042,1.8149876598e-04
27,1043,4.6375956406e-05
27,1260,-2.7321328260e-06
27,1261,-4.3093093244e-06
27,1262,-4.5006045022e-06
27,1263,-1.4188261925e-05
27,1264,-2.4015398992e-05
27,1265,-7.7035368495e-07
27,1722,-1.9457018549e-04
27,1723,-1.8740585402e-04
27,1724,-3.7910851393e-05
27,1725,1.9731935235e-04
27,1726,1.5719746452e-04
27,1727,-3.1206642959e-05
27,1764,1.7749643070e-04
27,1765,-1.7728042081e-04
27,1766,3.2035583931e-05
27,1767,2.1170574058e-04
27,1768,-1.9244031086e-04
27,1769,9.7648280584e-05
28,24,-2.5744512131e-05
28,25,1.7505575018e-05
28,26,-2.0923342537e-05
28,27,8.9923009934e-05
28,28,8.3954308131e-04
28,29,-4.4051706348e-05
28,60,-1.4857794867e-04
28,61,1.0135938395e-04
28,62,5.8892321449e-05
28,63,1.8491316598e-04
28,64,-1.0748417979e-04
28,65,-1.0563006149e-04
28,732,1.1680670418e-05
28,733,-2.1936458152e-05
28,734,3.2403901581e-05
28,735,-3.9321271190e-05
28,736,6.5295286453e-05
28,737,-2.0036812852e-05
28,1038,-1.2986235889e-04
28,1039,-7.6445245227e-05
28,1040,7.4032281809e-05
28,1041,-1.6976699556e-04
28,1042,-8.7653176179e-05
28,1043,-1.1191030458e-04
28,1260,4.9586753844e-06
28,1261,7.8583456641e-06
28,1262,8.3096220953e-06
28,1263,2.4102540395e-05
28,1264,4.0788277324e-05
28,1265,1.0366163864e-06
28,1722,1.3754183089e-04
28,1723,8.4906849076e-05
28,1724,-6.7576687996e-05
28,1725,-1.7195452600e-04
28,1726,-8.9213668995e-05
28,1727,9.9462550376e-05
28,1764,1.3993920728e-04
28,1765,-1.0904302023e-04
28,1766,-3.9953846296e-05
28,1767,1.8689932030e-04
28,1768,-1.3304851092e-04
28,1769,1.3174696699e-04
29,24,-4.0722894225e-05
29,25,4.9867531707e-05
29,26,-9.6291654393e-04
29,27,-3.6257857825e-06
29,28,-4.4051706348e-05
29,29,1.2392408275e-03
29,60,-9.8502161252e-05
29,61,1.5007212694e-04
29,62,-1.2811270575e-04
29,63,6.4852496362e-05
29,64,-1.0968147518e-04
29,65,7.0971058662e-05
29,732,1.1442858076e-04
29,733,-1.9023411754e-04
29,734,2.2566497453e-04
29,735,1.5084351357e-05
29,736,-2.4026799775e-05
29,737,-1.0677550442e-04
29,1038,-8.9568563642e-05
29,1039,-1.5112797724e-04
29,1040,-1.4417608539e-04
29,1041,-5.2425683210e-05
29,1042,-1.1247750127e-04
29,1043,8.3575398639e-05
29,1260,9.7915684210e-05
29,1261,1.6605637247e-04
29,1262,2.0534094608e-04
29,1263,9.8065144529e-06
29,1264,1.6360229186e-05
29,1265,-9.5472726798e-05
29,1722,-9.1594084858e-05
29,1723,-1.4456876774e-04
29,1724,-1.2652156345e-04
29,1725,5.4210304725e-05
29,1726,1.0165976380e-04
29,1727,7.8975600227e-05
29,1764,-1.0474491235e-04
29,1765,1.3846054607e-04
29,1766,-8.9662328141e-05
29,1767,-1.0274788569e-04
29,1768,1.3459160780e-04
29,1769,3.6083441447e-06
30,30,1.3346203794e-03
30,31,9.1807553613e-06
30,32,4.0520344694e-04
30,33,3.3632096917e-05
30,34,-5.1914526951e-05
30,35,3.8276108466e-05
30,174,-1.3471092932e-04
30,175,-2.2267731183e-04
30,176,-2.6102359535e-04
30,177,9.2190102262e-06
30,178,1.3028157439e-05
30,179,1.1388194677e-04
30,984,-1.7016520772e-04
30,985,-1.3762491115e-04
30,986,1.2947829624e-05
30,987,-2.0627496963e-04
30,988,-1.4067078316e-04
30,989,-1.0540988877e-04
30,1386,-1.4386859074e-04
30,1387,2.4177668983e-04
30,1388,-2.9340746279e-04
30,1389,-1.9574273951e-05
30,1390,3.1550308096e-05
30,1391,1.1399533692e-04
30,1542,-1.0355069269e-04
30,1543,-1.0409137030e-04
30,1544,-1.6817616570e-05
30,1545,1.4059199275e-04
30,1546,1.3344331131e-04
30,1547,-1.0255410572e-04
30,1710,-1.7867631208e-04
30,1711,9.6188245693e-05
30,1712,4.8340842085e-05
30,1713,2.3529494738e-04
30,1714,-9.8539136993e-05
30,1715,-1.5715739749e-04
30,1872,-1.2921907134e-04
30,1873,1.0078247215e-04
30,1874,2.6264245462e-05
30,1875,-1.7020270530e-04
30,1876,1.1912283986e-04
30,1877,-1.1375287299e-04
31,30,9.1807553613e-06
31,31,1.7265995792e-03
31,32,7.9419935067e-05
31,33,-5.1914526951e-05
31,34,8.3679870571e-05
31,35,-3.3540730867e-05
31,174,2.2256044060e-04
31,175,3.6767960486e-04
31,176,4.3045554232e-04
31,177,-1.7458971261e-05
31,178,-2.5192304097e-05
31,179,-1.8780725764e-04
31,984,1.3774915837e-04
31,985,6.4132954195e-05
31,986,-9.5976666460e-05
31,987,1.9306527983e-04
31,988,7.7663131642e-05
31,989,1.5603439014e-04
31,1386,-2.4151730791e-04
31,1387,4.0576863382e-04
31,1388,-4.9213548885e-04
31,1389,-3.4248178393e-05
31,1390,5.5282349745e-05
31,1391,1.9094570012e-04
31,1542,1.0416128878e-04
31,1543,9.1578926341e-05
31,1544,-1.2588048371e-05
31,1545,-1.4877619799e-04
31,1546,-1.2380162389e-04
31,1547,1.2548797618e-04
31,1710,-1.1577156619e-04
31,1711,-1.3675059565e-05
31,1712,1.2280712626e-04
31,1713,1.7795657823e-04
31,1714,2.2507379160e-05
31,1715,-1.7691434087e-04
31,1872,-1.1237483245e-04
31,1873,6.0701985704e-05
31,1874,6.9829343630e-05
31,1875,-1.6148710698e-04
31,1876,7.8612251014e-05
31,1877,-1.3859959660e-04
32,30,4.0520344694e-04
32,31,7.9419935067e-05
32,32,2.1416956520e-03
32,33,5.5046243841e-05
32,34,1.2969141619e-05
32,35,-8.9219577059e-04
32,174,-2.6059398919e-04
32,175,-4.2997224150e-04
32,176,-5.0201207606e-04
32,177,2.6064333571e-05
32,178,3.8748392788e-05
32,179,2.1900488105e-04
32,984,1.2806600233e-05
32,985,9.5930174296e-05
32,986,1.4063334257e-04
32,987,-3.1692037687e-05
32,988,8.2607632767e-05
32,989,-1.2403472729e-04
32,1386,-2.9243210175e-04
32,1387,4.9102568823e-04
32,1388,-5.9480936143e-04
32,1389,-4.4998021187e-05
32,1390,7.2828083374e-05
32,1391,2.3011214204e-04
32,1542,-1.5105158580e-05
32,1543,1.4340594198e-05
32,1544,6.2241753327e-05
32,1545,3.7051604960e-05
32,1546,-4.8238851258e-06
32,1547,-6.5700183106e-05
32,1710,3.8754435600e-05
32,1711,-1.3097387115e-04
32,1712,8.9721614851e-05
32,1713,-1.4090590172e-05
32,1714,1.5617751849e-04
32,1715,-7.8327953815e-05
32,1872,5.3538525330e-06
32,1873,-5.6569177482e-05
32,1874,8.4659005825e-05
32,1875,-1.9143117565e-05
32,1876,-5.6024742140e-05
32,1877,-7.3833448836e-05
33,30,3.3632096917e-05
33,31,-5.1914526951e-05
33,32,5.5046243841e-05
33,33,1.3944398671e-03
33,34,-2.0603931132e-05
33,35,5.4587464201e-05
33,174,-1.9776257952e-05
33,175,-3.4907500918e-05
33,176,-4.6515166794e-05
33,177,-3.1066433537e-05
33,178,-5.1525681534e-05
33,179,2.1679548021e-05
33,984,2.0463284461e-04
33,985,1.9209182267e-04
33,986,3.2516936419e-05
33,987,2.3330896599e-04
33,988,1.8946880001e-04
33,989,8.6784689694e-05
33,1386,-6.1754845935e-07
33,1387,-3.1310207282e-07
33,1388,3.8169451151e-06
33,1389,-3.9613039917e-05
33,1390,6.6381662336e-05
33,1391,-1.1536667307e-05
33,1542,-1.3973686377e-04
33,1543,-1.4847924080e-04
33,1544,-4.0704596399e-05
33,1545,1.8517403723e-04
33,1546,1.8638176929e-04
33,1547,-1.2458248753e-04
33,1710,-2.3333668534e-04
33,1711,1.5443268910e-04
33,1712,2.8438902624e-05
33,1713,2.9753400315e-04
33,1714,-1.6138938421e-04
33,1715,-1.7654612100e-04
33,1872,1.6825204263e-04
33,1873,-1.4529611172e-04
33,1874,-9.6597273216e-06
33,1875,2.1451273568e-04
33,1876,-1.6809860175e-04
33,1877,1.2719286987e-04
34,30,-5.1914526951e-05
34,31,8.3679870571e-05
34,32,1.2969141619e-05
34,33,-2.0603931132e-05
34,34,1.0565817207e-03
34,35,-1.5296622174e-04
34,174,3.0424108553e-05
34,175,5.3922973146e-05
34,176,7.2370597466e-05
34,177,5.1152737907e-05
34,178,8.4762544343e-05
34,179,-3.4344691594e-05
34,984,-1.3902756552e-04
34,985,-7.7115687356e-05
34,986,8.1066517458e-05
34,987,-1.8795940940e-04
34,988,-9.1092747514e-05
34,989,-1.3675723220e-04
34,1386,-2.4388615735e-06
34,1387,1.8303771983e-06
34,1388,3.5478190582e-06
34,1389,-6.6696550032e-05
34,1390,1.1172700704e-04
34,1391,-1.8598228210e-05
34,1542,1.3300219349e-04
34,1543,1.2404289620e-04
34,1544,-1.0059386056e-06
34,1545,-1.8592829157e-04
34,1546,-1.6412486863e-04
34,1547,1.4767077677e-04
34,1710,-1.2496747497e-04
34,1711,-1.3301754760e-05
34,1712,1.4175656016e-04
34,1713,1.9155418934e-04
34,1714,1.9351239828e-05
34,1715,-1.8812981987e-04
34,1872,1.3230944387e-04
34,1873,-8.0346827908e-05
34,1874,-6.9355739821e-05
34,1875,1.8563567354e-04
34,1876,-1.0192186969e-04
34,1877,1.4927023579e-04
35,30,3.8276108466e-05
35,31,-3.3540730867e-05
35,32,-8.9219577059e-04
35,33,5.4587464201e-05
35,34,-1.5296622174e-04
35,35,1.2841665606e-03
35,174,1.1089617838e-04
35,175,1.8258363983e-04
35,176,2.1215216564e-04
35,177,-1.8231574277e-05
35,178,-2.8743111725e-05
35,179,-9.9923253255e-05
35,984,-1.0157976237e-04
35,985,-1.5365545485e-04
35,986,-1.2571820215e-04
35,987,-8.3477228441e-05
35,988,-1.3650307221e-04
35,989,4.3287205322e-05
35,1386,1.1633248655e-04
35,1387,-1.9551417879e-04
35,1388,2.3728607988e-04
35,1389,1.5448397167e-05
35,1390,-2.5207093772e-05
35,1391,-1.0315328568e-04
35,1542,-1.0018504835e-04
35,1543,-1.2488558702e-04
35,1544,-7.1228687230e-05
35,1545,1.2229685452e-04
35,1546,1.4781616532e-04
35,1547,-5.7751235523e-05
35,1710,-1.5197647128e-04
35,1711,1.6596776569e-04
35,1712,-6.4816766612e-05
35,1713,1.7168458307e-04
35,1714,-1.7790023288e-04
35,1715,-5.0432481230e-05
35,1872,-1.0860204994e-04
35,1873,1.2566788441e-04
35,1874,-5.0891548501e-05
35,1875,-1.2236528131e-04
35,1876,1.3724641451e-04
35,1877,-3.5083562164e-05
36,36,1.3184908973e-03
36,37,-4.0944056351e-05
36,38,4.1348451946e-05
36,39,-4.2370372216e-05
36,40,7.7071173756e-06
36,41,3.7146193792e-04
36,294,-1.6523295447e-04
36,295,2.0249080789e-04
36,296,-1.0749447850e-04
36,297,1.2908706820e-04
36,298,-1.3274636441e-04
36,299,1.7558481344e-05
36,324,-1.2620831084e-04
36,325,-1.6289983049e-04
36,326,-1.0235723258e-04
36,327,1.2339472497e-04
36,328,1.4599919672e-04
36,329,-1.9768590304e-05
36,354,-1.4119957554e-04
36,355,1.7644598932e-04
36,356,-1.0006651410e-04
36,357,-1.2837049738e-04
36,358,1.4295639505e-04
36,359,-5.7543550733e-06
36,756,-1.5411687754e-04
36,757,-1.1613765217e-05
36,758,1.2384148409e-04
36,759,-2.5286583149e-04
36,760,-1.5755866725e-05
36,761,-2.9176166610e-04
36,834,-1.3825522157e-04
36,835,-2.4990219475e-05
36,836,1.1662547076e-04
36,837,2.2442019157e-04
36,838,3.7359288758e-05
36,839,-2.5302502915e-04
36,1308,-1.4132844342e-04
36,1309,-1.9668218683e-04
36,1310,-1.5347927060e-04
36,1311,-9.4896456599e-05
36,1312,-1.1849268981e-04
36,1313,4.5122011188e-05
37,36,-4.0944056351e-05
37,37,1.3802978138e-03
37,38,-9.1387775215e-05
37,39,7.7071173756e-06
37,40,-8.1993950408e-05
37,41,-1.6400880005e-05
37,294,-2.0014481086e-04
37,295,2.3159100133e-04
37,296,-9.2707968626e-05
37,297,1.8246702518e-04
37,298,-1.8209462112e-04
37,299,-2.4334648977e-05
37,324,1.6670458614e-04
37,325,2.0810500599e-04
37,326,1.1481049257e-04
37,327,-1.7530549862e-04
37,328,-2.0183635677e-04
37,329,5.3039453511e-05
37,354,-1.7500429720e-04
37,355,2.0818947194e-04
37,356,-9.4683823587e-05
37,357,-1.7687907626e-04
37,358,1.8984761155e-04
37,359,-4.3266773050e-05
37,756,2.2972939946e-05
37,757,-4.1687368340e-05
37,758,-2.5776193098e-05
37,759,4.1056928181e-05
37,760,-6.8636450643e-05
37,761,5.5833264104e-05
37,834,1.4992470082e-05
37,835,-2.7964485015e-05
37,836,-2.5044887159e-05
37,837,-2.7667651000e-05
37,838,4.5138294558e-05
37,839,3.9529772800e-05
37,1308,1.9628863499e-04
37,1309,2.6815856243e-04
37,1310,1.9757294514e-04
37,1311,1.4544261396e-04
37,1312,1.8019371341e-04
37,1313,-4.2186184334e-05
38,36,4.1348451946e-05
38,37,-9.1387775215e-05
38,38,1.2863989964e-03
38,39,-4.3461196837e-05
38,40,-1.9509467347e-05
38,41,-8.9801647894e-04
38,294,-1.0194377920e-04
38,295,8.7866271330e-05
38,296,3.4106332234e-05
38,297,1.5034871493e-04
38,298,-1.3765136179e-04
38,299,-1.1679316428e-04
38,324,-1.1235993879e-04
38,325,-1.2415938133e-04
38,326,-3.1300740551e-05
38,327,1.4623398235e-04
38,328,1.5591105749e-04
38,329,-9.8325514566e-05
38,354,-9.6542895754e-05
38,355,9.1542035011e-05
38,356,1.2108350861e-05
38,357,-1.3703281113e-04
38,358,1.3165828096e-04
38,359,-1.0630442426e-04
38,756,1.1885817368e-04
38,757,2.3428714186e-05
38,758,-1.0530287925e-04
38,759,1.9389409392e-04
38,760,3.6657628136e-05
38,761,2.2082561432e-04
38,834,1.1700698794e-04
38,835,2.8587462400e-05
38,836,-1.0250115198e-04
38,837,-1.8912161417e-04
38,838,-4.4204696774e-05
38,839,2.1112619007e-04
38,1308,-1.5234560460e-04
38,1309,-1.9645382955e-04
38,1310,-1.1719827835e-04
38,1311,-1.4466211969e-04
38,1312,-1.7580461562e-04
38,1313,-1.6283225713e-05
39,36,-4.2370372216e-05
39,37,7.7071173756e-06
39,38,-4.3461196837e-05
39,39,1.6803710897e-03
39,40,-5.6605388634e-05
39,41,-7.8632945891e-05
39,294,-1.3024011722e-04
39,295,1.8481475395e-04
39,296,-1.5380307401e-04
39,297,5.3390426544e-05
39,298,-6.5062885464e-05
39,299,9.8318858471e-05
39,324,-1.0360597019e-04
39,325,-1.4683340443e-04
39,326,-1.2185375743e-04
39,327,7.8220730046e-05
39,328,1.0288265424e-04
39,329,3.4220232779e-05
39,354,1.3016917646e-04
39,355,-1.8017523795e-04
39,356,1.4118416985e-04
39,357,8.8484824339e-05
39,358,-1.1039950504e-04
39,359,-5.5393015696e-05
39,756,2.5298376095e-04
39,757,2.2327664590e-05
39,758,-2.0273660921e-04
39,759,4.1476133726e-04
39,760,3.1193833004e-05
39,761,4.7775356796e-04
39,834,-2.2533467596e-04
39,835,-4.3731752413e-05
39,836,1.8886837335e-04
39,837,3.6538099700e-04
39,838,6.5691520476e-05
39,839,-4.1097573625e-04
39,1308,1.0472461055e-04
39,1309,1.5857254597e-04
39,1310,1.5365512150e-04
39,1311,3.4979171905e-05
39,1312,4.7237791450e-05
39,1313,-8.6495122082e-05
40,36,7.7071173756e-06
40,37,-8.1993950408e-05
40,38,-1.9509467347e-05
40,39,-5.6605388634e-05
40,40,1.0071524353e-03
40,41,3.8891225674e-05
40,294,-1.3178898668e-04
40,295,1.8125211401e-04
40,296,-1.3797259369e-04
40,297,6.4958995204e-05
40,298,-7.7932516023e-05
40,299,8.7215116221e-05
40,324,1.2459326894e-04
40,325,1.7232782477e-04
40,326,1.3361208141e-04
40,327,-1.0144687426e-04
40,328,-1.3012506645e-04
40,329,-2.7026625722e-05
40,354,1.4339674160e-04
40,355,-1.9121727673e-04
40,356,1.3405557677e-04
40,357,1.0974844274e-04
40,358,-1.3211720901e-04
40,359,-3.9432581918e-05
40,756,-3.4365878505e-05
40,757,6.8195611379e-05
40,758,4.0363295093e-05
40,759,-6.1860215124e-05
40,760,1.1213897231e-04
40,761,-8.5135467459e-05
40,834,2.1296896385e-05
40,835,-4.5819621085e-05
40,836,-3.8634533794e-05
