0,0,4.5404730862e-04
0,1,2.2591399898e-05
0,2,-1.0277839263e-04
0,3,3.4621549802e-07
0,4,1.3547288000e-05
0,5,-1.7232674864e-04
1,0,2.2591399898e-05
1,1,3.6211951960e-04
1,2,-8.8005622448e-07
1,3,1.3547288000e-05
1,4,1.2040185329e-05
1,5,2.3113511879e-05
2,0,-1.0277839263e-04
2,1,-8.8005622448e-07
2,2,3.6937960664e-04
2,3,1.3074255735e-05
2,4,8.0321548826e-06
2,5,-3.5424765301e-05
3,0,3.4621549802e-07
3,1,1.3547288000e-05
3,2,1.3074255735e-05
3,3,2.9991357889e-04
3,4,4.3264753402e-05
3,5,-5.1618295715e-06
4,0,1.3547288000e-05
4,1,1.2040185329e-05
4,2,8.0321548826e-06
4,3,4.3264753402e-05
4,4,1.7964597764e-04
4,5,6.7934389522e-06
5,0,-1.7232674864e-04
5,1,2.3113511879e-05
5,2,-3.5424765301e-05
5,3,-5.1618295715e-06
5,4,6.7934389522e-06
5,5,3.0408778267e-04
6,6,4.6496855573e-04
6,7,-5.3425063333e-05
6,8,-1.5667611905e-04
6,9,-3.3064702751e-05
6,10,-6.4881703426e-07
6,11,-1.7431219406e-04
7,6,-5.3425063333e-05
7,7,3.2483317468e-04
7,8,-3.7284194301e-05
7,9,-6.4881703426e-07
7,10,-4.4654052945e-05
7,11,-1.6454858794e-06
8,6,-1.5667611905e-04
8,7,-3.7284194301e-05
8,8,3.3865907937e-04
8,9,-1.2957287425e-05
8,10,-6.1786061312e-06
8,11,-1.4246812324e-05
9,6,-3.3064702751e-05
9,7,-6.4881703426e-07
9,8,-1.2957287425e-05
9,9,3.0905898965e-04
9,10,-5.4896830646e-05
9,11,-1.1887398756e-05
10,6,-6.4881703426e-07
10,7,-4.4654052945e-05
10,8,-6.1786061312e-06
10,9,-5.4896830646e-05
10,10,1.5752615873e-04
10,11,2.0970992246e-05
11,6,-1.7431219406e-04
11,7,-1.6454858794e-06
11,8,-1.4246812324e-05
11,9,-1.1887398756e-05
11,10,2.0970992246e-05
11,11,3.2531893592e-04
12,12,4.7663973464e-04
12,13,-2.6359290780e-05
12,14,-1.9412266229e-04
12,15,-1.1507237409e-05
12,16,5.3757302321e-06
12,17,-1.4297205885e-04
13,12,-2.6359290780e-05
13,13,3.0301114710e-04
13,14,-2.0275835109e-05
13,15,5.3757302321e-06
13,16,-8.4351600823e-06
13,17,1.2071733538e-06
14,12,-1.9412266229e-04
14,13,-2.0275835109e-05
14,14,3.2762492981e-04
14,15,3.4346868669e-06
14,16,4.2108121899e-06
14,17,-3.2681446330e-05
15,12,-1.1507237409e-05
15,13,5.3757302321e-06
15,14,3.4346868669e-06
15,15,3.4876163765e-04
15,16,-2.5279562108e-05
15,17,-1.2765323966e-05
16,12,5.3757302321e-06
16,13,-8.4351600823e-06
16,14,4.2108121899e-06
16,15,-2.5279562108e-05
16,16,1.4898789305e-04
16,17,6.7145122011e-07
17,12,-1.4297205885e-04
17,13,1.2071733538e-06
17,14,-3.2681446330e-05
17,15,-1.2765323966e-05
17,16,6.7145122011e-07
17,17,3.6779007388e-04
18,18,4.7325954887e-04
18,19,-9.8185343218e-07
18,20,-4.1715047438e-05
18,21,-1.0419202409e-04
18,22,-8.2066690211e-07
18,23,-8.7630455007e-05
19,18,-9.8185343218e-07
19,19,4.3594847616e-04
19,20,-1.0842199660e-06
19,21,-8.2066690211e-07
19,22,-1.4936513786e-04
19,23,1.2742301718e-07
20,18,-4.1715047438e-05
20,19,-1.0842199660e-06
20,20,4.5360851918e-04
20,21,-5.0505076572e-05
20,22,-4.5868326394e-07
20,23,-2.5801984650e-05
21,18,-1.0419202409e-04
21,19,-8.2066690211e-07
21,20,-5.0505076572e-05
21,21,3.9488048715e-04
21,22,-8.6788282086e-07
21,23,-1.3550293958e-04
22,18,-8.2066690211e-07
22,19,-1.4936513786e-04
22,20,-4.5868326394e-07
22,21,-8.6788282086e-07
22,22,3.3692782673e-04
22,23,-3.5259941743e-07
23,18,-8.7630455007e-05
23,19,1.2742301718e-07
23,20,-2.5801984650e-05
23,21,-1.3550293958e-04
23,22,-3.5259941743e-07
23,23,4.0869145862e-04
24,24,4.6240752039e-04
24,25,1.3140435137e-05
24,26,-1.2205310118e-04
24,27,1.5660297056e-06
24,28,-1.0200441594e-05
24,29,-2.1566386962e-04
25,24,1.3140435137e-05
25,25,3.5323990795e-04
25,26,1.0787178196e-06
25,27,-1.0200441594e-05
25,28,2.8345339195e-06
25,29,5.9707858487e-06
26,24,-1.2205310118e-04
26,25,1.0787178196e-06
26,26,3.9516380979e-04
26,27,1.4182308260e-06
26,28,-1.3681106319e-06
26,29,-4.4545509185e-05
27,24,1.5660297056e-06
27,25,-1.0200441594e-05
27,26,1.4182308260e-06
27,27,2.6951189128e-04
27,28,1.8480868352e-05
27,29,-1.2442484436e-06
28,24,-1.0200441594e-05
28,25,2.8345339195e-06
28,26,-1.3681106319e-06
28,27,1.8480868352e-05
28,28,1.2470787150e-04
28,29,-4.1080876406e-06
29,24,-2.1566386962e-04
29,25,5.9707858487e-06
29,26,-4.4545509185e-05
29,27,-1.2442484436e-06
29,28,-4.1080876406e-06
29,29,3.1848871294e-04
30,30,4.8084078597e-04
30,31,4.0418275976e-06
30,32,-1.0744552116e-04
30,33,1.3225974974e-05
30,34,-2.2918259895e-05
30,35,-1.9949853906e-04
31,30,4.0418275976e-06
31,31,3.8473859030e-04
31,32,1.4857915899e-05
31,33,-2.2918259895e-05
31,34,1.8655732779e-05
31,35,-9.2908836071e-06
32,30,-1.0744552116e-04
32,31,1.4857915899e-05
32,32,4.0827717003e-04
32,33,6.0706537768e-06
32,34,5.7842448141e-06
32,35,-4.7691281319e-05
33,30,1.3225974974e-05
33,31,-2.2918259895e-05
33,32,6.0706537768e-06
33,33,3.0240386807e-04
33,34,-4.2681913290e-06
33,35,7.3361337108e-06
34,30,-2.2918259895e-05
34,31,1.8655732779e-05
34,32,5.7842448141e-06
34,33,-4.2681913290e-06
34,34,1.6814864734e-04
34,35,-2.1196433179e-05
35,30,-1.9949853906e-04
35,31,-9.2908836071e-06
35,32,-4.7691281319e-05
35,33,7.3361337108e-06
35,34,-2.1196433179e-05
35,35,3.2387095068e-04
36,36,4.5825964252e-04
36,37,-1.5339053976e-05
36,38,-1.8849182916e-04
36,39,-1.3858365843e-05
36,40,-1.6594802120e-06
36,41,-1.1785037960e-04
37,36,-1.5339053976e-05
37,37,2.8966742523e-04
37,38,-1.3420321211e-05
37,39,-1.6594802120e-06
37,40,-1.6017302988e-05
37,41,3.6279533223e-06
38,36,-1.8849182916e-04
38,37,-1.3420321211e-05
38,38,3.0973070366e-04
38,39,-2.4137651086e-06
38,40,-3.3313016605e-06
38,41,-4.0672380431e-05
39,36,-1.3858365843e-05
39,37,-1.6594802120e-06
39,38,-2.4137651086e-06
39,39,3.5285105853e-04
39,40,-1.2094113877e-05
39,41,-1.0561207639e-05
40,36,-1.6594802120e-06
40,37,-1.6017302988e-05
40,38,-3.3313016605e-06
40,39,-1.2094113877e-05
40,40,1.5172093690e-04
40,41,5.6676056575e-06
41,36,-1.1785037960e-04
41,37,3.6279533223e-06
41,38,-4.0672380431e-05
41,39,-1.0561207639e-05
41,40,5.6676056575e-06
41,41,3.7422492778e-04
42,42,4.9988400631e-04
42,43,1.9266348311e-05
42,44,-1.1897664602e-04
42,45,2.4302902307e-05
42,46,-2.5412774172e-05
42,47,-2.1454761681e-04
43,42,1.9266348311e-05
43,43,3.9346805901e-04
43,44,4.0124779810e-05
43,45,-2.5412774172e-05
43,46,3.0405441213e-05
43,47,-1.9565960040e-05
44,42,-1.1897664602e-04
44,43,4.0124779810e-05
44,44,4.3047546843e-04
44,45,6.8228459143e-06
44,46,-8.9684002360e-06
44,47,-5.0732118591e-05
45,42,2.4302902307e-05
45,43,-2.5412774172e-05
45,44,6.8228459143e-06
45,45,3.0798678407e-04
45,46,1.7660216329e-06
45,47,1.0638289273e-05
46,42,-2.5412774172e-05
46,43,3.0405441213e-05
46,44,-8.9684002360e-06
46,45,1.7660216329e-06
46,46,1.6098514190e-04
46,47,-8.8539189426e-06
47,42,-2.1454761681e-04
47,43,-1.9565960040e-05
47,44,-5.0732118591e-05
47,45,1.0638289273e-05
47,46,-8.8539189426e-06
47,47,3.4070792625e-04
48,48,4.5916409576e-04
48,49,1.3591019627e-05
48,50,-1.2573713815e-04
48,51,2.0701883076e-05
48,52,1.1203059078e-05
48,53,-1.7566513311e-04
49,48,1.3591019627e-05
49,49,3.4670138048e-04
49,50,-4.3158871875e-06
49,51,1.1203059078e-05
49,52,2.9017224391e-05
49,53,1.6020675424e-05
50,48,-1.2573713815e-04
50,49,-4.3158871875e-06
50,50,3.5115837539e-04
50,51,9.2968342177e-06
50,52,5.7405658159e-06
50,53,-2.8371950514e-05
51,48,2.0701883076e-05
51,49,1.1203059078e-05
51,50,9.2968342177e-06
51,51,3.0204442420e-04
51,52,2.7920347344e-05
51,53,1.3197775100e-05
52,48,1.1203059078e-05
52,49,2.9017224391e-05
52,50,5.7405658159e-06
52,51,2.7920347344e-05
52,52,1.6688414851e-04
52,53,8.2267161241e-06
53,48,-1.7566513311e-04
53,49,1.6020675424e-05
53,50,-2.8371950514e-05
53,51,1.3197775100e-05
53,52,8.2267161241e-06
53,53,3.1130950235e-04
54,54,4.6606269827e-04
54,55,2.1882684048e-05
54,56,-1.6913903149e-04
54,57,1.7321406732e-06
54,58,-3.8870760038e-06
54,59,-1.8140317648e-04
55,54,2.1882684048e-05
55,55,3.1478014945e-04
55,56,1.1851970805e-05
55,57,-3.8870760038e-06
55,58,5.8776071371e-06
55,59,3.6464072393e-06
56,54,-1.6913903149e-04
56,55,1.1851970805e-05
56,56,3.3406017967e-04
56,57,4.6347724059e-06
56,58,-4.8469574092e-06
56,59,-1.9982082501e-05
57,54,1.7321406732e-06
57,55,-3.8870760038e-06
57,56,4.6347724059e-06
57,57,3.0381076469e-04
57,58,2.5144129833e-05
57,59,-4.2298154709e-06
58,54,-3.8870760038e-06
58,55,5.8776071371e-06
58,56,-4.8469574092e-06
58,57,2.5144129833e-05
58,58,1.3654254987e-04
58,59,3.1373257829e-06
59,54,-1.8140317648e-04
59,55,3.6464072393e-06
59,56,-1.9982082501e-05
59,57,-4.2298154709e-06
59,58,3.1373257829e-06
59,59,3.2662199835e-04
60,60,4.7774089186e-04
60,61,2.6510816693e-06
60,62,-5.6280386367e-05
60,63,1.2393690521e-04
60,64,-8.4147198631e-06
60,65,-9.4914494605e-05
61,60,2.6510816693e-06
61,61,4.2740218397e-04
61,62,-1.5070418789e-06
61,63,-8.4147198631e-06
61,64,1.7281953374e-04
61,65,-2.1476230175e-06
62,60,-5.6280386367e-05
62,61,-1.5070418789e-06
62,62,4.4691801589e-04
62,63,5.4652440163e-05
62,64,-1.1111469235e-05
62,65,-2.0782418915e-05
63,60,1.2393690521e-04
63,61,-8.4147198631e-06
63,62,5.4652440163e-05
63,63,3.9284678707e-04
63,64,7.3018924638e-07
63,65,1.4558601435e-04
64,60,-8.4147198631e-06
64,61,1.7281953374e-04
64,62,-1.1111469235e-05
64,63,7.3018924638e-07
64,64,3.2588214405e-04
64,65,-1.7851171696e-06
65,60,-9.4914494605e-05
65,61,-2.1476230175e-06
65,62,-2.0782418915e-05
65,63,1.4558601435e-04
65,64,-1.7851171696e-06
65,65,4.1929971939e-04
66,66,4.8327651269e-04
66,67,1.1771614583e-04
66,68,-9.2394138795e-05
66,69,1.0687274879e-06
66,70,-2.7784122556e-06
66,71,-5.0921460866e-05
67,66,1.1771614583e-04
67,67,4.0063668266e-04
67,68,1.4449888963e-04
67,69,-2.7784122556e-06
67,70,2.7747854541e-06
67,71,5.5611085942e-05
68,66,-9.2394138795e-05
68,67,1.4449888963e-04
68,68,4.2128100065e-04
68,69,1.9074307930e-06
68,70,-1.6780441760e-06
68,71,-2.1111354002e-05
69,66,1.0687274879e-06
69,67,-2.7784122556e-06
69,68,1.9074307930e-06
69,69,4.3773097349e-04
69,70,1.6745621322e-04
69,71,-2.4004455455e-06
70,66,-2.7784122556e-06
70,67,2.7747854541e-06
70,68,-1.6780441760e-06
70,69,1.6745621322e-04
70,70,3.3820206026e-04
70,71,-1.4310704873e-07
71,66,-5.0921460866e-05
71,67,5.5611085942e-05
71,68,-2.1111354002e-05
71,69,-2.4004455455e-06
71,70,-1.4310704873e-07
71,71,4.5579961717e-04
72,72,4.7427477296e-04
72,73,-2.4924322679e-06
72,74,-1.4781652618e-04
72,75,-7.4463256934e-06
72,76,9.3337767373e-06
72,77,-1.7745015604e-04
73,72,-2.4924322679e-06
73,73,3.4206365267e-04
73,74,9.8035520416e-07
73,75,9.3337767373e-06
73,76,-8.7481401728e-06
73,77,-2.9334724381e-06
74,72,-1.4781652618e-04
74,73,9.8035520416e-07
74,74,3.4976607147e-04
74,75,-1.4554728350e-06
74,76,2.0776226043e-06
74,77,-2.8267834032e-05
75,72,-7.4463256934e-06
75,73,9.3337767373e-06
75,74,-1.4554728350e-06
75,75,3.1555852835e-04
75,76,-5.1162097805e-06
75,77,-5.6017648021e-06
76,72,9.3337767373e-06
76,73,-8.7481401728e-06
76,74,2.0776226043e-06
76,75,-5.1162097805e-06
76,76,1.6073314083e-04
76,77,5.1064985909e-06
77,72,-1.7745015604e-04
77,73,-2.9334724381e-06
77,74,-2.8267834032e-05
77,75,-5.6017648021e-06
77,76,5.1064985909e-06
77,77,3.2480389497e-04
78,78,4.4644517477e-04
78,79,2.8888352747e-05
78,80,-1.5792860492e-04
78,81,-4.9361793493e-05
78,82,-2.0257737372e-06
78,83,-1.5952392980e-04
79,78,2.8888352747e-05
79,79,3.0518953629e-04
79,80,2.2642856173e-05
79,81,-2.0257737372e-06
79,82,-6.7004114317e-05
79,83,-8.5713867734e-06
80,78,-1.5792860492e-04
80,79,2.2642856173e-05
80,80,3.1643044173e-04
80,81,-1.9724714322e-05
80,82,1.8033668481e-05
80,83,-4.6698803107e-06
81,78,-4.9361793493e-05
81,79,-2.0257737372e-06
81,80,-1.9724714322e-05
81,81,3.0376263434e-04
81,82,2.1221871353e-05
81,83,-1.8762935808e-05
82,78,-2.0257737372e-06
82,79,-6.7004114317e-05
82,80,1.8033668481e-05
82,81,2.1221871353e-05
82,82,1.5877109161e-04
82,83,-2.9893713708e-05
83,78,-1.5952392980e-04
83,79,-8.5713867734e-06
83,80,-4.6698803107e-06
83,81,-1.8762935808e-05
83,82,-2.9893713708e-05
83,83,3.0956196272e-04
84,84,4.7914739974e-04
84,85,5.7563176492e-06
84,86,-1.5767859164e-04
84,87,1.4948225312e-05
84,88,1.9104814467e-05
84,89,-1.6801905536e-04
85,84,5.7563176492e-06
85,85,3.3811537994e-04
85,86,-2.7289572745e-06
85,87,1.9104814467e-05
85,88,2.2900113679e-05
85,89,1.0874271415e-05
86,84,-1.5767859164e-04
86,85,-2.7289572745e-06
86,86,3.4193857578e-04
86,87,8.8904814695e-06
86,88,1.1005212760e-05
86,89,-2.2485015371e-05
87,84,1.4948225312e-05
87,85,1.9104814467e-05
87,86,8.8904814695e-06
87,87,3.2886658801e-04
87,88,1.5482561685e-05
87,89,7.1941655734e-06
88,84,1.9104814467e-05
88,85,2.2900113679e-05
88,86,1.1005212760e-05
88,87,1.5482561685e-05
88,88,1.6984655592e-04
88,89,7.0704946848e-06
89,84,-1.6801905536e-04
89,85,1.0874271415e-05
89,86,-2.2485015371e-05
89,87,7.1941655734e-06
89,88,7.0704946848e-06
89,89,3.3116125099e-04
90,90,5.1076428103e-04
90,91,-1.6794475883e-05
90,92,-1.9182854972e-04
90,93,-3.2553367427e-05
90,94,-1.7341735395e-05
90,95,-1.6196673800e-04
91,90,-1.6794475883e-05
91,91,3.3918761015e-04
91,92,3.9522639610e-06
91,93,-1.7341735395e-05
91,94,-1.6487345517e-05
91,95,-1.7668128494e-05
92,90,-1.9182854972e-04
92,91,3.9522639610e-06
92,92,3.5123773275e-04
92,93,1.7962358560e-05
92,94,8.9212892492e-06
92,95,-3.3503483537e-05
93,90,-3.2553367427e-05
93,91,-1.7341735395e-05
93,92,1.7962358560e-05
93,93,3.6589682653e-04
93,94,-3.2597330423e-05
93,95,-3.9926404132e-05
94,90,-1.7341735395e-05
94,91,-1.6487345517e-05
94,92,8.9212892492e-06
94,93,-3.2597330423e-05
94,94,1.6751736882e-04
94,95,-2.1774972109e-05
95,90,-1.6196673800e-04
95,91,-1.7668128494e-05
95,92,-3.3503483537e-05
95,93,-3.9926404132e-05
95,94,-2.1774972109e-05
95,95,3.9070619863e-04
96,96,4.5363159428e-04
96,97,3.1405408405e-05
96,98,-1.5929565666e-04
96,99,2.5338942941e-05
96,100,2.5295313351e-07
96,101,-1.9172557721e-04
97,96,3.1405408405e-05
97,97,3.1115322755e-04
97,98,9.9397454267e-06
97,99,2.5295313351e-07
97,100,3.3589951583e-05
97,101,8.6123730047e-06
98,96,-1.5929565666e-04
98,97,9.9397454267e-06
98,98,3.3288248458e-04
98,99,9.2249081036e-06
98,100,6.6163962027e-07
98,101,-1.2934280247e-05
99,96,2.5338942941e-05
99,97,2.5295313351e-07
99,98,9.2249081036e-06
99,99,2.8214702481e-04
99,100,3.9108548999e-05
99,101,6.4201764908e-06
100,96,2.5295313351e-07
100,97,3.3589951583e-05
100,98,6.6163962027e-07
100,99,3.9108548999e-05
100,100,1.2932123389e-04
100,101,7.8990011247e-06
101,96,-1.9172557721e-04
101,97,8.6123730047e-06
101,98,-1.2934280247e-05
101,99,6.4201764908e-06
101,100,7.8990011247e-06
101,101,3.1322091055e-04
102,102,4.6795481476e-04
102,103,-1.3719628376e-05
102,104,-1.7187900185e-04
102,105,-1.4748300877e-05
102,106,9.1981090970e-06
102,107,-1.4638126628e-04
103,102,-1.3719628376e-05
103,103,3.1422156195e-04
103,104,-7.3707755776e-06
103,105,9.1981090970e-06
103,106,-2.3103944342e-05
103,107,-5.8019720103e-06
104,102,-1.7187900185e-04
104,103,-7.3707755776e-06
104,104,3.1928428118e-04
104,105,-9.3418933912e-06
104,106,-1.4673045793e-06
104,107,-2.5467826196e-05
105,102,-1.4748300877e-05
105,103,9.1981090970e-06
105,104,-9.3418933912e-06
105,105,3.3702742995e-04
105,106,-1.8909069904e-05
105,107,-5.1167222886e-06
106,102,9.1981090970e-06
106,103,-2.3103944342e-05
106,104,-1.4673045793e-06
106,105,-1.8909069904e-05
106,106,1.6291991618e-04
106,107,1.2544194656e-05
107,102,-1.4638126628e-04
107,103,-5.8019720103e-06
107,104,-2.5467826196e-05
107,105,-5.1167222886e-06
107,106,1.2544194656e-05
107,107,3.4511652539e-04
108,108,5.2948502521e-04
108,109,-1.6482805790e-05
108,110,-1.8851169252e-04
108,111,2.6850097980e-05
108,112,2.9790580097e-05
108,113,-1.7169354229e-04
109,108,-1.6482805790e-05
109,109,3.6087504160e-04
109,110,2.9802833026e-06
109,111,2.9790580097e-05
109,112,1.3287383488e-05
109,113,-1.6153993898e-05
110,108,-1.8851169252e-04
110,109,2.9802833026e-06
110,110,3.6664621015e-04
110,111,-1.5163575782e-05
110,112,3.3221364699e-06
110,113,-3.2599622930e-05
111,108,2.6850097980e-05
111,109,2.9790580097e-05
111,110,-1.5163575782e-05
111,111,3.7591765246e-04
111,112,-3.0931377175e-05
111,113,3.1821497078e-05
112,108,2.9790580097e-05
112,109,1.3287383488e-05
112,110,3.3221364699e-06
112,111,-3.0931377175e-05
112,112,1.8122797051e-04
112,113,2.0927687290e-05
113,108,-1.7169354229e-04
113,109,-1.6153993898e-05
113,110,-3.2599622930e-05
113,111,3.1821497078e-05
113,112,2.0927687290e-05
113,113,3.9482174176e-04
114,114,5.3648614224e-04
114,115,6.8156044369e-05
114,116,-5.9297293968e-05
114,117,5.4798049026e-05
114,118,-4.1579310526e-05
114,119,-5.4307955893e-05
115,114,6.8156044369e-05
115,115,4.8344903016e-04
115,116,8.9200286113e-05
115,117,-4.1579310526e-05
115,118,7.4031587184e-05
115,119,3.7616160679e-05
116,114,-5.9297293968e-05
116,115,8.9200286113e-05
116,116,4.8455733680e-04
116,117,2.1503749385e-05
116,118,-2.1805186954e-05
116,119,-2.6184169399e-05
117,114,5.4798049026e-05
117,115,-4.1579310526e-05
117,116,2.1503749385e-05
117,117,4.8791162980e-04
117,118,1.0180096130e-04
117,119,7.2586189859e-05
118,114,-4.1579310526e-05
118,115,7.4031587184e-05
118,116,-2.1805186954e-05
118,117,1.0180096130e-04
118,118,4.1392718220e-04
118,119,-3.4974710695e-05
119,114,-5.4307955893e-05
119,115,3.7616160679e-05
119,116,-2.6184169399e-05
119,117,7.2586189859e-05
119,118,-3.4974710695e-05
119,119,4.9413379744e-04
120,120,4.7598009450e-04
120,121,1.2576149875e-06
120,122,-3.7746602787e-05
120,123,-8.7762840293e-05
120,124,2.4513134573e-07
120,125,-8.1565741126e-05
121,120,1.2576149875e-06
121,121,4.4221850660e-04
121,122,1.3128037625e-06
121,123,2.4513134573e-07
121,124,-1.2473928866e-04
121,125,6.7270405952e-07
122,120,-3.7746602787e-05
122,121,1.3128037625e-06
122,122,4.5397650401e-04
122,123,-4.1340926059e-05
122,124,-1.5060967047e-06
122,125,-2.9267404066e-05
123,120,-8.7762840293e-05
123,121,2.4513134573e-07
123,122,-4.1340926059e-05
123,123,4.0302547778e-04
123,124,1.8592997898e-06
123,125,-1.2508641239e-04
124,120,2.4513134573e-07
124,121,-1.2473928866e-04
124,122,-1.5060967047e-06
124,123,1.8592997898e-06
124,124,3.4584996663e-04
124,125,4.0939612385e-07
125,120,-8.1565741126e-05
125,121,6.7270405952e-07
125,122,-2.9267404066e-05
125,123,-1.2508641239e-04
125,124,4.0939612385e-07
125,125,4.0644521267e-04
126,126,5.2641480714e-04
126,127,-3.6998886090e-05
126,128,-1.6764243245e-04
126,129,-2.8215391474e-06
126,130,-2.4616888311e-06
126,131,-1.8781025785e-04
127,126,-3.6998886090e-05
127,127,3.7647085720e-04
127,128,-3.1349424444e-05
127,129,-2.4616888311e-06
127,130,1.3769659978e-05
127,131,1.2825553828e-07
128,126,-1.6764243245e-04
128,127,-3.1349424444e-05
128,128,3.8845960024e-04
128,129,1.8549524536e-05
128,130,8.6674030276e-06
128,131,-3.7902539672e-05
129,126,-2.8215391474e-06
129,127,-2.4616888311e-06
129,128,1.8549524536e-05
129,129,3.5843220577e-04
129,130,-3.6884170849e-05
129,131,-1.8529885158e-05
130,126,-2.4616888311e-06
130,127,1.3769659978e-05
130,128,8.6674030276e-06
130,129,-3.6884170849e-05
130,130,1.7816622409e-04
130,131,-1.1647437749e-05
131,126,-1.8781025785e-04
131,127,1.2825553828e-07
131,128,-3.7902539672e-05
131,129,-1.8529885158e-05
131,130,-1.1647437749e-05
131,131,3.7364236668e-04
132,132,4.9242601782e-04
132,133,-1.9584044511e-06
132,134,-5.1053796580e-05
132,135,1.0362820646e-04
132,136,-1.9740611012e-06
132,137,-9.1914587441e-05
133,132,-1.9584044511e-06
133,133,4.4676211395e-04
133,134,-5.0599909818e-06
133,135,-1.9740611012e-06
133,136,1.4331360152e-04
133,137,1.7852381608e-07
134,132,-5.1053796580e-05
134,133,-5.0599909818e-06
134,134,4.5790885333e-04
134,135,4.4369620534e-05
134,136,-2.8870106261e-06
134,137,-2.9241740615e-05
135,132,1.0362820646e-04
135,133,-1.9740611012e-06
135,134,4.4369620534e-05
135,135,4.1021511156e-04
135,136,-1.7987278957e-06
135,137,1.3801623586e-04
136,132,-1.9740611012e-06
136,133,1.4331360152e-04
136,134,-2.8870106261e-06
136,135,-1.7987278957e-06
136,136,3.4115781520e-04
136,137,-2.1115037071e-06
137,132,-9.1914587441e-05
137,133,1.7852381608e-07
137,134,-2.9241740615e-05
137,135,1.3801623586e-04
137,136,-2.1115037071e-06
137,137,4.2354825032e-04
138,138,4.7254254006e-04
138,139,-2.1629211660e-05
138,140,-9.7982070432e-05
138,141,4.9359716033e-06
138,142,1.2376298397e-05
138,143,-1.9543297461e-04
139,138,-2.1629211660e-05
139,139,3.8490471204e-04
139,140,-4.3551563002e-06
139,141,1.2376298397e-05
139,142,9.0324782170e-07
139,143,-1.4374679688e-05
140,138,-9.7982070432e-05
140,139,-4.3551563002e-06
140,140,4.1159001169e-04
140,141,-4.5087222551e-06
140,142,4.5438778379e-06
140,143,-5.1749840644e-05
141,138,4.9359716033e-06
141,139,1.2376298397e-05
141,140,-4.5087222551e-06
141,141,2.9774197355e-04
141,142,-3.4486316035e-05
141,143,4.1350930749e-06
142,138,1.2376298397e-05
142,139,9.0324782170e-07
142,140,4.5438778379e-06
142,141,-3.4486316035e-05
142,142,1.6870427301e-04
142,143,5.8850012147e-06
143,138,-1.9543297461e-04
143,139,-1.4374679688e-05
143,140,-5.1749840644e-05
143,141,4.1350930749e-06
143,142,5.8850012147e-06
143,143,3.1776664123e-04
144,144,4.7163353235e-04
144,145,1.3710203484e-05
144,146,-5.3074990700e-05
144,147,-1.0139857750e-04
144,148,-5.9406927373e-07
144,149,-8.9242329575e-05
145,144,1.3710203484e-05
145,145,4.2416181750e-04
145,146,1.8359884505e-05
145,147,-5.9406927373e-07
145,148,-1.3837664188e-04
145,149,4.6815709326e-06
146,144,-5.3074990700e-05
146,145,1.8359884505e-05
146,146,4.3317223247e-04
146,147,-4.1342732824e-05
146,148,-1.4708031474e-05
146,149,-2.6663739134e-05
147,144,-1.0139857750e-04
147,145,-5.9406927373e-07
147,146,-4.1342732824e-05
147,147,3.9181276619e-04
147,148,1.7897527823e-05
147,149,-1.3335310265e-04
148,144,-5.9406927373e-07
148,145,-1.3837664188e-04
148,146,-1.4708031474e-05
148,147,1.7897527823e-05
148,148,3.2301006004e-04
148,149,-2.1446512752e-06
149,144,-8.9242329575e-05
149,145,4.6815709326e-06
149,146,-2.6663739134e-05
149,147,-1.3335310265e-04
149,148,-2.1446512752e-06
149,149,4.0634551222e-04
150,150,4.7822437857e-04
150,151,-1.1414742941e-05
150,152,-1.2999071269e-04
150,153,1.1145055065e-06
150,154,2.2461623053e-05
150,155,-1.7299371152e-04
151,150,-1.1414742941e-05
151,151,3.6195715057e-04
151,152,-1.0495093464e-05
151,153,2.2461623053e-05
151,154,-1.8770269337e-06
151,155,-2.1167218582e-06
152,150,-1.2999071269e-04
152,151,-1.0495093464e-05
152,152,3.5781172810e-04
152,153,-3.3446349466e-06
152,154,-1.4966377559e-06
152,155,-2.9653656353e-05
153,150,1.1145055065e-06
153,151,2.2461623053e-05
153,152,-3.3446349466e-06
153,153,3.2349409912e-04
153,154,-1.3307996527e-05
153,155,2.0445584981e-06
154,150,2.2461623053e-05
154,151,-1.8770269337e-06
154,152,-1.4966377559e-06
154,153,-1.3307996527e-05
154,154,1.8350394603e-04
154,155,2.0814933658e-05
155,150,-1.7299371152e-04
155,151,-2.1167218582e-06
155,152,-2.9653656353e-05
155,153,2.0445584981e-06
155,154,2.0814933658e-05
155,155,3.2581353199e-04
156,156,4.7990289840e-04
156,157,-3.3919196101e-06
156,158,-1.8197977602e-04
156,159,1.6691459616e-05
156,160,1.3614547308e-05
156,161,-1.8395693865e-04
157,156,-3.3919196101e-06
157,157,3.1713523852e-04
157,158,-2.8780071753e-06
157,159,1.3614547308e-05
157,160,2.1971104803e-05
157,161,5.0873087473e-06
158,156,-1.8197977602e-04
158,157,-2.8780071753e-06
158,158,3.3886030645e-04
158,159,5.9028227677e-06
158,160,2.5732643358e-05
158,161,-1.6244414725e-05
159,156,1.6691459616e-05
159,157,1.3614547308e-05
159,158,5.9028227677e-06
159,159,3.1536681050e-04
159,160,1.1583076625e-06
159,161,4.2061787705e-06
160,156,1.3614547308e-05
160,157,2.1971104803e-05
160,158,2.5732643358e-05
160,159,1.1583076625e-06
160,160,1.3960361884e-04
160,161,-1.8296495508e-05
161,156,-1.8395693865e-04
161,157,5.0873087473e-06
161,158,-1.6244414725e-05
161,159,4.2061787705e-06
161,160,-1.8296495508e-05
161,161,3.3929266336e-04
162,162,4.3721454992e-04
162,163,2.8093211483e-05
162,164,-1.4776229589e-04
162,165,3.9429690760e-05
162,166,-6.4701439502e-06
162,167,-1.5834359929e-04
163,162,2.8093211483e-05
163,163,3.0505193467e-04
163,164,-7.5851312563e-06
163,165,-6.4701439502e-06
163,166,4.5138564963e-05
163,167,3.0992810955e-05
164,162,-1.4776229589e-04
164,163,-7.5851312563e-06
164,164,3.0850048096e-04
164,165,6.3827153967e-06
164,166,2.0608973731e-05
164,167,-6.8261793012e-06
165,162,3.9429690760e-05
165,163,-6.4701439502e-06
165,164,6.3827153967e-06
165,165,2.9558772919e-04
165,166,5.5814024326e-05
165,167,1.5529438390e-05
166,162,-6.4701439502e-06
166,163,4.5138564963e-05
166,164,2.0608973731e-05
166,165,5.5814024326e-05
166,166,1.5796417051e-04
166,167,-1.3073144929e-05
167,162,-1.5834359929e-04
167,163,3.0992810955e-05
167,164,-6.8261793012e-06
167,165,1.5529438390e-05
167,166,-1.3073144929e-05
167,167,3.0772484960e-04
168,168,4.4803815203e-04
168,169,-2.7645363281e-06
168,170,-1.1988419641e-04
168,171,8.8456547692e-06
168,172,1.1404912261e-05
168,173,-1.9580940210e-04
169,168,-2.7645363281e-06
169,169,3.4081046699e-04
169,170,-6.8840930425e-06
169,171,1.1404912261e-05
169,172,4.8363299665e-06
169,173,4.8306152997e-06
170,168,-1.1988419641e-04
170,169,-6.8840930425e-06
170,170,3.7179528709e-04
170,171,-4.4825614013e-06
170,172,5.2708607617e-06
170,173,-4.1479346145e-05
171,168,8.8456547692e-06
171,169,1.1404912261e-05
171,170,-4.4825614013e-06
171,171,2.7290089853e-04
171,172,1.5560973452e-06
171,173,9.0059150073e-06
172,168,1.1404912261e-05
172,169,4.8363299665e-06
172,170,5.2708607617e-06
172,171,1.5560973452e-06
172,172,1.3248973658e-04
172,173,3.3835523672e-06
173,168,-1.9580940210e-04
173,169,4.8306152997e-06
173,170,-4.1479346145e-05
173,171,9.0059150073e-06
173,172,3.3835523672e-06
173,173,3.0621551284e-04
174,174,4.7274562491e-04
174,175,3.6697047942e-06
174,176,-1.1859158413e-04
174,177,4.6530691897e-06
174,178,-2.2109504247e-05
174,179,-2.0895481382e-04
175,174,3.6697047942e-06
175,175,3.6667408745e-04
175,176,5.3268464721e-07
175,177,-2.2109504247e-05
175,178,6.9381814051e-06
175,179,1.9294576574e-06
176,174,-1.1859158413e-04
176,175,5.3268464721e-07
176,176,3.9793852538e-04
176,177,2.5548331250e-06
176,178,3.7508203808e-06
176,179,-4.4682357024e-05
177,174,4.6530691897e-06
177,175,-2.2109504247e-05
177,176,2.5548331250e-06
177,177,2.8585075774e-04
177,178,5.3954641869e-06
177,179,4.2399678152e-07
178,174,-2.2109504247e-05
178,175,6.9381814051e-06
178,176,3.7508203808e-06
178,177,5.3954641869e-06
178,178,1.4403333465e-04
178,179,-1.5919060741e-05
179,174,-2.0895481382e-04
179,175,1.9294576574e-06
179,176,-4.4682357024e-05
179,177,4.2399678152e-07
179,178,-1.5919060741e-05
179,179,3.2147392825e-04
180,180,4.7456440013e-04
180,181,3.1667283878e-05
180,182,-8.1037783112e-05
180,183,-8.1307392589e-08
180,184,1.9949092872e-05
180,185,-1.7324008749e-04
181,180,3.1667283878e-05
181,181,4.0208200342e-04
181,182,3.3538389755e-05
181,183,1.9949092872e-05
181,184,7.6976940594e-06
181,185,7.1981977748e-06
182,180,-8.1037783112e-05
182,181,3.3538389755e-05
182,182,4.2225372116e-04
182,183,8.6971880219e-06
182,184,2.6668060807e-06
182,185,-5.2772218769e-05
183,180,-8.1307392589e-08
183,181,1.9949092872e-05
183,182,8.6971880219e-06
183,183,3.1961375531e-04
183,184,3.8105547694e-05
183,185,-1.0633180538e-06
184,180,1.9949092872e-05
184,181,7.6976940594e-06
184,182,2.6668060807e-06
184,183,3.8105547694e-05
184,184,2.0491358358e-04
184,185,1.9133460198e-05
185,180,-1.7324008749e-04
185,181,7.1981977748e-06
185,182,-5.2772218769e-05
185,183,-1.0633180538e-06
185,184,1.9133460198e-05
185,185,3.1812137790e-04
186,186,4.5378360881e-04
186,187,-1.6361721533e-05
186,188,-1.7785553494e-04
186,189,-1.1147811015e-05
186,190,-4.6177310735e-05
186,191,-9.7156975768e-05
187,186,-1.6361721533e-05
187,187,2.9470478229e-04
187,188,-1.3203622464e-05
187,189,-4.6177310735e-05
187,190,-2.9854181132e-05
187,191,1.5189520726e-05
188,186,-1.7785553494e-04
188,187,-1.3203622464e-05
188,188,3.0532513446e-04
188,189,-2.0914357597e-05
188,190,-2.8773273220e-05
188,191,-3.0080337872e-05
189,186,-1.1147811015e-05
189,187,-4.6177310735e-05
189,188,-2.0914357597e-05
189,189,3.6688376789e-04
189,190,-2.7758011775e-06
189,191,1.3185821541e-05
190,186,-4.6177310735e-05
190,187,-2.9854181132e-05
190,188,-2.8773273220e-05
190,189,-2.7758011775e-06
190,190,1.8374067108e-04
190,191,-1.5704562306e-05
191,186,-9.7156975768e-05
191,187,1.5189520726e-05
191,188,-3.0080337872e-05
191,189,1.3185821541e-05
191,190,-1.5704562306e-05
191,191,3.6875046198e-04
192,192,4.6794118381e-04
192,193,-3.4634605412e-05
192,194,-1.4795781933e-04
192,195,-6.1020164956e-06
192,196,-5.4444992712e-05
192,197,-1.9265598733e-04
193,192,-3.4634605412e-05
193,193,3.3560368707e-04
193,194,-5.9787906547e-05
193,195,-5.4444992712e-05
193,196,5.0325593317e-07
193,197,2.9966242982e-05
194,192,-1.4795781933e-04
194,193,-5.9787906547e-05
194,194,3.7297614018e-04
194,195,7.3849190803e-06
194,196,-2.7247623062e-05
194,197,-2.6690005163e-05
195,192,-6.1020164956e-06
195,193,-5.4444992712e-05
195,194,7.3849190803e-06
195,195,2.9562443023e-04
195,196,-7.8319828770e-06
195,197,-3.8640719781e-06
196,192,-5.4444992712e-05
196,193,5.0325593317e-07
196,194,-2.7247623062e-05
196,195,-7.8319828770e-06
196,196,1.4193492937e-04
196,197,-1.1586931555e-05
197,192,-1.9265598733e-04
197,193,2.9966242982e-05
197,194,-2.6690005163e-05
197,195,-3.8640719781e-06
197,196,-1.1586931555e-05
197,197,3.2798797356e-04
198,198,4.8599326666e-04
198,199,-1.9642971269e-05
198,200,-1.2764281510e-04
198,201,3.8246680107e-05
198,202,3.8334787412e-05
198,203,-2.0622147908e-04
199,198,-1.9642971269e-05
199,199,3.7182606210e-04
199,200,6.4445475004e-07
199,201,3.8334787412e-05
199,202,3.4235925644e-05
199,203,-6.7791959846e-06
200,198,-1.2764281510e-04
200,199,6.4445475004e-07
200,200,3.9275561288e-04
200,201,-4.4841598099e-06
200,202,6.6907237286e-06
200,203,-3.4656625927e-05
201,198,3.8246680107e-05
201,199,3.8334787412e-05
201,200,-4.4841598099e-06
201,201,3.0154316840e-04
201,202,-2.5706468491e-05
201,203,2.0922745349e-05
202,198,3.8334787412e-05
202,199,3.4235925644e-05
202,200,6.6907237286e-06
202,201,-2.5706468491e-05
202,202,1.5965066310e-04
202,203,1.4814743780e-05
203,198,-2.0622147908e-04
203,199,-6.7791959846e-06
203,200,-3.4656625927e-05
203,201,2.0922745349e-05
203,202,1.4814743780e-05
203,203,3.3372737746e-04
204,204,4.8029247210e-04
204,205,-3.9739211362e-05
204,206,-1.5678998951e-04
204,207,-1.4255959886e-05
204,208,-1.3937901989e-05
204,209,-1.8721408194e-04
205,204,-3.9739211362e-05
205,205,3.4005524221e-04
205,206,-3.1664287191e-05
205,207,-1.3937901989e-05
205,208,-2.2111655796e-05
205,209,6.1498415711e-07
206,204,-1.5678998951e-04
206,205,-3.1664287191e-05
206,206,3.6201394289e-04
206,207,-8.7829350319e-06
206,208,-4.1118032271e-06
206,209,-2.5441387234e-05
207,204,-1.4255959886e-05
207,205,-1.3937901989e-05
207,206,-8.7829350319e-06
207,207,3.1284310668e-04
207,208,-3.9189152810e-05
207,209,2.9551312501e-06
208,204,-1.3937901989e-05
208,205,-2.2111655796e-05
208,206,-4.1118032271e-06
208,207,-3.9189152810e-05
208,208,1.5225276700e-04
208,209,-9.1375290654e-07
209,204,-1.8721408194e-04
209,205,6.1498415711e-07
209,206,-2.5441387234e-05
209,207,2.9551312501e-06
209,208,-9.1375290654e-07
209,209,3.3193817004e-04
210,210,4.5900181095e-04
210,211,-5.1455279689e-05
210,212,-1.1600923721e-04
210,213,-3.4127925462e-05
210,214,2.3160157665e-05
210,215,-1.9486363791e-04
211,210,-5.1455279689e-05
211,211,3.5523999478e-04
211,212,-3.9926764572e-05
211,213,2.3160157665e-05
211,214,-4.9096516704e-05
211,215,-1.0533970443e-05
212,210,-1.1600923721e-04
212,211,-3.9926764572e-05
212,212,3.7319855875e-04
212,213,-1.6735393773e-05
212,214,6.7810271798e-06
212,215,-2.5601094215e-05
213,210,-3.4127925462e-05
213,211,2.3160157665e-05
213,212,-1.6735393773e-05
213,213,2.8471047467e-04
213,214,-6.0877149282e-05
213,215,-1.9612122124e-05
214,210,2.3160157665e-05
214,211,-4.9096516704e-05
214,212,6.7810271798e-06
214,213,-6.0877149282e-05
214,214,1.6046778312e-04
214,215,2.7972154082e-05
215,210,-1.9486363791e-04
215,211,-1.0533970443e-05
215,212,-2.5601094215e-05
215,213,-1.9612122124e-05
215,214,2.7972154082e-05
215,215,3.1551768509e-04
216,216,4.7600196101e-04
216,217,-2.1297362777e-06
216,218,-1.0022863361e-04
216,219,-3.5857051758e-06
216,220,-2.0892976752e-07
216,221,-2.0446492226e-04
217,216,-2.1297362777e-06
217,217,3.8635474579e-04
217,218,2.3174958522e-06
217,219,-2.0892976752e-07
217,220,-5.7590465231e-06
217,221,-3.4733583349e-06
218,216,-1.0022863361e-04
218,217,2.3174958522e-06
218,218,4.2403734083e-04
218,219,-2.4298694955e-06
218,220,3.5516971437e-06
218,221,-5.8650248248e-05
219,216,-3.5857051758e-06
219,217,-2.0892976752e-07
219,218,-2.4298694955e-06
219,219,2.9312297493e-04
219,220,-5.2364024165e-06
219,221,-9.4858374519e-07
220,216,-2.0892976752e-07
220,217,-5.7590465231e-06
220,218,3.5516971437e-06
220,219,-5.2364024165e-06
220,220,1.5655556111e-04
220,221,-2.2870376140e-06
221,216,-2.0446492226e-04
221,217,-3.4733583349e-06
221,218,-5.8650248248e-05
221,219,-9.4858374519e-07
221,220,-2.2870376140e-06
221,221,3.2108362058e-04
222,222,5.1844232535e-04
222,223,1.6536272003e-05
222,224,-1.6251813618e-04
222,225,-7.0209085183e-05
222,226,-3.1804687491e-05
222,227,-1.2899847477e-04
223,222,1.6536272003e-05
223,223,3.7308168532e-04
223,224,3.4166551994e-05
223,225,-3.1804687491e-05
223,226,-7.5034617709e-05
223,227,-6.8059490320e-06
224,222,-1.6251813618e-04
224,223,3.4166551994e-05
224,224,3.7547946409e-04
224,225,-5.3951093781e-06
224,226,-1.0097274987e-05
224,227,-4.5053203531e-05
225,222,-7.0209085183e-05
225,223,-3.1804687491e-05
225,224,-5.3951093781e-06
225,225,4.0306258192e-04
225,226,1.0448846129e-05
225,227,-7.3515625423e-05
226,222,-3.1804687491e-05
226,223,-7.5034617709e-05
226,224,-1.0097274987e-05
226,225,1.0448846129e-05
226,226,2.2165937906e-04
226,227,-3.3101089721e-05
227,222,-1.2899847477e-04
227,223,-6.8059490320e-06
227,224,-4.5053203531e-05
227,225,-7.3515625423e-05
227,226,-3.3101089721e-05
227,227,4.1328429777e-04
228,228,4.7710771709e-04
228,229,9.7792154334e-06
228,230,-1.2517413350e-04
228,231,1.8263740300e-05
228,232,7.9098416490e-06
228,233,-2.2055205733e-04
229,228,9.7792154334e-06
229,229,3.6514856847e-04
229,230,6.5115921238e-06
229,231,7.9098416490e-06
229,232,2.4517576430e-05
229,233,1.3699133574e-06
230,228,-1.2517413350e-04
230,229,6.5115921238e-06
230,230,4.0769498988e-04
230,231,6.9920013531e-06
230,232,-1.1115152377e-06
230,233,-4.5862889363e-05
231,228,1.8263740300e-05
231,229,7.9098416490e-06
231,230,6.9920013531e-06
231,231,2.7983995998e-04
231,232,1.1004503190e-05
231,233,5.4576110126e-06
232,228,7.9098416490e-06
232,229,2.4517576430e-05
232,230,-1.1115152377e-06
232,231,1.1004503190e-05
232,232,1.3119049987e-04
232,233,5.6611969303e-06
233,228,-2.2055205733e-04
233,229,1.3699133574e-06
233,230,-4.5862889363e-05
233,231,5.4576110126e-06
233,232,5.6611969303e-06
233,233,3.2793114603e-04
234,234,4.5482167262e-04
234,235,-9.0244287791e-05
234,236,-8.1674885867e-05
234,237,4.0057556848e-07
234,238,-9.0115924797e-06
234,239,-4.1953484880e-05
235,234,-9.0244287791e-05
235,235,3.8176943388e-04
235,236,-1.2401915939e-04
235,237,-9.0115924797e-06
235,238,-8.6337415897e-07
235,239,-4.0288741255e-05
236,234,-8.1674885867e-05
236,235,-1.2401915939e-04
236,236,3.8975467473e-04
236,237,-1.4131387554e-06
236,238,-6.3834377962e-06
236,239,-2.7098371912e-05
237,234,4.0057556848e-07
237,235,-9.0115924797e-06
237,236,-1.4131387554e-06
237,237,4.1729733498e-04
237,238,-1.2627963346e-04
237,239,8.1052071211e-06
238,234,-9.0115924797e-06
238,235,-8.6337415897e-07
238,236,-6.3834377962e-06
238,237,-1.2627963346e-04
238,238,3.2256639871e-04
238,239,-1.0041988311e-05
239,234,-4.1953484880e-05
239,235,-4.0288741255e-05
239,236,-2.7098371912e-05
239,237,8.1052071211e-06
239,238,-1.0041988311e-05
239,239,4.2775342460e-04
240,240,4.6106493476e-04
240,241,-3.5838496551e-05
240,242,-6.6874093234e-05
240,243,-1.0077739345e-04
240,244,-2.1362824969e-05
240,245,-7.4986964833e-05
241,240,-3.5838496551e-05
241,241,4.0125092740e-04
241,242,-3.8898564534e-05
241,243,-2.1362824969e-05
241,244,-1.3782915834e-04
241,245,1.8127711502e-06
242,240,-6.6874093234e-05
242,241,-3.8898564534e-05
242,242,3.9277053723e-04
242,243,-4.1425132488e-05
242,244,-7.6033469386e-07
242,245,3.6907696663e-08
243,240,-1.0077739345e-04
243,241,-2.1362824969e-05
243,242,-4.1425132488e-05
243,243,3.9399455445e-04
243,244,-3.4217104743e-05
243,245,-1.3147734043e-04
244,240,-2.1362824969e-05
244,241,-1.3782915834e-04
244,242,-7.6033469386e-07
244,243,-3.4217104743e-05
244,244,3.3421007324e-04
244,245,-1.2835124520e-05
245,240,-7.4986964833e-05
245,241,1.8127711502e-06
245,242,3.6907696663e-08
245,243,-1.3147734043e-04
245,244,-1.2835124520e-05
245,245,3.9915738968e-04
246,246,4.5701541124e-04
246,247,1.1297381237e-05
246,248,-1.1758534211e-04
246,249,1.2377827623e-05
246,250,-1.6885679844e-05
246,251,-1.5639385299e-04
247,246,1.1297381237e-05
247,247,3.5184388399e-04
247,248,5.5902410310e-05
247,249,-1.6885679844e-05
247,250,3.1176925805e-05
247,251,-4.8338204159e-05
248,246,-1.1758534211e-04
248,247,5.5902410310e-05
248,248,3.5217507589e-04
248,249,2.1018030725e-05
248,250,-1.9478290866e-05
248,251,-1.9400707260e-05
249,246,1.2377827623e-05
249,247,-1.6885679844e-05
249,248,2.1018030725e-05
249,249,3.1713249662e-04
249,250,-3.1937622927e-05
249,251,-5.5730662186e-06
250,246,-1.6885679844e-05
250,247,3.1176925805e-05
250,248,-1.9478290866e-05
250,249,-3.1937622927e-05
250,250,1.9644040357e-04
250,251,2.3270699852e-06
251,246,-1.5639385299e-04
251,247,-4.8338204159e-05
251,248,-1.9400707260e-05
251,249,-5.5730662186e-06
251,250,2.3270699852e-06
251,251,3.0878434508e-04
252,252,4.8707092965e-04
252,253,1.1915416044e-04
252,254,-9.3664851607e-05
252,255,1.0660589760e-06
252,256,-1.9058466393e-07
252,257,-5.2221235741e-05
253,252,1.1915416044e-04
253,253,4.0329453953e-04
253,254,1.4578879777e-04
253,255,-1.9058466393e-07
253,256,-1.3331500836e-07
253,257,5.5650333451e-05
254,252,-9.3664851607e-05
254,253,1.4578879777e-04
254,254,4.2477226385e-04
254,255,-1.3409408797e-06
254,256,-8.6345403982e-07
254,257,-2.1698531494e-05
255,252,1.0660589760e-06
255,253,-1.9058466393e-07
255,254,-1.3409408797e-06
255,255,4.4036283646e-04
255,256,1.6892933187e-04
255,257,2.2298112430e-06
256,252,-1.9058466393e-07
256,253,-1.3331500836e-07
256,254,-8.6345403982e-07
256,255,1.6892933187e-04
256,256,3.3922762114e-04
256,257,4.2454703282e-08
257,252,-5.2221235741e-05
257,253,5.5650333451e-05
257,254,-2.1698531494e-05
257,255,2.2298112430e-06
257,256,4.2454703282e-08
257,257,4.5857811673e-04
258,258,4.1869566941e-04
258,259,-3.9492742162e-05
258,260,-1.5716210875e-04
258,261,-3.4193430305e-05
258,262,1.6703366570e-05
258,263,-1.7246292437e-04
259,258,-3.9492742162e-05
259,259,2.7812560595e-04
259,260,-5.0493612151e-05
259,261,1.6703366570e-05
259,262,-2.6537080288e-05
259,263,2.1200380793e-05
260,258,-1.5716210875e-04
260,259,-5.0493612151e-05
260,260,3.1055875113e-04
260,261,8.5600595493e-06
260,262,4.0628999898e-06
260,263,-9.7153881653e-06
261,258,-3.4193430305e-05
261,259,1.6703366570e-05
261,260,8.5600595493e-06
261,261,2.6444014041e-04
261,262,-2.0530545122e-05
261,263,-2.9308550660e-05
262,258,1.6703366570e-05
262,259,-2.6537080288e-05
262,260,4.0628999898e-06
262,261,-2.0530545122e-05
262,262,1.1609776642e-04
262,263,1.0207136785e-05
263,258,-1.7246292437e-04
263,259,2.1200380793e-05
263,260,-9.7153881653e-06
263,261,-2.9308550660e-05
263,262,1.0207136785e-05
263,263,2.9811415244e-04
264,264,4.8646042768e-04
264,265,-4.6696186850e-06
264,266,-9.9616664165e-05
264,267,-1.5229496643e-06
264,268,-1.1729555314e-05
264,269,-1.9227583070e-04
265,264,-4.6696186850e-06
265,265,3.9736057458e-04
265,266,-1.9167616021e-05
265,267,-1.1729555314e-05
265,268,-5.6234699987e-06
265,269,1.1639934458e-05
266,264,-9.9616664165e-05
266,265,-1.9167616021e-05
266,266,4.2342059428e-04
266,267,-4.5845211055e-06
266,268,-7.6036101349e-06
266,269,-5.5300430878e-05
267,264,-1.5229496643e-06
267,265,-1.1729555314e-05
267,266,-4.5845211055e-06
267,267,3.1448369653e-04
267,268,5.7414551959e-06
267,269,1.3632362006e-06
268,264,-1.1729555314e-05
268,265,-5.6234699987e-06
268,266,-7.6036101349e-06
268,267,5.7414551959e-06
268,268,1.8114349872e-04
268,269,-4.6602329414e-06
269,264,-1.9227583070e-04
269,265,1.1639934458e-05
269,266,-5.5300430878e-05
269,267,1.3632362006e-06
269,268,-4.6602329414e-06
269,269,3.2508992656e-04
