0,0,3.3982488323e-02
0,1,1.8355184667e-03
0,2,2.4078987007e-02
0,3,2.4694156668e-04
0,4,1.0590925063e-03
0,5,8.6566518855e-03
0,240,-4.0192465416e-03
0,241,4.3564521883e-03
0,242,-1.3051060672e-03
0,243,-5.4003014524e-03
0,244,5.5541826751e-03
0,245,-3.8328078824e-03
0,468,-3.9823750219e-03
0,469,4.2338567203e-03
0,470,-1.0182345938e-03
0,471,5.4110872215e-03
0,472,-5.4892709765e-03
0,473,-3.9646994751e-03
0,612,-7.6549552187e-03
0,613,1.2434915139e-02
0,614,-1.4043792185e-02
0,615,-9.0524962250e-04
0,616,1.2195844675e-03
0,617,4.8446276945e-03
0,948,-6.5179480410e-03
0,949,-4.8709366429e-03
0,950,9.0710325281e-04
0,951,8.2094299514e-03
0,952,5.1519226324e-03
0,953,-4.7946123628e-03
0,1194,-6.4838794005e-03
0,1195,-1.0693314089e-02
0,1196,-1.2474142989e-02
0,1197,-5.6075846566e-04
0,1198,-7.9896998298e-04
0,1199,5.0687890043e-03
0,1242,-5.3240840992e-03
0,1243,-4.4356521454e-03
0,1244,2.5454014439e-04
0,1245,-6.8535733210e-03
0,1246,-5.0242485722e-03
0,1247,-4.2850805144e-03
1,0,1.8355184667e-03
1,1,5.6891482910e-02
1,2,1.7872153194e-03
1,3,1.0590925063e-03
1,4,1.8697094379e-03
1,5,4.8701790882e-03
1,240,-3.5663213262e-03
1,241,3.3554291755e-03
1,242,7.8287309410e-05
1,243,-5.1186095193e-03
1,244,4.5971892803e-03
1,245,-4.3829105449e-03
1,468,-4.2597680989e-03
1,469,4.0597643366e-03
1,470,2.5801840396e-05
1,471,6.1016349479e-03
1,472,-5.5677987417e-03
1,473,-5.1937697568e-03
1,612,-1.2377669520e-02
1,613,2.0082398788e-02
1,614,-2.2619966603e-02
1,615,-1.7318906137e-03
1,616,2.4047244904e-03
1,617,7.7626078833e-03
1,948,4.1626093656e-03
1,949,8.1494484205e-04
1,950,-4.4157293174e-03
1,951,-6.3332179017e-03
1,952,-1.2134316553e-03
1,953,6.1328594921e-03
1,1194,1.0671031878e-02
1,1195,1.7587246536e-02
1,1196,2.0486826016e-02
1,1197,1.0538006739e-03
1,1198,1.5298321083e-03
1,1199,-8.3167886370e-03
1,1242,3.5345992351e-03
1,1243,1.4802959297e-03
1,1244,-2.8972363056e-03
1,1245,5.2650181134e-03
1,1246,2.0460278436e-03
1,1247,4.9029111043e-03
2,0,2.4078987007e-02
2,1,1.7872153194e-03
2,2,7.1296992180e-02
2,3,1.8131399096e-03
2,4,2.3969707210e-03
2,5,-3.1993030624e-02
2,240,3.3210760079e-04
2,241,-1.3720642287e-03
2,242,2.4959101373e-03
2,243,-2.0228917158e-04
2,244,-1.1529769090e-03
2,245,-1.6581356658e-03
2,468,-1.2662113218e-03
2,469,2.2438270597e-04
2,470,2.2876360523e-03
2,471,2.4706267401e-03
2,472,-9.8556429917e-04
2,473,-3.5643268757e-03
2,612,-1.3838987686e-02
2,613,2.2392694328e-02
2,614,-2.5069926912e-02
2,615,-2.6060671194e-03
2,616,3.7684236910e-03
2,617,8.4925956743e-03
2,948,1.4666009751e-03
2,949,4.3745410504e-03
2,950,4.4651446792e-03
2,951,-2.9013354336e-04
2,952,-4.4683555021e-03
2,953,-3.4885003599e-03
2,1194,-1.2392579260e-02
2,1195,-2.0395261319e-02
2,1196,-2.3683507414e-02
2,1197,-1.5535503091e-03
2,1198,-2.3176206601e-03
2,1199,9.5921220981e-03
2,1242,1.6200826860e-03
2,1243,3.5237788380e-03
2,1244,3.5693443925e-03
2,1245,1.0240801002e-03
2,1246,3.6189582025e-03
2,1247,-1.8470646406e-03
3,0,2.4694156668e-04
3,1,1.0590925063e-03
3,2,1.8131399096e-03
3,3,4.2182814529e-02
3,4,6.2143063078e-03
3,5,-5.9901961678e-04
3,240,5.6769028785e-03
3,241,-6.3986533745e-03
3,242,2.4383029005e-03
3,243,7.4693061566e-03
3,244,-8.0031872314e-03
3,245,4.9381483941e-03
3,468,-5.4773053473e-03
3,469,6.0742279343e-03
3,470,-1.9972427629e-03
3,471,7.2734589236e-03
3,472,-7.7114210478e-03
3,473,-4.9398906286e-03
3,612,2.7786193499e-04
3,613,-6.9088956943e-04
3,614,1.3797885656e-03
3,615,-3.0382355806e-03
3,616,4.9161747401e-03
3,617,-9.8794130248e-04
3,948,-8.3559112399e-03
3,949,-7.1797583087e-03
3,950,-4.0000405553e-04
3,951,1.0079058749e-02
3,952,7.4499047259e-03
3,953,-4.8924697624e-03
3,1194,4.4237991326e-04
3,1195,8.5254586008e-04
3,1196,1.3045474835e-03
3,1197,-1.8220826157e-03
3,1198,-3.0029580239e-03
3,1199,-7.0559641035e-04
3,1242,7.1891302937e-03
3,1243,6.5770095463e-03
3,1244,7.5081629461e-04
3,1245,8.9664718038e-03
3,1246,7.3006822746e-03
3,1247,4.9573495852e-03
4,0,1.0590925063e-03
4,1,1.8697094379e-03
4,2,2.3969707210e-03
4,3,6.2143063078e-03
4,4,3.8938961769e-02
4,5,1.9301883563e-03
4,240,4.7674429277e-03
4,241,-4.6647433183e-03
4,242,3.0186082274e-04
4,243,6.7268415165e-03
4,244,-6.2769180131e-03
4,245,5.4999371622e-03
4,468,-5.5582741772e-03
4,469,5.5327262715e-03
4,470,-4.9955101426e-04
4,471,7.8030778116e-03
4,472,-7.4322413478e-03
4,473,-6.2834533115e-03
4,612,1.9291705459e-04
4,613,-6.9979304521e-04
4,614,1.7566782833e-03
4,615,-4.9332553589e-03
4,616,7.9663099600e-03
4,617,-1.5287892269e-03
4,948,4.2967488234e-03
4,949,8.6510358907e-04
4,950,-4.8126387021e-03
4,951,-6.5252342028e-03
4,952,-1.3989547199e-03
4,953,6.2298004519e-03
4,1194,-5.9984913783e-04
4,1195,-1.1908621040e-03
4,1196,-1.8971307827e-03
4,1197,3.0009013597e-03
4,1198,4.9405177166e-03
4,1199,1.0928681717e-03
4,1242,-4.1580779969e-03
4,1243,-1.8767661996e-03
4,1244,3.3005954854e-03
4,1245,-6.1269120193e-03
4,1246,-2.5887599644e-03
4,1247,-5.5407746881e-03
5,0,8.6566518855e-03
5,1,4.8701790882e-03
5,2,-3.1993030624e-02
5,3,-5.9901961678e-04
5,4,1.9301883563e-03
5,5,3.8305188745e-02
5,240,-4.6159638207e-03
5,241,5.7784952199e-03
5,242,-3.3927473479e-03
5,243,-5.7022846770e-03
5,244,6.8700581344e-03
5,245,-2.9065729099e-03
5,468,-4.1499655040e-03
5,469,5.1840802997e-03
5,470,-2.9121838729e-03
5,471,5.1194194744e-03
5,472,-6.2075797420e-03
5,473,-2.5606980051e-03
5,612,5.2670697629e-03
5,613,-8.5365289010e-03
5,614,9.5848730029e-03
5,615,8.7213310288e-04
5,616,-1.3276623270e-03
5,617,-4.4995791600e-03
5,948,-5.1624046090e-03
5,949,-6.5390237987e-03
5,950,-3.8957265357e-03
5,951,5.2255791963e-03
5,952,6.4461575774e-03
5,953,-2.3281387677e-04
5,1194,5.1807895493e-03
5,1195,8.5254783392e-03
5,1196,9.8956577657e-03
5,1197,7.3187759581e-04
5,1198,1.1363808039e-03
5,1199,-4.5289759973e-03
5,1242,-5.1761772639e-03
5,1243,-6.0863944090e-03
5,1244,-3.1219582377e-03
5,1245,-5.7937887218e-03
5,1246,-6.4154594508e-03
5,1247,-1.6791751226e-03
6,6,3.4803934633e-02
6,7,-4.2083987760e-03
6,8,1.0273163851e-02
6,9,-2.3172307483e-03
6,10,-2.2326430947e-04
6,11,1.4931033340e-02
6,48,-4.2156469387e-03
6,49,-5.1696005347e-03
6,50,-2.7514432053e-03
6,51,-5.2708105683e-03
6,52,-6.1356557212e-03
6,53,-3.0089788734e-03
6,150,-5.4460360657e-03
6,151,-8.5413381600e-03
6,152,-8.9275381985e-03
6,153,1.3776671091e-03
6,154,1.9297470317e-03
6,155,4.1075437080e-03
6,594,-6.6102950106e-03
6,595,-1.9413259557e-03
6,596,4.5678497834e-03
6,597,9.5310939030e-03
6,598,2.2152328278e-03
6,599,-8.1681910989e-03
6,858,-3.5280048043e-03
6,859,5.0653505929e-03
6,860,-4.2849634040e-03
6,861,-3.2420429041e-03
6,862,4.4836290354e-03
6,863,2.4891950807e-04
6,1014,-7.2150436412e-03
6,1015,6.7587004202e-03
6,1016,-6.4894049978e-04
6,1017,6.7965151466e-03
6,1018,-4.8943934417e-03
6,1019,-7.4275460565e-04
6,1728,-7.7889081723e-03
6,1729,2.4380112425e-03
6,1730,3.9082991093e-03
6,1731,-1.1595992473e-02
6,1732,2.9214495319e-03
6,1733,-1.0751333714e-02
7,6,-4.2083987760e-03
7,7,4.4902794492e-02
7,8,-9.2487656733e-03
7,9,-2.2326430947e-04
7,10,-5.6647488370e-03
7,11,-5.1942153321e-03
7,48,5.4387829517e-03
7,49,6.3731971908e-03
7,50,2.7371910424e-03
7,51,7.0858239709e-03
7,52,7.8957534017e-03
7,53,4.6808339863e-03
7,150,8.6104851490e-03
7,151,1.3467789281e-02
7,152,1.3986696264e-02
7,153,-2.3908489319e-03
7,154,-3.3753466639e-03
7,155,-6.3739519305e-03
7,594,3.8526053631e-03
7,595,-6.9405308410e-04
7,596,-3.8610217646e-03
7,597,-6.0995422701e-03
7,598,1.1810728817e-03
7,599,6.5165378982e-03
7,858,-5.1505420351e-03
7,859,7.3113811958e-03
7,860,-5.9873796424e-03
7,861,-4.8896768057e-03
7,862,6.6937387446e-03
7,863,4.1592694846e-05
7,1014,-7.2038141004e-03
7,1015,5.3946701072e-03
7,1016,2.1872332596e-03
7,1017,8.1427602533e-03
7,1018,-4.8827667619e-03
7,1019,-3.5995464271e-03
7,1728,-1.3391185523e-03
7,1729,-2.7600076537e-03
7,1730,2.8970803627e-03
7,1731,-2.6309399805e-03
7,1732,-4.0313388935e-03
7,1733,-3.9699609923e-03
8,6,1.0273163851e-02
8,7,-9.2487656733e-03
8,8,4.6927807265e-02
8,9,-3.6702682921e-03
8,10,-1.3351583229e-03
8,11,-3.0642997013e-02
8,48,-3.4195939864e-03
8,49,-3.3385433678e-03
8,50,9.1295914170e-05
8,51,-5.0997840203e-03
8,52,-4.9009661324e-03
8,53,-4.7645264343e-03
8,150,-9.1651491396e-03
8,151,-1.4244974417e-02
8,152,-1.4570798405e-02
8,153,3.0703733429e-03
8,154,4.3927088577e-03
8,155,6.4790033584e-03
8,594,2.9746444352e-03
8,595,3.2526283674e-03
8,596,-9.9751452590e-04
8,597,-3.5792251584e-03
8,598,-4.3530671751e-03
8,599,1.3425001311e-03
8,858,-4.5453845801e-03
8,859,6.2533053711e-03
8,860,-4.6468362053e-03
8,861,-4.6881945947e-03
8,862,6.2565195384e-03
8,863,-7.3670071080e-04
8,1014,-1.3678636321e-03
8,1015,-1.7405271299e-03
8,1016,5.9521022173e-03
8,1017,4.3177254685e-03
8,1018,-6.9102729078e-04
8,1019,-6.7762074436e-03
8,1728,5.2501830522e-03
8,1729,-2.8655593885e-03
8,1730,-3.0767385390e-03
8,1731,7.5713874762e-03
8,1732,-3.9446602708e-03
8,1733,6.3793606401e-03
9,6,-2.3172307483e-03
9,7,-2.2326430947e-04
9,8,-3.6702682921e-03
9,9,4.8751415234e-02
9,10,-8.9223543688e-03
9,11,-5.0040854984e-03
9,48,5.1159738363e-03
9,49,6.6256095834e-03
9,50,4.3041124532e-03
9,51,6.0550344270e-03
9,52,7.4673495641e-03
9,53,2.6969826464e-03
9,150,-1.1611866280e-03
9,151,-2.0618685059e-03
9,152,-2.7476571661e-03
9,153,-1.1925746733e-03
9,154,-1.8587315061e-03
9,155,1.7165344132e-03
9,594,-9.4281362326e-03
9,595,-3.3834339255e-03
9,596,6.1114636228e-03
9,597,1.3409881679e-02
9,598,3.9915655447e-03
9,599,-1.1056458837e-02
9,858,2.2725518546e-03
9,859,-3.4589169435e-03
9,860,3.3896609483e-03
9,861,1.7131571537e-03
9,862,-2.5296200401e-03
9,863,-9.3129766117e-04
9,1014,-6.0397482677e-03
9,1015,7.3239444195e-03
9,1016,-4.0333015467e-03
9,1017,4.0155306027e-03
9,1018,-4.0986664413e-03
9,1019,2.9040019997e-03
9,1728,1.1557776186e-02
9,1729,-4.3396528746e-03
9,1730,-5.2941354026e-03
9,1731,1.7061477560e-02
9,1732,-5.3643291020e-03
9,1733,1.5469126290e-02
10,6,-2.2326430947e-04
10,7,-5.6647488370e-03
10,8,-1.3351583229e-03
10,9,-8.9223543688e-03
10,10,3.3852005844e-02
10,11,3.5158930307e-03
10,48,-6.2920059593e-03
10,49,-7.8102611572e-03
10,50,-4.3433679479e-03
10,51,-7.7731017133e-03
10,52,-9.1799106744e-03
10,53,-4.2081522753e-03
10,150,1.6135086891e-03
10,151,2.9033403276e-03
10,152,3.9507060713e-03
10,153,1.8964379437e-03
10,154,2.9403398345e-03
10,155,-2.5724077765e-03
10,594,4.9204089048e-03
10,595,-8.0045843345e-04
10,596,-5.0264081867e-03
10,597,-7.7640086136e-03
10,598,1.3514933829e-03
10,599,8.2248867891e-03
10,858,3.1369153700e-03
10,859,-4.7362901405e-03
10,860,4.5519169508e-03
10,861,2.4357850746e-03
10,862,-3.5657105276e-03
10,863,-1.1544238488e-03
10,1014,-4.4920096775e-03
10,1015,4.7384543050e-03
10,1016,-1.2354640828e-03
10,1017,3.6959727353e-03
10,1018,-3.2963609230e-03
10,1019,9.4690081923e-04
10,1728,1.3364469824e-03
10,1729,4.1750473236e-03
10,1730,-4.1489835460e-03
10,1731,2.9103018546e-03
10,1732,6.0015601893e-03
10,1733,4.8987877997e-03
11,6,1.4931033340e-02
11,7,-5.1942153321e-03
11,8,-3.0642997013e-02
11,9,-5.0040854984e-03
11,10,3.5158930307e-03
11,11,4.6688225224e-02
11,48,-2.6385331993e-03
11,49,-4.1906501204e-03
11,50,-4.3701246875e-03
11,51,-2.3723752691e-03
11,52,-3.8726050525e-03
11,53,6.7948141650e-04
11,150,4.0771983377e-03
11,151,6.2797470038e-03
11,152,6.2705626409e-03
11,153,-1.7400236676e-03
11,154,-2.5857542741e-03
11,155,-3.0799483971e-03
11,594,-7.8594430622e-03
11,595,-4.2681576704e-03
11,596,4.0869005941e-03
11,597,1.0744923373e-02
11,598,5.2719960447e-03
11,599,-7.8234894040e-03
11,858,1.8255791919e-03
11,859,-2.3386505702e-03
11,860,1.2997190990e-03
11,861,2.2180197992e-03
11,862,-2.8550394092e-03
11,863,9.4172321421e-04
11,1014,2.9492186455e-04
11,1015,2.8425580064e-03
11,1016,-6.8905075661e-03
11,1017,-3.4109997463e-03
11,1018,5.4279628340e-04
11,1019,6.2414265125e-03
11,1728,-1.0630756473e-02
11,1729,5.7229850112e-03
11,1730,3.5908403976e-03
11,1731,-1.5343960866e-02
11,1732,7.3903366671e-03
11,1733,-1.3069085286e-02
12,12,3.3607191571e-02
12,13,-1.8424048371e-03
12,14,9.8058675981e-03
12,15,-4.0542767401e-04
12,16,5.1933941119e-04
12,17,1.5720217015e-02
12,126,-5.6636377779e-03
12,127,-1.1290061291e-03
12,128,4.5700987111e-03
12,129,8.8465020791e-03
12,130,1.5077364406e-03
12,131,-9.1703542580e-03
12,282,-6.1867535514e-03
12,283,6.8686479902e-03
12,284,-2.4502182129e-03
12,285,5.4299737289e-03
12,286,-4.9698344709e-03
12,287,-6.9892983750e-05
12,408,-4.7455577638e-03
12,409,1.0715541780e-03
12,410,3.9872044480e-03
12,411,-7.8149721994e-03
12,412,1.6733066589e-03
12,413,-9.0924013168e-03
12,618,-4.9485977937e-03
12,619,-5.8238007040e-03
12,620,-2.6654581830e-03
12,621,-5.3348687205e-03
12,622,-5.7021561268e-03
12,623,-1.6689480299e-03
12,1080,-5.8699700644e-03
12,1081,7.0356735808e-03
12,1082,-3.4393401145e-03
12,1083,-4.4592205410e-03
12,1084,4.4921941121e-03
12,1085,1.2019053580e-03
12,1218,-6.1926746193e-03
12,1219,-8.9177548405e-03
12,1220,-7.6024721744e-03
12,1221,2.6139498785e-03
12,1222,3.2236595923e-03
12,1223,3.5568200163e-03
13,12,-1.8424048371e-03
13,13,4.3412241002e-02
13,14,-4.9135215997e-03
13,15,5.1933941119e-04
13,16,-8.2572814216e-04
13,17,-1.8330139969e-03
13,126,1.7409476346e-03
13,127,-1.0918397411e-03
13,128,-2.0461797352e-03
13,129,-2.9913039029e-03
13,130,1.7298349340e-03
13,131,3.7687988830e-03
13,282,-7.0837326806e-03
13,283,7.1505903046e-03
13,284,-1.0331208744e-03
13,285,7.2154460101e-03
13,286,-6.1720204980e-03
13,287,-2.0390590787e-03
13,408,-3.1767346590e-04
13,409,-8.6169761067e-04
13,410,7.3820367808e-04
13,411,-6.1389666639e-04
13,412,-1.4046630995e-03
13,413,-9.4283808930e-04
13,618,5.9373551052e-03
13,619,6.5260144387e-03
13,620,1.9837628292e-03
13,621,6.9521632702e-03
13,622,6.9929022689e-03
13,623,3.3315131016e-03
13,1080,-7.4325550719e-03
13,1081,8.4561592092e-03
13,1082,-3.1422858967e-03
13,1083,-6.3897678990e-03
13,1084,6.2354689628e-03
13,1085,2.5889337226e-04
13,1218,8.9980633156e-03
13,1219,1.2809172178e-02
13,1220,1.0568308861e-02
13,1221,-4.3140326364e-03
13,1222,-5.3642943546e-03
13,1223,-4.6811723066e-03
14,12,9.8058675981e-03
14,13,-4.9135215997e-03
14,14,3.9894845398e-02
14,15,-4.4198923452e-04
14,16,1.0251980881e-03
14,17,-3.2636673857e-02
14,126,4.0207056385e-03
14,127,1.7905114324e-03
14,128,-3.1691461528e-03
14,129,-6.0933321820e-03
14,130,-2.6396599681e-03
14,131,5.8442287485e-03
14,282,-2.9010763259e-03
14,283,1.3929957798e-03
14,284,3.3058938843e-03
14,285,5.1018760986e-03
14,286,-3.4601919472e-03
14,287,-5.2091295344e-03
14,408,4.2427424558e-03
14,409,-1.0977382037e-03
14,410,-3.6778059598e-03
14,411,6.9733533143e-03
14,412,-1.7389772789e-03
14,413,8.0772658363e-03
14,618,-2.9238520849e-03
14,619,-2.2030185531e-03
14,620,1.6395813163e-03
14,621,-4.6312698429e-03
14,622,-3.7291792295e-03
14,623,-4.6130712519e-03
14,1080,-4.3967703031e-03
14,1081,3.9889226335e-03
14,1082,8.2197877821e-04
14,1083,-5.4451483861e-03
14,1084,4.8631489118e-03
14,1085,-2.7695139982e-03
14,1218,-7.8476169784e-03
14,1219,-1.0818437171e-02
14,1220,-8.0838336189e-03
14,1221,4.9887354285e-03
14,1222,6.2839816424e-03
14,1223,2.8823429720e-03
15,12,-4.0542767401e-04
15,13,5.1933941119e-04
15,14,-4.4198923452e-04
15,15,4.8210072278e-02
15,16,-3.5118923655e-03
15,17,-2.1386854988e-03
15,126,-8.8335758532e-03
15,127,-2.0197157371e-03
15,128,7.0126235506e-03
15,129,1.3748317699e-02
15,130,2.7459796170e-03
15,131,-1.4129849845e-02
15,282,-5.6432871500e-03
15,283,7.2799390526e-03
15,284,-4.7538702142e-03
15,285,3.5289013207e-03
15,286,-3.8427562503e-03
15,287,2.7310810228e-03
15,408,7.8147431177e-03
15,409,-1.8557685990e-03
15,410,-6.5198845128e-03
15,411,1.2859907432e-02
15,412,-2.9035614150e-03
15,413,1.4938310420e-02
15,618,5.5174043837e-03
15,619,7.0358964767e-03
15,620,4.3999259930e-03
15,621,5.2964660735e-03
15,622,6.1757719333e-03
15,623,2.9000586984e-04
15,1080,4.3093546508e-03
15,1081,-6.0114711929e-03
15,1082,4.7931906716e-03
15,1083,1.8743588180e-03
15,1084,-2.2636038879e-03
15,1085,-3.2593311002e-03
15,1218,-2.7592114750e-03
15,1219,-4.5121921559e-03
15,1220,-5.1222843184e-03
15,1221,-7.3951751330e-04
15,1222,-1.0783675790e-03
15,1223,3.3820532901e-03
16,12,5.1933941119e-04
16,13,-8.2572814216e-04
16,14,1.0251980881e-03
16,15,-3.5118923655e-03
16,16,3.1430714705e-02
16,17,5.2430339058e-04
16,126,2.4393285812e-03
16,127,-1.6784137657e-03
16,128,-2.9919839651e-03
16,129,-4.2191448253e-03
16,130,2.6401987054e-03
16,131,5.3758584968e-03
16,282,-5.5023684913e-03
16,283,6.6193885810e-03
16,284,-3.3415586481e-03
16,285,4.1092711270e-03
16,286,-4.2000930772e-03
16,287,1.5563226155e-03
16,408,4.3213508715e-04
16,409,1.4334423931e-03
16,410,-1.1521199997e-03
16,411,8.6045546378e-04
16,412,2.3338091102e-03
16,413,1.3757796909e-03
16,618,-6.0985549359e-03
16,619,-7.3137952912e-03
16,620,-3.5990424122e-03
16,621,-6.4075101653e-03
16,622,-7.0264203952e-03
16,623,-1.5891290972e-03
16,1080,4.7164318263e-03
16,1081,-6.3925321494e-03
16,1082,4.6865578211e-03
16,1083,2.3569321897e-03
16,1084,-2.7879259109e-03
16,1085,-3.2066468791e-03
16,1218,3.4936885213e-03
16,1219,5.7477881693e-03
16,1220,6.5849898641e-03
16,1221,1.0622522299e-03
16,1222,1.4955295354e-03
16,1223,-4.5429068555e-03
17,12,1.5720217015e-02
17,13,-1.8330139969e-03
17,14,-3.2636673857e-02
17,15,-2.1386854988e-03
17,16,5.2430339058e-04
17,17,5.4364208267e-02
17,126,-9.1266829968e-03
17,127,-2.7219420381e-03
17,128,6.9503714325e-03
17,129,1.4082818587e-02
17,130,3.8029555387e-03
17,131,-1.4174109306e-02
17,282,-3.6558534720e-04
17,283,2.4754112801e-03
17,284,-5.4485033879e-03
17,285,-2.5837615914e-03
17,286,1.3234871293e-03
17,287,5.3683874454e-03
17,408,-9.0915683739e-03
17,409,2.3886630322e-03
17,410,7.4674309478e-03
17,411,-1.4937378655e-02
17,412,3.7506886388e-03
17,413,-1.7291873802e-02
17,618,-2.0319231718e-03
17,619,-3.7442547846e-03
17,620,-4.7141348917e-03
17,621,-5.6600756090e-04
17,622,-1.8242074038e-03
17,623,3.1449186317e-03
17,1080,1.4709265640e-03
17,1081,-3.7372131520e-04
17,1082,-2.9834154249e-03
17,1083,3.4144979587e-03
17,1084,-3.0038241967e-03
17,1085,3.2671256524e-03
17,1218,3.4246163106e-03
17,1219,4.3948163483e-03
17,1220,2.4289548488e-03
17,1221,-3.3426948567e-03
17,1222,-4.4361803080e-03
17,1223,-7.6189093608e-04
18,18,3.5931544146e-02
18,19,-2.3920872304e-05
18,20,3.2831578177e-02
18,21,-9.5838111825e-03
18,22,-2.4467722643e-05
18,23,2.4263938225e-02
18,504,-5.4363620615e-03
18,505,-4.6505877174e-03
18,506,1.3644665697e-04
18,507,7.1334407379e-03
18,508,5.4614693054e-03
18,509,-4.7297070527e-03
18,930,-7.6937420985e-03
18,931,1.3142144750e-02
18,932,-1.6492749862e-02
18,933,3.6011663531e-03
18,934,-6.1440136595e-03
18,935,2.1365019401e-03
18,966,-5.5581998002e-03
18,967,4.8189368443e-03
18,968,3.2268063168e-05
18,969,7.2850753984e-03
18,970,-5.6618158986e-03
18,971,-4.8143445350e-03
18,1314,-7.7273658857e-03
18,1315,-1.3212087301e-02
18,1316,-1.6612600754e-02
18,1317,3.5168813093e-03
18,1318,6.0151391776e-03
18,1319,2.1541990566e-03
19,18,-2.3920872304e-05
19,19,6.6660597153e-02
19,20,-2.4565584862e-04
19,21,-2.4467722643e-05
19,22,-2.6434040381e-02
19,23,-3.4523182609e-05
19,504,4.6730068922e-03
19,505,2.6564327268e-03
19,506,-2.6827161884e-03
19,507,-6.7735188778e-03
19,508,-3.4837522545e-03
19,509,5.9484753406e-03
19,930,-1.3142172568e-02
19,931,2.2445327703e-02
19,932,-2.8158358965e-02
19,933,6.1587311652e-03
19,934,-1.0505845603e-02
19,935,3.6418041010e-03
19,966,-4.7136146303e-03
19,967,2.7115083980e-03
19,968,2.6933831542e-03
19,969,6.8422946950e-03
19,970,-3.5749113340e-03
19,971,-6.0294373428e-03
19,1314,1.3212610749e-02
19,1315,2.2587031714e-02
19,1316,2.8391017218e-02
19,1317,-6.0112859473e-03
19,1318,-1.0279830893e-02
19,1319,-3.6854279733e-03
20,18,3.2831578177e-02
20,19,-2.4565584862e-04
20,20,9.7429520938e-02
20,21,-1.8503487150e-02
20,22,-1.3515591088e-04
20,23,-1.7106768556e-02
20,504,8.4826220883e-05
20,505,2.6503614765e-03
20,506,4.5975276441e-03
20,507,1.1221440041e-03
20,508,-2.5541224800e-03
20,509,-3.6208273561e-03
20,930,-1.6492857327e-02
20,931,2.8158482897e-02
20,932,-3.5301043601e-02
20,933,7.7477874806e-03
20,934,-1.3212151826e-02
20,935,4.5505740638e-03
20,966,1.8345579610e-04
20,967,-2.7668061356e-03
20,968,4.7137845255e-03
20,969,1.0190662138e-03
20,970,2.6597741522e-03
20,971,-3.6116604583e-03
20,1314,-1.6614626619e-02
20,1315,-2.8393355653e-02
20,1316,-3.5664654786e-02
20,1317,7.5538478530e-03
20,1318,1.2913455237e-02
20,1319,4.6396921650e-03
21,18,-9.5838111825e-03
21,19,-2.4467722643e-05
21,20,-1.8503487150e-02
21,21,5.8251694355e-02
21,22,-5.6081121509e-05
21,23,-2.9523140283e-02
21,504,-6.8535162769e-03
21,505,-6.5812617736e-03
21,506,-1.2020886448e-03
21,507,8.6481088304e-03
21,508,7.5327330623e-03
21,509,-4.9507229024e-03
21,930,3.5805855713e-03
21,931,-6.1088484493e-03
21,932,7.6474165983e-03
21,933,-5.7819482799e-03
21,934,9.8696235975e-03
21,935,3.3031356696e-03
21,966,-6.9887846799e-03
21,967,6.7952240501e-03
21,968,-1.3862215950e-03
21,969,8.8035154078e-03
21,970,-7.7745146283e-03
21,971,-5.0083080151e-03
21,1314,3.5695735231e-03
21,1315,6.1052186536e-03
21,1316,7.6818002884e-03
21,1317,-5.8021132523e-03
21,1318,-9.9222048664e-03
21,1319,3.2562773695e-03
22,18,-2.4467722643e-05
22,19,-2.6434040381e-02
22,20,-1.3515591088e-04
22,21,-5.6081121509e-05
22,22,7.5020791592e-02
22,23,-1.0857555895e-04
22,504,5.1695968255e-03
22,505,3.3491114713e-03
22,506,-2.3412433619e-03
22,507,-7.2959529010e-03
22,508,-4.2915648191e-03
22,509,5.9650476488e-03
22,930,6.1235974072e-03
22,931,-1.0445824448e-02
22,932,1.3072351421e-02
22,933,-9.8833852153e-03
22,934,1.6867951296e-02
22,935,5.6473356986e-03
22,966,-5.1774433637e-03
22,967,3.3838291415e-03
22,968,2.3350971552e-03
22,969,7.3187521796e-03
22,970,-4.3579918889e-03
22,971,-6.0077061976e-03
22,1314,-6.1013908769e-03
22,1315,-1.0433844230e-02
22,1316,-1.3123869622e-02
22,1317,9.9188557444e-03
22,1318,1.6959542375e-02
22,1319,-5.5663550050e-03
23,18,2.4263938225e-02
23,19,-3.4523182609e-05
23,20,-1.7106768556e-02
23,21,-2.9523140283e-02
23,22,-1.0857555895e-04
23,23,7.3325617371e-02
23,504,-4.0136778371e-03
23,505,-5.4585491330e-03
23,506,-3.8674899566e-03
23,507,4.2944154643e-03
23,508,5.8168652913e-03
23,509,-6.6129743821e-04
23,930,2.1383163976e-03
23,931,-3.6602521646e-03
23,932,4.6130882796e-03
23,933,3.2720112249e-03
23,934,-5.5840624833e-03
23,935,-7.2571910399e-03
23,966,-4.0586260135e-03
23,967,5.5880656771e-03
23,968,-4.0852122742e-03
23,969,4.3169401095e-03
23,970,-5.9348456046e-03
23,971,-5.9981367913e-04
23,1314,2.1502607115e-03
23,1315,3.6743662719e-03
23,1316,4.6146715162e-03
23,1317,3.3364561299e-03
23,1318,5.7059740959e-03
23,1319,-7.2492468345e-03
24,24,3.5088844115e-02
24,25,1.2671088553e-03
24,26,1.7260008410e-02
24,27,1.0844819817e-04
24,28,-6.2720305701e-04
24,29,7.4154697110e-03
24,60,-6.5817769379e-03
24,61,5.6882028769e-03
24,62,6.1294265793e-05
24,63,7.4193561793e-03
24,64,-5.2903746969e-03
24,65,-2.8633390287e-03
24,732,-5.1142394040e-03
24,733,8.5114807079e-03
24,734,-1.0120863876e-02
24,735,-5.2733136814e-04
24,736,8.1906163510e-04
24,737,4.5988778302e-03
24,1038,-7.1472419115e-03
24,1039,-6.0312141464e-03
24,1040,2.4787260377e-04
24,1041,-8.2062384098e-03
24,1042,-5.7188390648e-03
24,1043,-3.4274426877e-03
24,1260,-4.0672698436e-03
24,1261,-6.8969236025e-03
24,1262,-8.5265332931e-03
24,1263,-4.4286533094e-04
24,1264,-7.3810167330e-04
24,1265,3.8783300890e-03
24,1722,-6.5651146657e-03
24,1723,-5.4512551536e-03
24,1724,3.4006451331e-04
24,1725,7.3146744090e-03
24,1726,4.8861746531e-03
24,1727,-2.6786381222e-03
24,1764,-5.6132013523e-03
24,1765,5.1281709555e-03
24,1766,-3.6229399439e-05
24,1767,-7.0535036407e-03
24,1768,5.8166965316e-03
24,1769,-4.0904857020e-03
25,24,1.2671088553e-03
25,25,5.1652133968e-02
25,26,1.9381158965e-03
25,27,-6.2720305701e-04
25,28,5.8835339537e-04
25,29,1.7741965236e-03
25,60,-5.7370354650e-03
25,61,3.3594178412e-03
25,62,3.1429722164e-03
25,63,7.5780161598e-03
25,64,-3.7692658565e-03
25,65,-5.2959944126e-03
25,732,-8.5333078416e-03
25,733,1.4196087785e-02
25,734,-1.6865921534e-02
25,735,-9.3464798507e-04
25,736,1.4572121133e-03
25,737,7.6607779775e-03
25,1038,5.5312485492e-03
25,1039,2.7469423515e-03
25,1040,-3.8158697917e-03
25,1041,7.6101725954e-03
25,1042,3.2833285227e-03
25,1043,5.8857642975e-03
25,1260,6.8967160619e-03
25,1261,1.1692677563e-02
25,1262,1.4449781475e-02
25,1263,7.6380260322e-04
25,1264,1.2731277559e-03
25,1265,-6.5732087815e-03
25,1722,5.5068164627e-03
25,1723,2.8523937676e-03
25,1724,-3.4789895822e-03
25,1725,-7.3107428465e-03
25,1726,-3.1578071513e-03
25,1727,5.1746723396e-03
25,1764,-4.9315466225e-03
25,1765,3.4906353350e-03
25,1766,2.0412340528e-03
25,1767,-6.8578645078e-03
25,1768,4.4389659563e-03
25,1769,-5.4508145441e-03
26,24,1.7260008410e-02
26,25,1.9381158965e-03
26,26,6.6389101203e-02
26,27,5.3228881044e-04
26,28,-7.8293893519e-04
26,29,-3.6899245862e-02
26,60,-2.8129077377e-06
26,61,-3.1136368719e-03
26,62,5.6329473962e-03
26,63,2.1683900578e-03
26,64,1.8804423995e-03
26,65,-5.6461022665e-03
26,732,-1.0202031831e-02
26,733,1.6957765034e-02
26,734,-2.0110160294e-02
26,735,-1.2562973773e-03
26,736,1.9717221055e-03
26,737,9.1262708628e-03
26,1038,9.6239328848e-04
26,1039,4.1357411838e-03
26,1040,5.7213067395e-03
26,1041,-1.0743215153e-03
26,1042,3.0498038034e-03
26,1043,-5.3551944865e-03
26,1260,-8.5257414272e-03
26,1261,-1.4448873903e-02
26,1262,-1.7841208094e-02
26,1263,-9.7705784603e-04
26,1264,-1.6289049562e-03
26,1265,8.1177839485e-03
26,1722,2.7211812361e-04
26,1723,3.4522446903e-03
26,1724,5.5248548883e-03
26,1725,1.9010105075e-03
26,1726,-2.2423523153e-03
26,1727,-5.5904363504e-03
26,1764,2.3606634402e-04
26,1765,-2.2092479135e-03
26,1766,3.8903395007e-03
26,1767,-1.0017479959e-03
26,1768,-1.6704178943e-03
26,1769,-3.5538411841e-03
27,24,1.0844819817e-04
27,25,-6.2720305701e-04
27,26,5.3228881044e-04
27,27,4.2198038663e-02
27,28,2.8675421264e-03
27,29,-9.4120491536e-05
27,60,-7.9677584376e-03
27,61,7.8521307060e-03
27,62,-1.7927900114e-03
27,63,8.3089332700e-03
27,64,-6.9120237597e-03
27,65,-1.7704617632e-03
27,732,3.1635577781e-04
27,733,-5.8661863632e-04
27,734,8.4977241374e-04
27,735,-9.4078223793e-04
27,736,1.5631404802e-03
27,737,-5.0890600572e-04
27,1038,8.3415814467e-03
27,1039,8.2048877722e-03
27,1040,1.9105071929e-03
27,1041,8.8116844024e-03
27,1042,7.3667741009e-03
27,1043,2.0339300033e-03
27,1260,-1.0842813276e-04
27,1261,-1.7090044968e-04
27,1262,-1.7815658939e-04
27,1263,-5.6745941068e-04
27,1264,-9.6049392677e-04
27,1265,-3.1896207309e-05
27,1722,-7.8335534137e-03
27,1723,-7.5389332401e-03
27,1724,-1.5148644220e-03
27,1725,8.0196454395e-03
27,1726,6.3946516314e-03
27,1727,-1.4315573761e-03
27,1764,7.1433545613e-03
27,1765,-7.1314062035e-03
27,1766,1.2826350352e-03
27,1767,8.5808688337e-03
27,1768,-7.8016854581e-03
27,1769,4.0945004757e-03
28,24,-6.2720305701e-04
28,25,5.8835339537e-04
28,26,-7.8293893519e-04
28,27,2.8675421264e-03
28,28,2.8659919257e-02
28,29,-1.6116901217e-03
28,60,-5.9862412849e-03
28,61,4.0802384060e-03
28,62,2.3784086376e-03
28,63,7.5064259928e-03
28,64,-4.3652788853e-03
28,65,-4.4142765258e-03
28,732,4.7141944042e-04
28,733,-8.8452540524e-04
28,734,1.3047901891e-03
28,735,-1.5721624057e-03
28,736,2.6106510217e-03
28,737,-8.0691476837e-04
28,1038,-5.2359056222e-03
28,1039,-3.0789952764e-03
28,1040,2.9890023253e-03
28,1041,-6.8888104492e-03
28,1042,-3.5563294040e-03
28,1043,-4.6420097000e-03
28,1260,1.9687510999e-04
28,1261,3.1180637980e-04
28,1262,3.2917819752e-04
28,1263,9.6397958438e-04
28,1264,1.6313215496e-03
28,1265,4.3322871291e-05
28,1722,5.5447965739e-03
28,1723,3.4192694186e-03
28,1724,-2.7294058248e-03
28,1725,-6.9859947909e-03
28,1726,-3.6260382810e-03
28,1727,4.1622478485e-03
28,1764,5.6362588398e-03
28,1765,-4.3896102151e-03
28,1766,-1.6133123417e-03
28,1767,7.5761645357e-03
28,1768,-5.3941618906e-03
28,1769,5.4527945003e-03
29,24,7.4154697110e-03
29,25,1.7741965236e-03
29,26,-3.6899245862e-02
29,27,-9.4120491536e-05
29,28,-1.6116901217e-03
29,29,3.6502908328e-02
29,60,-4.0732080270e-03
29,61,6.1354094382e-03
29,62,-5.1574588276e-03
29,63,2.7703722165e-03
29,64,-4.5597184353e-03
29,65,2.7496254697e-03
29,732,4.5767971645e-03
29,733,-7.6087159288e-03
29,734,9.0256395802e-03
29,735,6.0655478273e-04
29,736,-9.6642790439e-04
29,737,-4.2698207933e-03
29,1038,-3.7213742369e-03
29,1039,-6.1827714269e-03
29,1040,-5.8017021760e-03
29,1041,-2.2740810120e-03
29,1042,-4.6725654744e-03
29,1043,3.2646345789e-03
29,1260,3.9166780615e-03
29,1261,6.6423358301e-03
29,1262,8.2137248027e-03
29,1263,3.9334526199e-04
29,1264,6.5627108547e-04
29,1265,-3.8187094904e-03
29,1722,-3.8000356855e-03
29,1723,-5.9153030916e-03
29,1724,-5.0903056559e-03
29,1725,2.3441057398e-03
29,1726,4.2343140848e-03
29,1727,3.0811725993e-03
29,1764,-4.3143269877e-03
29,1765,5.6639780054e-03
29,1766,-3.6116473745e-03
29,1767,-4.2961481640e-03
29,1768,5.5690076820e-03
29,1769,-1.0255904744e-05
30,30,3.4407632156e-02
30,31,2.0771275193e-04
30,32,2.0448654446e-02
30,33,8.2329873104e-04
30,34,-1.1720737542e-03
30,35,9.9766689201e-03
30,174,-5.3884371729e-03
30,175,-8.9070924733e-03
30,176,-1.0440943814e-02
30,177,3.7215105940e-04
30,178,5.2680231672e-04
30,179,4.5547494703e-03
30,984,-6.8066083088e-03
30,985,-5.5049964461e-03
30,986,5.1791318496e-04
30,987,-8.3030890392e-03
30,988,-5.6694892767e-03
30,989,-4.3593726534e-03
30,1386,-5.7547436294e-03
30,1387,9.6710675932e-03
30,1388,-1.1736298511e-02
30,1389,-7.8482091894e-04
30,1390,1.2651592758e-03
30,1391,4.5592480004e-03
30,1542,-4.1420277077e-03
30,1543,-4.1636548121e-03
30,1544,-6.7270466278e-04
30,1545,5.6576439243e-03
30,1546,5.3723035820e-03
30,1547,-4.2065229064e-03
30,1710,-7.1470524830e-03
30,1711,3.8475298277e-03
30,1712,1.9336336834e-03
30,1713,9.4727834120e-03
30,1714,-3.9749120917e-03
30,1715,-6.4682028787e-03
30,1872,-5.1687628538e-03
30,1873,4.0312988862e-03
30,1874,1.0505698185e-03
30,1875,-6.8523001374e-03
30,1876,4.7998576744e-03
30,1877,-4.6819617093e-03
31,30,2.0771275193e-04
31,31,5.3879633471e-02
31,32,2.5904049885e-03
31,33,-1.1720737542e-03
31,34,2.6109152358e-03
31,35,-9.7014024785e-04
31,174,8.9024176241e-03
31,175,1.4707184195e-02
31,176,1.7218221693e-02
31,177,-7.0403271017e-04
31,178,-1.0171864752e-03
31,179,-7.5112804943e-03
31,984,5.5099663349e-03
31,985,2.5653181678e-03
31,986,-3.8390666584e-03
31,987,7.7653067592e-03
31,988,3.1270234985e-03
31,989,6.3764394860e-03
31,1386,-9.6606923162e-03
31,1387,1.6230745353e-02
31,1388,-1.9685419554e-02
31,1389,-1.3730720831e-03
31,1390,2.2166432199e-03
31,1391,7.6368267205e-03
31,1542,4.1664515512e-03
31,1543,3.6631570537e-03
31,1544,-5.0352193486e-04
31,1545,-5.9856154277e-03
31,1546,-4.9829499060e-03
31,1547,5.1311406440e-03
31,1710,-4.6308626477e-03
31,1711,-5.4700238260e-04
31,1712,4.9122850505e-03
31,1713,7.1582465313e-03
31,1714,9.0436841468e-04
31,1715,-7.2153151152e-03
31,1872,-4.4949932982e-03
31,1873,2.4280794282e-03
31,1874,2.7931737452e-03
31,1875,-6.4983891502e-03
31,1876,3.1660442541e-03
31,1877,-5.6703763472e-03
32,30,2.0448654446e-02
32,31,2.5904049885e-03
32,32,6.9554487104e-02
32,33,1.9622612846e-03
32,34,2.9048080277e-04
32,35,-3.3933448658e-02
32,174,-1.0423759568e-02
32,175,-1.7198889660e-02
32,176,-2.0080483042e-02
32,177,1.0494020542e-03
32,178,1.5613527188e-03
32,179,8.7586611037e-03
32,984,5.1226400931e-04
32,985,3.8372069718e-03
32,986,5.6253337026e-03
32,987,-1.2647296046e-03
32,988,3.3332360857e-03
32,989,-4.9860445773e-03
32,1386,-1.1697284070e-02
32,1387,1.9641027529e-02
32,1388,-2.3792374457e-02
32,1389,-1.8038307313e-03
32,1390,2.9197720778e-03
32,1391,9.2031386105e-03
32,1542,-6.0420634321e-04
32,1543,5.7362376793e-04
32,1544,2.4896701331e-03
32,1545,1.4879358195e-03
32,1546,-1.9676532026e-04
32,1547,-2.6583587691e-03
32,1710,1.5501774240e-03
32,1711,-5.2389548460e-03
32,1712,3.5888645941e-03
32,1713,-5.7616447951e-04
32,1714,6.2919805601e-03
32,1715,-3.1242684276e-03
32,1872,2.1415410132e-04
32,1873,-2.2627670993e-03
32,1874,3.3863602330e-03
32,1875,-7.6482592285e-04
32,1876,-2.2598291554e-03
32,1877,-2.9709711545e-03
33,30,8.2329873104e-04
33,31,-1.1720737542e-03
33,32,1.9622612846e-03
33,33,4.3842722024e-02
33,34,-6.5570596082e-04
33,35,1.9097014806e-03
33,174,-7.9446185585e-04
33,175,-1.4020110218e-03
33,176,-1.8674854870e-03
33,177,-1.2419175195e-03
33,178,-2.0597887839e-03
33,179,8.7181167970e-04
33,984,8.2383710167e-03
33,985,7.7271227387e-03
33,986,1.2976266320e-03
33,987,9.4609403432e-03
33,988,7.6840506217e-03
33,989,3.6705828785e-03
33,1386,-2.2838587816e-05
33,1387,-1.5693811887e-05
33,1388,1.5662361757e-04
33,1389,-1.5842736203e-03
33,1390,2.6548446631e-03
33,1391,-4.6408139864e-04
33,1542,-5.6241880295e-03
33,1543,-5.9745034145e-03
33,1544,-1.6348209470e-03
33,1545,7.5010641098e-03
33,1546,7.5510549352e-03
33,1547,-5.1586895510e-03
33,1710,-9.3960628416e-03
33,1711,6.2115344682e-03
33,1712,1.1538439940e-03
33,1713,1.2065569289e-02
33,1714,-6.5453642155e-03
33,1715,-7.3534355324e-03
33,1872,6.7758815670e-03
33,1873,-5.8480599992e-03
33,1874,-3.9482353088e-04
33,1875,8.6999425753e-03
33,1876,-6.8183839802e-03
33,1877,5.2989778265e-03
34,30,-1.1720737542e-03
34,31,2.6109152358e-03
34,32,2.9048080277e-04
34,33,-6.5570596082e-04
34,34,3.5627002213e-02
34,35,-5.3093633978e-03
34,174,1.2226731545e-03
34,175,2.1664717249e-03
34,176,2.9063203057e-03
34,177,2.0448715100e-03
34,178,3.3884301651e-03
34,179,-1.3815164308e-03
34,984,-5.6045907666e-03
34,985,-3.1055062462e-03
34,986,3.2721430750e-03
34,987,-7.6237678497e-03
34,988,-3.6943085728e-03
34,989,-5.6553311250e-03
34,1386,-9.4386753047e-05
34,1387,6.7827141137e-05
34,1388,1.4861833009e-04
34,1389,-2.6674404397e-03
34,1390,4.4683632490e-03
34,1391,-7.4837429449e-04
34,1542,5.3554178210e-03
34,1543,4.9932821331e-03
34,1544,-4.3485959822e-05
34,1545,-7.5329057937e-03
34,1546,-6.6505658334e-03
34,1547,6.0927266881e-03
34,1710,-5.0397378925e-03
34,1711,-5.3625096530e-04
34,1712,5.7134894333e-03
34,1713,7.7698265937e-03
34,1714,7.8501719206e-04
34,1715,-7.7421455661e-03
34,1872,5.3326981908e-03
34,1873,-3.2362115863e-03
34,1874,-2.7985305506e-03
34,1875,7.5305712900e-03
34,1876,-4.1351272297e-03
34,1877,6.1704170372e-03
35,30,9.9766689201e-03
35,31,-9.7014024785e-04
35,32,-3.3933448658e-02
35,33,1.9097014806e-03
35,34,-5.3093633978e-03
35,35,3.8109847209e-02
35,174,4.4347175829e-03
35,175,7.3013289330e-03
35,176,8.4833382951e-03
35,177,-7.3380992665e-04
35,178,-1.1573274020e-03
35,179,-3.9946504542e-03
35,984,-4.2077105702e-03
35,985,-6.2831268205e-03
35,986,-5.0544003680e-03
35,987,-3.5395422245e-03
35,988,-5.6470584503e-03
35,989,1.6000374894e-03
35,1386,4.6533146488e-03
35,1387,-7.8205538059e-03
35,1388,9.4913263255e-03
35,1389,6.2057865351e-04
35,1390,-1.0127739821e-03
35,1391,-4.1253455420e-03
35,1542,-4.1134498833e-03
35,1543,-5.1093892536e-03
35,1544,-2.8831315744e-03
35,1545,5.0688072480e-03
35,1546,6.1010173767e-03
35,1547,-2.5061936525e-03
35,1710,-6.2642968920e-03
35,1711,6.7625940763e-03
35,1712,-2.5720976995e-03
35,1713,7.1619245137e-03
35,1714,-7.3072050817e-03
35,1715,-2.3092906340e-03
35,1872,-4.4792438063e-03
35,1873,5.1447635192e-03
35,1874,-2.0305226469e-03
35,1875,-5.1088067793e-03
35,1876,5.6741334815e-03
35,1877,-1.6142848774e-03
36,36,3.4653655335e-02
36,37,-1.0323809238e-03
36,38,9.0930822689e-03
36,39,-1.1478713834e-03
36,40,3.7377884739e-04
36,41,2.0172287504e-02
36,294,-6.6093181786e-03
36,295,8.0996323157e-03
36,296,-4.2997791400e-03
36,297,5.1981960726e-03
36,298,-5.3529408900e-03
36,299,6.4088272572e-04
36,324,-5.0483324334e-03
36,325,-6.5159932198e-03
36,326,-4.0942893033e-03
36,327,4.9629602002e-03
36,328,5.8755255452e-03
36,329,-8.5079981611e-04
36,354,-5.6479830216e-03
36,355,7.0578395730e-03
36,356,-4.0026605641e-03
36,357,-5.1671593548e-03
36,358,5.7591802011e-03
36,359,-2.9674532274e-04
36,756,-6.1646751017e-03
36,757,-4.6455060867e-04
36,758,4.9536593637e-03
36,759,-1.0178642549e-02
36,760,-6.3513949892e-04
36,761,-1.1908276707e-02
36,834,-5.5302088629e-03
36,835,-9.9960877901e-04
36,836,4.6650188304e-03
36,837,9.0373708983e-03
36,838,1.5054167275e-03
36,839,-1.0343790976e-02
36,1308,-5.6531377367e-03
36,1309,-7.8672874733e-03
36,1310,-6.1391708242e-03
36,1311,-3.8193441083e-03
36,1312,-4.7727896219e-03
36,1313,1.7691817164e-03
37,36,-1.0323809238e-03
37,37,4.3779704834e-02
37,38,-3.1258556648e-03
37,39,3.7377884739e-04
37,40,-2.6476084584e-03
37,41,-8.2139886059e-04
37,294,-8.0057924345e-03
37,295,9.2636400531e-03
37,296,-3.7083187450e-03
37,297,7.3412897480e-03
37,298,-7.3338049654e-03
37,299,-1.0610971565e-03
37,324,6.6681834455e-03
37,325,8.3242002396e-03
37,326,4.5924197028e-03
37,327,-7.0485634607e-03
37,328,-8.1195026119e-03
37,329,2.2078482760e-03
37,354,-7.0001718881e-03
37,355,8.3275788775e-03
37,356,-3.7873529435e-03
37,357,-7.1157680961e-03
37,358,7.6428921792e-03
37,359,-1.8233735755e-03
37,756,9.1891759784e-04
37,757,-1.6674947336e-03
37,758,-1.0310477239e-03
37,759,1.6519015636e-03
37,760,-2.7627534305e-03
37,761,2.2722159761e-03
37,834,5.9969880329e-04
37,835,-1.1185794006e-03
37,836,-1.0017954864e-03
37,837,-1.1133758275e-03
37,838,1.8177522751e-03
37,839,1.6089947824e-03
37,1308,7.8515453998e-03
37,1309,1.0726342497e-02
37,1310,7.9029178055e-03
37,1311,5.8507244400e-03
37,1312,7.2534343960e-03
37,1313,-1.6321799460e-03
38,36,9.0930822689e-03
38,37,-3.1258556648e-03
38,38,3.9231921420e-02
38,39,-1.6431846105e-03
38,40,-6.4890332168e-04
38,41,-3.4588017076e-02
38,294,-4.0777511681e-03
38,295,3.5146508532e-03
38,296,1.3642532894e-03
38,297,6.0369050511e-03
38,298,-5.5266819688e-03
38,299,-4.7460638347e-03
38,324,-4.4943975514e-03
38,325,-4.9663752530e-03
38,326,-1.2520296221e-03
38,327,5.8749067662e-03
38,328,6.2653506915e-03
38,329,-4.0072552675e-03
38,354,-3.8617158302e-03
38,355,3.6616814004e-03
38,356,4.8433403446e-04
38,357,-5.5048928516e-03
38,358,5.2894430726e-03
38,359,-4.3263134618e-03
38,756,4.7543269472e-03
38,757,9.3714856745e-04
38,758,-4.2121151701e-03
38,759,7.8051011276e-03
38,760,1.4761486252e-03
38,761,9.0152731135e-03
38,834,4.6802795175e-03
38,835,1.1434984960e-03
38,836,-4.1000460793e-03
38,837,-7.6160947446e-03
38,838,-1.7808398618e-03
38,839,8.6326997241e-03
38,1308,-6.0938241839e-03
38,1309,-7.8581531819e-03
38,1310,-4.6879311341e-03
38,1311,-5.8130614821e-03
38,1312,-7.0670243817e-03
38,1313,-7.0768649177e-04
39,36,-1.1478713834e-03
39,37,3.7377884739e-04
39,38,-1.6431846105e-03
39,39,5.3288988476e-02
39,40,-1.7869011843e-03
39,41,-2.7485415192e-03
39,294,-5.2440632597e-03
39,295,7.4353602454e-03
39,296,-6.1760435003e-03
39,297,2.1906232997e-03
39,298,-2.6707893355e-03
39,299,3.9094020501e-03
39,324,-4.1711768489e-03
39,325,-5.9085887282e-03
39,326,-4.8974110021e-03
39,327,3.1780518301e-03
39,328,4.1797215143e-03
39,329,1.3251087279e-03
39,354,5.2393038153e-03
39,355,-7.2481835894e-03
39,356,5.6718837646e-03
39,357,3.5995318415e-03
39,358,-4.4920837310e-03
39,359,-2.1667715166e-03
39,756,1.0182823319e-02
39,757,8.9797031017e-04
39,758,-8.1604545470e-03
39,759,1.6802303870e-02
39,760,1.2639867463e-03
39,761,1.9630229835e-02
39,834,-9.0702690116e-03
39,835,-1.7596439062e-03
39,836,7.6026802580e-03
39,837,1.4808772939e-02
39,838,2.6629562739e-03
39,839,-1.6915089755e-02
39,1308,4.2112533698e-03
39,1309,6.3742697547e-03
39,1310,6.1715756745e-03
39,1311,1.4318927065e-03
39,1312,1.9356090803e-03
39,1313,-3.4530275880e-03
40,36,3.7377884739e-04
40,37,-2.6476084584e-03
40,38,-6.4890332168e-04
40,39,-1.7869011843e-03
40,40,3.4298177767e-02
40,41,1.3295678976e-03
40,294,-5.3138554868e-03
40,295,7.2997375653e-03
40,296,-5.5403689946e-03
40,297,2.6658769704e-03
40,298,-3.1965617630e-03
40,299,3.4501362539e-03
40,324,5.0197624049e-03
40,325,6.9387661846e-03
40,326,5.3712076175e-03
40,327,-4.1237139207e-03
40,328,-5.2884226129e-03
40,329,-1.0176722272e-03
40,354,5.7767224343e-03
40,355,-7.6979776516e-03
40,356,5.3861836987e-03
40,357,4.4654473660e-03
40,358,-5.3757865382e-03
40,359,-1.5073337636e-03
40,756,-1.3841789220e-03
40,757,2.7449749214e-03
40,758,1.6252626008e-03
40,759,-2.5062624265e-03
40,760,4.5428011782e-03
40,761,-3.4888185232e-03
40,834,8.5814022806e-04
40,835,-1.8442625285e-03
40,836,-1.5558080494e-03
