0,0,6.0539641149e-04
0,1,3.0121866531e-05
0,2,-1.3703785684e-04
0,3,4.6162066403e-07
0,4,1.8063050667e-05
0,5,-2.2976899819e-04
1,0,3.0121866531e-05
1,1,4.8282602613e-04
1,2,-1.1734082993e-06
1,3,1.8063050667e-05
1,4,1.6053580439e-05
1,5,3.0818015839e-05
2,0,-1.3703785684e-04
2,1,-1.1734082993e-06
2,2,4.9250614219e-04
2,3,1.7432340979e-05
2,4,1.0709539843e-05
2,5,-4.7233020401e-05
3,0,4.6162066403e-07
3,1,1.8063050667e-05
3,2,1.7432340979e-05
3,3,3.9988477186e-04
3,4,5.7686337870e-05
3,5,-6.8824394286e-06
4,0,1.8063050667e-05
4,1,1.6053580439e-05
4,2,1.0709539843e-05
4,3,5.7686337870e-05
4,4,2.3952797018e-04
4,5,9.0579186030e-06
5,0,-2.2976899819e-04
5,1,3.0818015839e-05
5,2,-4.7233020401e-05
5,3,-6.8824394286e-06
5,4,9.0579186030e-06
5,5,4.0545037689e-04
6,6,6.1995807431e-04
6,7,-7.1233417777e-05
6,8,-2.0890149206e-04
6,9,-4.4086270334e-05
6,10,-8.6508937902e-07
6,11,-2.3241625874e-04
7,6,-7.1233417777e-05
7,7,4.3311089957e-04
7,8,-4.9712259069e-05
7,9,-8.6508937902e-07
7,10,-5.9538737260e-05
7,11,-2.1939811726e-06
8,6,-2.0890149206e-04
8,7,-4.9712259069e-05
8,8,4.5154543916e-04
8,9,-1.7276383233e-05
8,10,-8.2381415083e-06
8,11,-1.8995749766e-05
9,6,-4.4086270334e-05
9,7,-8.6508937902e-07
9,8,-1.7276383233e-05
9,9,4.1207865286e-04
9,10,-7.3195774194e-05
9,11,-1.5849865009e-05
10,6,-8.6508937902e-07
10,7,-5.9538737260e-05
10,8,-8.2381415083e-06
10,9,-7.3195774194e-05
10,10,2.1003487831e-04
10,11,2.7961322994e-05
11,6,-2.3241625874e-04
11,7,-2.1939811726e-06
11,8,-1.8995749766e-05
11,9,-1.5849865009e-05
11,10,2.7961322994e-05
11,11,4.3375858123e-04
12,12,6.3551964619e-04
12,13,-3.5145721040e-05
12,14,-2.5883021638e-04
12,15,-1.5342983211e-05
12,16,7.1676403094e-06
12,17,-1.9062941180e-04
13,12,-3.5145721040e-05
13,13,4.0401486280e-04
13,14,-2.7034446812e-05
13,15,7.1676403094e-06
13,16,-1.1246880110e-05
13,17,1.6095644717e-06
14,12,-2.5883021638e-04
14,13,-2.7034446812e-05
14,14,4.3683323975e-04
14,15,4.5795824892e-06
14,16,5.6144162533e-06
14,17,-4.3575261773e-05
15,12,-1.5342983211e-05
15,13,7.1676403094e-06
15,14,4.5795824892e-06
15,15,4.6501551687e-04
15,16,-3.3706082811e-05
15,17,-1.7020431955e-05
16,12,7.1676403094e-06
16,13,-1.1246880110e-05
16,14,5.6144162533e-06
16,15,-3.3706082811e-05
16,16,1.9865052406e-04
16,17,8.9526829348e-07
17,12,-1.9062941180e-04
17,13,1.6095644717e-06
17,14,-4.3575261773e-05
17,15,-1.7020431955e-05
17,16,8.9526829348e-07
17,17,4.9038676518e-04
18,18,6.3101273182e-04
18,19,-1.3091379096e-06
18,20,-5.5620063250e-05
18,21,-1.3892269878e-04
18,22,-1.0942225361e-06
18,23,-1.1684060668e-04
19,18,-1.3091379096e-06
19,19,5.8126463489e-04
19,20,-1.4456266214e-06
19,21,-1.0942225361e-06
19,22,-1.9915351714e-04
19,23,1.6989735624e-07
20,18,-5.5620063250e-05
20,19,-1.4456266214e-06
20,20,6.0481135890e-04
20,21,-6.7340102096e-05
20,22,-6.1157768526e-07
20,23,-3.4402646200e-05
21,18,-1.3892269878e-04
21,19,-1.0942225361e-06
21,20,-6.7340102096e-05
21,21,5.2650731620e-04
21,22,-1.1571770945e-06
21,23,-1.8067058611e-04
22,18,-1.0942225361e-06
22,19,-1.9915351714e-04
22,20,-6.1157768526e-07
22,21,-1.1571770945e-06
22,22,4.4923710230e-04
22,23,-4.7013255657e-07
23,18,-1.1684060668e-04
23,19,1.6989735624e-07
23,20,-3.4402646200e-05
23,21,-1.8067058611e-04
23,22,-4.7013255657e-07
23,23,5.4492194482e-04
24,24,6.1654336052e-04
24,25,1.7520580183e-05
24,26,-1.6273746824e-04
24,27,2.0880396075e-06
24,28,-1.3600588791e-05
24,29,-2.8755182616e-04
25,24,1.7520580183e-05
25,25,4.7098654393e-04
25,26,1.4382904262e-06
25,27,-1.3600588791e-05
25,28,3.7793785593e-06
25,29,7.9610477982e-06
26,24,-1.6273746824e-04
26,25,1.4382904262e-06
26,26,5.2688507972e-04
26,27,1.8909744347e-06
26,28,-1.8241475093e-06
26,29,-5.9394012246e-05
27,24,2.0880396075e-06
27,25,-1.3600588791e-05
27,26,1.8909744347e-06
27,27,3.5934918838e-04
27,28,2.4641157803e-05
27,29,-1.6589979248e-06
28,24,-1.3600588791e-05
28,25,3.7793785593e-06
28,26,-1.8241475093e-06
28,27,2.4641157803e-05
28,28,1.6627716199e-04
28,29,-5.4774501874e-06
29,24,-2.8755182616e-04
29,25,7.9610477982e-06
29,26,-5.9394012246e-05
29,27,-1.6589979248e-06
29,28,-5.4774501874e-06
29,29,4.2465161725e-04
30,30,6.4112104797e-04
30,31,5.3891034634e-06
30,32,-1.4326069488e-04
30,33,1.7634633299e-05
30,34,-3.0557679860e-05
30,35,-2.6599805208e-04
31,30,5.3891034634e-06
31,31,5.1298478706e-04
31,32,1.9810554532e-05
31,33,-3.0557679860e-05
31,34,2.4874310372e-05
31,35,-1.2387844809e-05
32,30,-1.4326069488e-04
32,31,1.9810554532e-05
32,32,5.4436956004e-04
32,33,8.0942050358e-06
32,34,7.7123264188e-06
32,35,-6.3588375092e-05
33,30,1.7634633299e-05
33,31,-3.0557679860e-05
33,32,8.0942050358e-06
33,33,4.0320515743e-04
33,34,-5.6909217720e-06
33,35,9.7815116144e-06
34,30,-3.0557679860e-05
34,31,2.4874310372e-05
34,32,7.7123264188e-06
34,33,-5.6909217720e-06
34,34,2.2419819646e-04
34,35,-2.8261910906e-05
35,30,-2.6599805208e-04
35,31,-1.2387844809e-05
35,32,-6.3588375092e-05
35,33,9.7815116144e-06
35,34,-2.8261910906e-05
35,35,4.3182793423e-04
36,36,6.1101285669e-04
36,37,-2.0452071969e-05
36,38,-2.5132243889e-04
36,39,-1.8477821123e-05
36,40,-2.2126402827e-06
36,41,-1.5713383947e-04
37,36,-2.0452071969e-05
37,37,3.8622323364e-04
37,38,-1.7893761615e-05
37,39,-2.2126402827e-06
37,40,-2.1356403985e-05
37,41,4.8372710964e-06
38,36,-2.5132243889e-04
38,37,-1.7893761615e-05
38,38,4.1297427154e-04
38,39,-3.2183534781e-06
38,40,-4.4417355473e-06
38,41,-5.4229840575e-05
39,36,-1.8477821123e-05
39,37,-2.2126402827e-06
39,38,-3.2183534781e-06
39,39,4.7046807804e-04
39,40,-1.6125485170e-05
39,41,-1.4081610185e-05
40,36,-2.2126402827e-06
40,37,-2.1356403985e-05
40,38,-4.4417355473e-06
40,39,-1.6125485170e-05
40,40,2.0229458254e-04
40,41,7.5568075434e-06
41,36,-1.5713383947e-04
41,37,4.8372710964e-06
41,38,-5.4229840575e-05
41,39,-1.4081610185e-05
41,40,7.5568075434e-06
41,41,4.9896657037e-04
42,42,6.6651200842e-04
42,43,2.5688464414e-05
42,44,-1.5863552803e-04
42,45,3.2403869743e-05
42,46,-3.3883698896e-05
42,47,-2.8606348908e-04
43,42,2.5688464414e-05
43,43,5.2462407868e-04
43,44,5.3499706414e-05
43,45,-3.3883698896e-05
43,46,4.0540588284e-05
43,47,-2.6087946720e-05
44,42,-1.5863552803e-04
44,43,5.3499706414e-05
44,44,5.7396729125e-04
44,45,9.0971278858e-06
44,46,-1.1957866981e-05
44,47,-6.7642824788e-05
45,42,3.2403869743e-05
45,43,-3.3883698896e-05
45,44,9.0971278858e-06
45,45,4.1064904543e-04
45,46,2.3546955106e-06
45,47,1.4184385698e-05
46,42,-3.3883698896e-05
46,43,4.0540588284e-05
46,44,-1.1957866981e-05
46,45,2.3546955106e-06
46,46,2.1464685586e-04
46,47,-1.1805225257e-05
47,42,-2.8606348908e-04
47,43,-2.6087946720e-05
47,44,-6.7642824788e-05
47,45,1.4184385698e-05
47,46,-1.1805225257e-05
47,47,4.5427723500e-04
48,48,6.1221879434e-04
48,49,1.8121359502e-05
48,50,-1.6764951753e-04
48,51,2.7602510768e-05
48,52,1.4937412104e-05
48,53,-2.3422017747e-04
49,48,1.8121359502e-05
49,49,4.6226850730e-04
49,50,-5.7545162500e-06
49,51,1.4937412104e-05
49,52,3.8689632521e-05
49,53,2.1360900565e-05
50,48,-1.6764951753e-04
50,49,-5.7545162500e-06
50,50,4.6821116718e-04
50,51,1.2395778957e-05
50,52,7.6540877545e-06
50,53,-3.7829267352e-05
51,48,2.7602510768e-05
51,49,1.4937412104e-05
51,50,1.2395778957e-05
51,51,4.0272589893e-04
51,52,3.7227129792e-05
51,53,1.7597033467e-05
52,48,1.4937412104e-05
52,49,3.8689632521e-05
52,50,7.6540877545e-06
52,51,3.7227129792e-05
52,52,2.2251219801e-04
52,53,1.0968954832e-05
53,48,-2.3422017747e-04
53,49,2.1360900565e-05
53,50,-3.7829267352e-05
53,51,1.7597033467e-05
53,52,1.0968954832e-05
53,53,4.1507933646e-04
54,54,6.2141693103e-04
54,55,2.9176912064e-05
54,56,-2.2551870865e-04
54,57,2.3095208976e-06
54,58,-5.1827680050e-06
54,59,-2.4187090197e-04
55,54,2.9176912064e-05
55,55,4.1970686593e-04
55,56,1.5802627740e-05
55,57,-5.1827680050e-06
55,58,7.8368095162e-06
55,59,4.8618763190e-06
56,54,-2.2551870865e-04
56,55,1.5802627740e-05
56,56,4.4541357290e-04
56,57,6.1796965412e-06
56,58,-6.4626098790e-06
56,59,-2.6642776668e-05
57,54,2.3095208976e-06
57,55,-5.1827680050e-06
57,56,6.1796965412e-06
57,57,4.0508101959e-04
57,58,3.3525506443e-05
57,59,-5.6397539612e-06
58,54,-5.1827680050e-06
58,55,7.8368095162e-06
58,56,-6.4626098790e-06
58,57,3.3525506443e-05
58,58,1.8205673316e-04
58,59,4.1831010439e-06
59,54,-2.4187090197e-04
59,55,4.8618763190e-06
59,56,-2.6642776668e-05
59,57,-5.6397539612e-06
59,58,4.1831010439e-06
59,59,4.3549599780e-04
60,60,6.3698785582e-04
60,61,3.5347755590e-06
60,62,-7.5040515157e-05
60,63,1.6524920694e-04
60,64,-1.1219626484e-05
60,65,-1.2655265947e-04
61,60,3.5347755590e-06
61,61,5.6986957863e-04
61,62,-2.0093891718e-06
61,63,-1.1219626484e-05
61,64,2.3042604499e-04
61,65,-2.8634973567e-06
62,60,-7.5040515157e-05
62,61,-2.0093891718e-06
62,62,5.9589068786e-04
62,63,7.2869920217e-05
62,64,-1.4815292313e-05
62,65,-2.7709891886e-05
63,60,1.6524920694e-04
63,61,-1.1219626484e-05
63,62,7.2869920217e-05
63,63,5.2379571609e-04
63,64,9.7358566183e-07
63,65,1.9411468580e-04
64,60,-1.1219626484e-05
64,61,2.3042604499e-04
64,62,-1.4815292313e-05
64,63,9.7358566183e-07
64,64,4.3450952540e-04
64,65,-2.3801562262e-06
65,60,-1.2655265947e-04
65,61,-2.8634973567e-06
65,62,-2.7709891886e-05
65,63,1.9411468580e-04
65,64,-2.3801562262e-06
65,65,5.5906629251e-04
66,66,6.4436868359e-04
66,67,1.5695486111e-04
66,68,-1.2319218506e-04
66,69,1.4249699838e-06
66,70,-3.7045496741e-06
66,71,-6.7895281154e-05
67,66,1.5695486111e-04
67,67,5.3418224355e-04
67,68,1.9266518618e-04
67,69,-3.7045496741e-06
67,70,3.6997139388e-06
67,71,7.4148114590e-05
68,66,-1.2319218506e-04
68,67,1.9266518618e-04
68,68,5.6170800087e-04
68,69,2.5432410573e-06
68,70,-2.2373922347e-06
68,71,-2.8148472003e-05
69,66,1.4249699838e-06
69,67,-3.7045496741e-06
69,68,2.5432410573e-06
69,69,5.8364129798e-04
69,70,2.2327495096e-04
69,71,-3.2005940607e-06
70,66,-3.7045496741e-06
70,67,3.6997139388e-06
70,68,-2.2373922347e-06
70,69,2.2327495096e-04
70,70,4.5093608034e-04
70,71,-1.9080939830e-07
71,66,-6.7895281154e-05
71,67,7.4148114590e-05
71,68,-2.8148472003e-05
71,69,-3.2005940607e-06
71,70,-1.9080939830e-07
71,71,6.0773282289e-04
72,72,6.3236636395e-04
72,73,-3.3232430238e-06
72,74,-1.9708870157e-04
72,75,-9.9284342578e-06
72,76,1.2445035650e-05
72,77,-2.3660020806e-04
73,72,-3.3232430238e-06
73,73,4.5608487022e-04
73,74,1.3071402722e-06
73,75,1.2445035650e-05
73,76,-1.1664186897e-05
73,77,-3.9112965841e-06
74,72,-1.9708870157e-04
74,73,1.3071402722e-06
74,74,4.6635476196e-04
74,75,-1.9406304467e-06
74,76,2.7701634724e-06
74,77,-3.7690445377e-05
75,72,-9.9284342578e-06
75,73,1.2445035650e-05
75,74,-1.9406304467e-06
75,75,4.2074470447e-04
75,76,-6.8216130407e-06
75,77,-7.4690197361e-06
76,72,1.2445035650e-05
76,73,-1.1664186897e-05
76,74,2.7701634724e-06
76,75,-6.8216130407e-06
76,76,2.1431085444e-04
76,77,6.8086647879e-06
77,72,-2.3660020806e-04
77,73,-3.9112965841e-06
77,74,-3.7690445377e-05
77,75,-7.4690197361e-06
77,76,6.8086647879e-06
77,77,4.3307185996e-04
78,78,5.9526023302e-04
78,79,3.8517803663e-05
78,80,-2.1057147323e-04
78,81,-6.5815724657e-05
78,82,-2.7010316496e-06
78,83,-2.1269857307e-04
79,78,3.8517803663e-05
79,79,4.0691938172e-04
79,80,3.0190474897e-05
79,81,-2.7010316496e-06
79,82,-8.9338819089e-05
79,83,-1.1428515698e-05
80,78,-2.1057147323e-04
80,79,3.0190474897e-05
80,80,4.2190725564e-04
80,81,-2.6299619096e-05
80,82,2.4044891307e-05
80,83,-6.2265070810e-06
81,78,-6.5815724657e-05
81,79,-2.7010316496e-06
81,80,-2.6299619096e-05
81,81,4.0501684578e-04
81,82,2.8295828470e-05
81,83,-2.5017247743e-05
82,78,-2.7010316496e-06
82,79,-8.9338819089e-05
82,80,2.4044891307e-05
82,81,2.8295828470e-05
82,82,2.1169478881e-04
82,83,-3.9858284944e-05
83,78,-2.1269857307e-04
83,79,-1.1428515698e-05
83,80,-6.2265070810e-06
83,81,-2.5017247743e-05
83,82,-3.9858284944e-05
83,83,4.1274928363e-04
84,84,6.3886319965e-04
84,85,7.6750901989e-06
84,86,-2.1023812218e-04
84,87,1.9930967082e-05
84,88,2.5473085956e-05
84,89,-2.2402540715e-04
85,84,7.6750901989e-06
85,85,4.5082050658e-04
85,86,-3.6386096993e-06
85,87,2.5473085956e-05
85,88,3.0533484906e-05
85,89,1.4499028553e-05
86,84,-2.1023812218e-04
86,85,-3.6386096993e-06
86,86,4.5591810104e-04
86,87,1.1853975293e-05
86,88,1.4673617013e-05
86,89,-2.9980020495e-05
87,84,1.9930967082e-05
87,85,2.5473085956e-05
87,86,1.1853975293e-05
87,87,4.3848878402e-04
87,88,2.0643415580e-05
87,89,9.5922207645e-06
88,84,2.5473085956e-05
88,85,3.0533484906e-05
88,86,1.4673617013e-05
88,87,2.0643415580e-05
88,88,2.2646207456e-04
88,89,9.4273262464e-06
89,84,-2.2402540715e-04
89,85,1.4499028553e-05
89,86,-2.9980020495e-05
89,87,9.5922207645e-06
89,88,9.4273262464e-06
89,89,4.4154833466e-04
90,90,6.8101904138e-04
90,91,-2.2392634511e-05
90,92,-2.5577139963e-04
90,93,-4.3404489903e-05
90,94,-2.3122313860e-05
90,95,-2.1595565067e-04
91,90,-2.2392634511e-05
91,91,4.5225014687e-04
91,92,5.2696852813e-06
91,93,-2.3122313860e-05
91,94,-2.1983127356e-05
91,95,-2.3557504659e-05
92,90,-2.5577139963e-04
92,91,5.2696852813e-06
92,92,4.6831697700e-04
92,93,2.3949811414e-05
92,94,1.1895052332e-05
92,95,-4.4671311382e-05
93,90,-4.3404489903e-05
93,91,-2.3122313860e-05
93,92,2.3949811414e-05
93,93,4.8786243537e-04
93,94,-4.3463107230e-05
93,95,-5.3235205509e-05
94,90,-2.3122313860e-05
94,91,-2.1983127356e-05
94,92,1.1895052332e-05
94,93,-4.3463107230e-05
94,94,2.2335649175e-04
94,95,-2.9033296146e-05
95,90,-2.1595565067e-04
95,91,-2.3557504659e-05
95,92,-4.4671311382e-05
95,93,-5.3235205509e-05
95,94,-2.9033296146e-05
95,95,5.2094159817e-04
96,96,6.0484212571e-04
96,97,4.1873877873e-05
96,98,-2.1239420888e-04
96,99,3.3785257254e-05
96,100,3.3727084468e-07
96,101,-2.5563410295e-04
97,96,4.1873877873e-05
97,97,4.1487097007e-04
97,98,1.3252993902e-05
97,99,3.3727084468e-07
97,100,4.4786602111e-05
97,101,1.1483164006e-05
98,96,-2.1239420888e-04
98,97,1.3252993902e-05
98,98,4.4384331277e-04
98,99,1.2299877471e-05
98,100,8.8218616036e-07
98,101,-1.7245706995e-05
99,96,3.3785257254e-05
99,97,3.3727084468e-07
99,98,1.2299877471e-05
99,99,3.7619603309e-04
99,100,5.2144731999e-05
99,101,8.5602353210e-06
100,96,3.3727084468e-07
100,97,4.4786602111e-05
100,98,8.8218616036e-07
100,99,5.2144731999e-05
100,100,1.7242831185e-04
100,101,1.0532001500e-05
101,96,-2.5563410295e-04
101,97,1.1483164006e-05
101,98,-1.7245706995e-05
101,99,8.5602353210e-06
101,100,1.0532001500e-05
101,101,4.1762788074e-04
102,102,6.2393975301e-04
102,103,-1.8292837835e-05
102,104,-2.2917200246e-04
102,105,-1.9664401170e-05
102,106,1.2264145463e-05
102,107,-1.9517502171e-04
103,102,-1.8292837835e-05
103,103,4.1896208260e-04
103,104,-9.8277007701e-06
103,105,1.2264145463e-05
103,106,-3.0805259123e-05
103,107,-7.7359626804e-06
104,102,-2.2917200246e-04
104,103,-9.8277007701e-06
104,104,4.2571237491e-04
104,105,-1.2455857855e-05
104,106,-1.9564061057e-06
104,107,-3.3957101594e-05
105,102,-1.9664401170e-05
105,103,1.2264145463e-05
105,104,-1.2455857855e-05
105,105,4.4936990660e-04
105,106,-2.5212093205e-05
105,107,-6.8222963848e-06
106,102,1.2264145463e-05
106,103,-3.0805259123e-05
106,104,-1.9564061057e-06
106,105,-2.5212093205e-05
106,106,2.1722655490e-04
106,107,1.6725592874e-05
107,102,-1.9517502171e-04
107,103,-7.7359626804e-06
107,104,-3.3957101594e-05
107,105,-6.8222963848e-06
107,106,1.6725592874e-05
107,107,4.6015536718e-04
108,108,7.0598003361e-04
108,109,-2.1977074386e-05
108,110,-2.5134892336e-04
108,111,3.5800130640e-05
108,112,3.9720773463e-05
108,113,-2.2892472305e-04
109,108,-2.1977074386e-05
109,109,4.8116672213e-04
109,110,3.9737110701e-06
109,111,3.9720773463e-05
109,112,1.7716511317e-05
109,113,-2.1538658530e-05
110,108,-2.5134892336e-04
110,109,3.9737110701e-06
110,110,4.8886161354e-04
110,111,-2.0218101043e-05
110,112,4.4295152931e-06
110,113,-4.3466163906e-05
111,108,3.5800130640e-05
111,109,3.9720773463e-05
111,110,-2.0218101043e-05
111,111,5.0122353662e-04
111,112,-4.1241836233e-05
111,113,4.2428662771e-05
112,108,3.9720773463e-05
112,109,1.7716511317e-05
112,110,4.4295152931e-06
112,111,-4.1241836233e-05
112,112,2.4163729402e-04
112,113,2.7903583053e-05
113,108,-2.2892472305e-04
113,109,-2.1538658530e-05
113,110,-4.3466163906e-05
113,111,4.2428662771e-05
113,112,2.7903583053e-05
113,113,5.2642898901e-04
114,114,7.1531485631e-04
114,115,9.0874725826e-05
114,116,-7.9063058625e-05
114,117,7.3064065367e-05
114,118,-5.5439080702e-05
114,119,-7.2410607858e-05
115,114,9.0874725826e-05
115,115,6.4459870688e-04
115,116,1.1893371482e-04
115,117,-5.5439080702e-05
115,118,9.8708782912e-05
115,119,5.0154880905e-05
116,114,-7.9063058625e-05
116,115,1.1893371482e-04
116,116,6.4607644907e-04
116,117,2.8671665846e-05
116,118,-2.9073582606e-05
116,119,-3.4912225866e-05
117,114,7.3064065367e-05
117,115,-5.5439080702e-05
117,116,2.8671665846e-05
117,117,6.5054883973e-04
117,118,1.3573461507e-04
117,119,9.6781586479e-05
118,114,-5.5439080702e-05
118,115,9.8708782912e-05
118,116,-2.9073582606e-05
118,117,1.3573461507e-04
118,118,5.5190290960e-04
118,119,-4.6632947593e-05
119,114,-7.2410607858e-05
119,115,5.0154880905e-05
119,116,-3.4912225866e-05
119,117,9.6781586479e-05
119,118,-4.6632947593e-05
119,119,6.5884506326e-04
120,120,6.3464012600e-04
120,121,1.6768199833e-06
120,122,-5.0328803715e-05
120,123,-1.1701712039e-04
120,124,3.2684179430e-07
120,125,-1.0875432150e-04
121,120,1.6768199833e-06
121,121,5.8962467547e-04
121,122,1.7504050166e-06
121,123,3.2684179430e-07
121,124,-1.6631905155e-04
121,125,8.9693874602e-07
122,120,-5.0328803715e-05
122,121,1.7504050166e-06
122,122,6.0530200535e-04
122,123,-5.5121234745e-05
122,124,-2.0081289395e-06
122,125,-3.9023205421e-05
123,120,-1.1701712039e-04
123,121,3.2684179430e-07
123,122,-5.5121234745e-05
123,123,5.3736730371e-04
123,124,2.4790663864e-06
123,125,-1.6678188318e-04
124,120,3.2684179430e-07
124,121,-1.6631905155e-04
124,122,-2.0081289395e-06
124,123,2.4790663864e-06
124,124,4.6113328884e-04
124,125,5.4586149847e-07
125,120,-1.0875432150e-04
125,121,8.9693874602e-07
125,122,-3.9023205421e-05
125,123,-1.6678188318e-04
125,124,5.4586149847e-07
125,125,5.4192695023e-04
126,126,7.0188640952e-04
126,127,-4.9331848120e-05
126,128,-2.2352324326e-04
126,129,-3.7620521966e-06
126,130,-3.2822517748e-06
126,131,-2.5041367714e-04
127,126,-4.9331848120e-05
127,127,5.0196114293e-04
127,128,-4.1799232593e-05
127,129,-3.2822517748e-06
127,130,1.8359546637e-05
127,131,1.7100738437e-07
128,126,-2.2352324326e-04
128,127,-4.1799232593e-05
128,128,5.1794613365e-04
128,129,2.4732699382e-05
128,130,1.1556537370e-05
128,131,-5.0536719562e-05
129,126,-3.7620521966e-06
129,127,-3.2822517748e-06
129,128,2.4732699382e-05
129,129,4.7790960769e-04
129,130,-4.9178894465e-05
129,131,-2.4706513545e-05
130,126,-3.2822517748e-06
130,127,1.8359546637e-05
130,128,1.1556537370e-05
130,129,-4.9178894465e-05
130,130,2.3755496545e-04
130,131,-1.5529916998e-05
131,126,-2.5041367714e-04
131,127,1.7100738437e-07
131,128,-5.0536719562e-05
131,129,-2.4706513545e-05
131,130,-1.5529916998e-05
131,131,4.9818982224e-04
132,132,6.5656802376e-04
132,133,-2.6112059348e-06
132,134,-6.8071728773e-05
132,135,1.3817094194e-04
132,136,-2.6320814683e-06
132,137,-1.2255278325e-04
133,132,-2.6112059348e-06
133,133,5.9568281860e-04
133,134,-6.7466546425e-06
133,135,-2.6320814683e-06
133,136,1.9108480202e-04
133,137,2.3803175477e-07
134,132,-6.8071728773e-05
134,133,-6.7466546425e-06
134,134,6.1054513778e-04
134,135,5.9159494045e-05
134,136,-3.8493475014e-06
134,137,-3.8988987487e-05
135,132,1.3817094194e-04
135,133,-2.6320814683e-06
135,134,5.9159494045e-05
135,135,5.4695348208e-04
135,136,-2.3983038610e-06
135,137,1.8402164781e-04
136,132,-2.6320814683e-06
136,133,1.9108480202e-04
136,134,-3.8493475014e-06
136,135,-2.3983038610e-06
136,136,4.5487708694e-04
136,137,-2.8153382761e-06
137,132,-1.2255278325e-04
137,133,2.3803175477e-07
137,134,-3.8988987487e-05
137,135,1.8402164781e-04
137,136,-2.8153382761e-06
137,137,5.6473100043e-04
138,138,6.3005672008e-04
138,139,-2.8838948880e-05
138,140,-1.3064276058e-04
138,141,6.5812954711e-06
138,142,1.6501731196e-05
138,143,-2.6057729948e-04
139,138,-2.8838948880e-05
139,139,5.1320628271e-04
139,140,-5.8068750669e-06
139,141,1.6501731196e-05
139,142,1.2043304289e-06
139,143,-1.9166239584e-05
140,138,-1.3064276058e-04
140,139,-5.8068750669e-06
140,140,5.4878668225e-04
140,141,-6.0116296735e-06
140,142,6.0585037839e-06
140,143,-6.8999787525e-05
141,138,6.5812954711e-06
141,139,1.6501731196e-05
141,140,-6.0116296735e-06
141,141,3.9698929807e-04
141,142,-4.5981754714e-05
141,143,5.5134574331e-06
142,138,1.6501731196e-05
142,139,1.2043304289e-06
142,140,6.0585037839e-06
142,141,-4.5981754714e-05
142,142,2.2493903068e-04
142,143,7.8466682863e-06
143,138,-2.6057729948e-04
143,139,-1.9166239584e-05
143,140,-6.8999787525e-05
143,141,5.5134574331e-06
143,142,7.8466682863e-06
143,143,4.2368885497e-04
144,144,6.2884470980e-04
144,145,1.8280271312e-05
144,146,-7.0766654267e-05
144,147,-1.3519810333e-04
144,148,-7.9209236497e-07
144,149,-1.1898977277e-04
145,144,1.8280271312e-05
145,145,5.6554909000e-04
145,146,2.4479846007e-05
145,147,-7.9209236497e-07
145,148,-1.8450218918e-04
145,149,6.2420945768e-06
146,144,-7.0766654267e-05
146,145,2.4479846007e-05
146,146,5.7756297663e-04
146,147,-5.5123643765e-05
146,148,-1.9610708632e-05
146,149,-3.5551652179e-05
147,144,-1.3519810333e-04
147,145,-7.9209236497e-07
147,146,-5.5123643765e-05
147,147,5.2241702158e-04
147,148,2.3863370431e-05
147,149,-1.7780413686e-04
148,144,-7.9209236497e-07
148,145,-1.8450218918e-04
148,146,-1.9610708632e-05
148,147,2.3863370431e-05
148,148,4.3068008005e-04
148,149,-2.8595350336e-06
149,144,-1.1898977277e-04
149,145,6.2420945768e-06
149,146,-3.5551652179e-05
149,147,-1.7780413686e-04
149,148,-2.8595350336e-06
149,149,5.4179401630e-04
150,150,6.3763250476e-04
150,151,-1.5219657255e-05
150,152,-1.7332095025e-04
150,153,1.4860073420e-06
150,154,2.9948830737e-05
150,155,-2.3065828203e-04
151,150,-1.5219657255e-05
151,151,4.8260953409e-04
151,152,-1.3993457951e-05
151,153,2.9948830737e-05
151,154,-2.5027025783e-06
151,155,-2.8222958110e-06
152,150,-1.7332095025e-04
152,151,-1.3993457951e-05
152,152,4.7708230413e-04
152,153,-4.4595132621e-06
152,154,-1.9955170078e-06
152,155,-3.9538208471e-05
153,150,1.4860073420e-06
153,151,2.9948830737e-05
153,152,-4.4595132621e-06
153,153,4.3132546549e-04
153,154,-1.7743995370e-05
153,155,2.7260779975e-06
154,150,2.9948830737e-05
154,151,-2.5027025783e-06
154,152,-1.9955170078e-06
154,153,-1.7743995370e-05
154,154,2.4467192804e-04
154,155,2.7753244877e-05
155,150,-2.3065828203e-04
155,151,-2.8222958110e-06
155,152,-3.9538208471e-05
155,153,2.7260779975e-06
155,154,2.7753244877e-05
155,155,4.3441804265e-04
156,156,6.3987053120e-04
156,157,-4.5225594801e-06
156,158,-2.4263970135e-04
156,159,2.2255279489e-05
156,160,1.8152729743e-05
156,161,-2.4527591820e-04
157,156,-4.5225594801e-06
157,157,4.2284698469e-04
157,158,-3.8373429003e-06
157,159,1.8152729743e-05
157,160,2.9294806405e-05
157,161,6.7830783297e-06
158,156,-2.4263970135e-04
158,157,-3.8373429003e-06
158,158,4.5181374194e-04
158,159,7.8704303569e-06
158,160,3.4310191143e-05
158,161,-2.1659219633e-05
159,156,2.2255279489e-05
159,157,1.8152729743e-05
159,158,7.8704303569e-06
159,159,4.2048908066e-04
159,160,1.5444102166e-06
159,161,5.6082383606e-06
160,156,1.8152729743e-05
160,157,2.9294806405e-05
160,158,3.4310191143e-05
160,159,1.5444102166e-06
160,160,1.8613815845e-04
160,161,-2.4395327344e-05
161,156,-2.4527591820e-04
161,157,6.7830783297e-06
161,158,-2.1659219633e-05
161,159,5.6082383606e-06
161,160,-2.4395327344e-05
161,161,4.5239021781e-04
162,162,5.8295273322e-04
162,163,3.7457615310e-05
162,164,-1.9701639452e-04
162,165,5.2572921013e-05
162,166,-8.6268586003e-06
162,167,-2.1112479905e-04
163,162,3.7457615310e-05
163,163,4.0673591289e-04
163,164,-1.0113508342e-05
163,165,-8.6268586003e-06
163,166,6.0184753284e-05
163,167,4.1323747940e-05
164,162,-1.9701639452e-04
164,163,-1.0113508342e-05
164,164,4.1133397461e-04
164,165,8.5102871955e-06
164,166,2.7478631641e-05
164,167,-9.1015724016e-06
165,162,5.2572921013e-05
165,163,-8.6268586003e-06
165,164,8.5102871955e-06
165,165,3.9411697226e-04
165,166,7.4418699102e-05
165,167,2.0705917854e-05
166,162,-8.6268586003e-06
166,163,6.0184753284e-05
166,164,2.7478631641e-05
166,165,7.4418699102e-05
166,166,2.1061889401e-04
166,167,-1.7430859905e-05
167,162,-2.1112479905e-04
167,163,4.1323747940e-05
167,164,-9.1015724016e-06
167,165,2.0705917854e-05
167,166,-1.7430859905e-05
167,167,4.1029979946e-04
168,168,5.9738420270e-04
168,169,-3.6860484375e-06
168,170,-1.5984559521e-04
168,171,1.1794206359e-05
168,172,1.5206549682e-05
168,173,-2.6107920281e-04
169,168,-3.6860484375e-06
169,169,4.5441395599e-04
169,170,-9.1787907233e-06
169,171,1.5206549682e-05
169,172,6.4484399554e-06
169,173,6.4408203996e-06
170,168,-1.5984559521e-04
170,169,-9.1787907233e-06
170,170,4.9572704945e-04
170,171,-5.9767485351e-06
170,172,7.0278143489e-06
170,173,-5.5305794861e-05
171,168,1.1794206359e-05
171,169,1.5206549682e-05
171,170,-5.9767485351e-06
171,171,3.6386786471e-04
171,172,2.0747964602e-06
171,173,1.2007886676e-05
172,168,1.5206549682e-05
172,169,6.4484399554e-06
172,170,7.0278143489e-06
172,171,2.0747964602e-06
172,172,1.7665298211e-04
172,173,4.5114031563e-06
173,168,-2.6107920281e-04
173,169,6.4408203996e-06
173,170,-5.5305794861e-05
173,171,1.2007886676e-05
173,172,4.5114031563e-06
173,173,4.0828735045e-04
174,174,6.3032749988e-04
174,175,4.8929397256e-06
174,176,-1.5812211217e-04
174,177,6.2040922529e-06
174,178,-2.9479338996e-05
174,179,-2.7860641843e-04
175,174,4.8929397256e-06
175,175,4.8889878326e-04
175,176,7.1024619628e-07
175,177,-2.9479338996e-05
175,178,9.2509085402e-06
175,179,2.5726102099e-06
176,174,-1.5812211217e-04
176,175,7.1024619628e-07
176,176,5.3058470051e-04
176,177,3.4064441666e-06
176,178,5.0010938411e-06
176,179,-5.9576476032e-05
177,174,6.2040922529e-06
177,175,-2.9479338996e-05
177,176,3.4064441666e-06
177,177,3.8113434365e-04
177,178,7.1939522492e-06
177,179,5.6532904203e-07
178,174,-2.9479338996e-05
178,175,9.2509085402e-06
178,176,5.0010938411e-06
178,177,7.1939522492e-06
178,178,1.9204444620e-04
178,179,-2.1225414321e-05
179,174,-2.7860641843e-04
179,175,2.5726102099e-06
179,176,-5.9576476032e-05
179,177,5.6532904203e-07
179,178,-2.1225414321e-05
179,179,4.2863190434e-04
180,180,6.3275253351e-04
180,181,4.2223045170e-05
180,182,-1.0805037748e-04
180,183,-1.0840985679e-07
180,184,2.6598790496e-05
180,185,-2.3098678332e-04
181,180,4.2223045170e-05
181,181,5.3610933789e-04
181,182,4.4717853007e-05
181,183,2.6598790496e-05
181,184,1.0263592079e-05
181,185,9.5975970330e-06
182,180,-1.0805037748e-04
182,181,4.4717853007e-05
182,182,5.6300496154e-04
182,183,1.1596250696e-05
182,184,3.5557414409e-06
182,185,-7.0362958359e-05
183,180,-1.0840985679e-07
183,181,2.6598790496e-05
183,182,1.1596250696e-05
183,183,4.2615167375e-04
183,184,5.0807396925e-05
183,185,-1.4177574050e-06
184,180,2.6598790496e-05
184,181,1.0263592079e-05
184,182,3.5557414409e-06
184,183,5.0807396925e-05
184,184,2.7321811145e-04
184,185,2.5511280264e-05
185,180,-2.3098678332e-04
185,181,9.5975970330e-06
185,182,-7.0362958359e-05
185,183,-1.4177574050e-06
185,184,2.5511280264e-05
185,185,4.2416183720e-04
186,186,6.0504481175e-04
186,187,-2.1815628710e-05
186,188,-2.3714071325e-04
186,189,-1.4863748020e-05
186,190,-6.1569747647e-05
186,191,-1.2954263436e-04
187,186,-2.1815628710e-05
187,187,3.9293970973e-04
187,188,-1.7604829952e-05
187,189,-6.1569747647e-05
187,190,-3.9805574843e-05
187,191,2.0252694301e-05
188,186,-2.3714071325e-04
188,187,-1.7604829952e-05
188,188,4.0710017928e-04
188,189,-2.7885810129e-05
188,190,-3.8364364294e-05
188,191,-4.0107117163e-05
189,186,-1.4863748020e-05
189,187,-6.1569747647e-05
189,188,-2.7885810129e-05
189,189,4.8917835719e-04
189,190,-3.7010682367e-06
189,191,1.7581095388e-05
190,186,-6.1569747647e-05
190,187,-3.9805574843e-05
190,188,-3.8364364294e-05
190,189,-3.7010682367e-06
190,190,2.4498756143e-04
190,191,-2.0939416407e-05
191,186,-1.2954263436e-04
191,187,2.0252694301e-05
191,188,-4.0107117163e-05
191,189,1.7581095388e-05
191,190,-2.0939416407e-05
191,191,4.9166728264e-04
192,192,6.2392157841e-04
192,193,-4.6179473883e-05
192,194,-1.9727709245e-04
192,195,-8.1360219941e-06
192,196,-7.2593323616e-05
192,197,-2.5687464977e-04
193,192,-4.6179473883e-05
193,193,4.4747158276e-04
193,194,-7.9717208730e-05
193,195,-7.2593323616e-05
193,196,6.7100791089e-07
193,197,3.9954990642e-05
194,192,-1.9727709245e-04
194,193,-7.9717208730e-05
194,194,4.9730152024e-04
194,195,9.8465587737e-06
194,196,-3.6330164083e-05
194,197,-3.5586673550e-05
195,192,-8.1360219941e-06
195,193,-7.2593323616e-05
195,194,9.8465587737e-06
195,195,3.9416590697e-04
195,196,-1.0442643836e-05
195,197,-5.1520959708e-06
196,192,-7.2593323616e-05
196,193,6.7100791089e-07
196,194,-3.6330164083e-05
196,195,-1.0442643836e-05
196,196,1.8924657249e-04
196,197,-1.5449242073e-05
197,192,-2.5687464977e-04
197,193,3.9954990642e-05
197,194,-3.5586673550e-05
197,195,-5.1520959708e-06
197,196,-1.5449242073e-05
197,197,4.3731729808e-04
198,198,6.4799102222e-04
198,199,-2.6190628358e-05
198,200,-1.7019042014e-04
198,201,5.0995573475e-05
198,202,5.1113049882e-05
198,203,-2.7496197211e-04
199,198,-2.6190628358e-05
199,199,4.9576808280e-04
199,200,8.5927300006e-07
199,201,5.1113049882e-05
199,202,4.5647900858e-05
199,203,-9.0389279795e-06
200,198,-1.7019042014e-04
200,199,8.5927300006e-07
200,200,5.2367415051e-04
200,201,-5.9788797465e-06
200,202,8.9209649715e-06
200,203,-4.6208834570e-05
201,198,5.0995573475e-05
201,199,5.1113049882e-05
201,200,-5.9788797465e-06
201,201,4.0205755787e-04
201,202,-3.4275291321e-05
201,203,2.7896993798e-05
202,198,5.1113049882e-05
202,199,4.5647900858e-05
202,200,8.9209649715e-06
202,201,-3.4275291321e-05
202,202,2.1286755079e-04
202,203,1.9752991707e-05
203,198,-2.7496197211e-04
203,199,-9.0389279795e-06
203,200,-4.6208834570e-05
203,201,2.7896993798e-05
203,202,1.9752991707e-05
203,203,4.4496983662e-04
204,204,6.4038996281e-04
204,205,-5.2985615150e-05
204,206,-2.0905331934e-04
204,207,-1.9007946515e-05
204,208,-1.8583869318e-05
204,209,-2.4961877592e-04
205,204,-5.2985615150e-05
205,205,4.5340698962e-04
205,206,-4.2219049588e-05
205,207,-1.8583869318e-05
205,208,-2.9482207728e-05
205,209,8.1997887615e-07
206,204,-2.0905331934e-04
206,205,-4.2219049588e-05
206,206,4.8268525719e-04
206,207,-1.1710580043e-05
206,208,-5.4824043028e-06
206,209,-3.3921849646e-05
207,204,-1.9007946515e-05
207,205,-1.8583869318e-05
207,206,-1.1710580043e-05
207,207,4.1712414224e-04
207,208,-5.2252203747e-05
207,209,3.9401750001e-06
208,204,-1.8583869318e-05
208,205,-2.9482207728e-05
208,206,-5.4824043028e-06
208,207,-5.2252203747e-05
208,208,2.0300368933e-04
208,209,-1.2183372087e-06
209,204,-2.4961877592e-04
209,205,8.1997887615e-07
209,206,-3.3921849646e-05
209,207,3.9401750001e-06
209,208,-1.2183372087e-06
209,209,4.4258422673e-04
210,210,6.1200241460e-04
210,211,-6.8607039585e-05
210,212,-1.5467898295e-04
210,213,-4.5503900616e-05
210,214,3.0880210220e-05
210,215,-2.5981818388e-04
211,210,-6.8607039585e-05
211,211,4.7365332637e-04
211,212,-5.3235686096e-05
211,213,3.0880210220e-05
211,214,-6.5462022272e-05
211,215,-1.4045293924e-05
212,210,-1.5467898295e-04
212,211,-5.3235686096e-05
212,212,4.9759807833e-04
212,213,-2.2313858364e-05
212,214,9.0413695730e-06
212,215,-3.4134792287e-05
213,210,-4.5503900616e-05
213,211,3.0880210220e-05
213,212,-2.2313858364e-05
213,213,3.7961396622e-04
213,214,-8.1169532376e-05
213,215,-2.6149496166e-05
214,210,3.0880210220e-05
214,211,-6.5462022272e-05
214,212,9.0413695730e-06
214,213,-8.1169532376e-05
214,214,2.1395704417e-04
214,215,3.7296205443e-05
215,210,-2.5981818388e-04
215,211,-1.4045293924e-05
215,212,-3.4134792287e-05
215,213,-2.6149496166e-05
215,214,3.7296205443e-05
215,215,4.2069024679e-04
216,216,6.3466928134e-04
216,217,-2.8396483702e-06
216,218,-1.3363817815e-04
216,219,-4.7809402344e-06
216,220,-2.7857302336e-07
216,221,-2.7261989635e-04
217,216,-2.8396483702e-06
217,217,5.1513966105e-04
217,218,3.0899944696e-06
217,219,-2.7857302336e-07
217,220,-7.6787286975e-06
217,221,-4.6311444465e-06
218,216,-1.3363817815e-04
218,217,3.0899944696e-06
218,218,5.6538312111e-04
218,219,-3.2398259940e-06
218,220,4.7355961916e-06
218,221,-7.8200330997e-05
219,216,-4.7809402344e-06
219,217,-2.7857302336e-07
219,218,-3.2398259940e-06
219,219,3.9083063324e-04
219,220,-6.9818698886e-06
219,221,-1.2647783269e-06
220,216,-2.7857302336e-07
220,217,-7.6787286975e-06
220,218,4.7355961916e-06
220,219,-6.9818698886e-06
220,220,2.0874074815e-04
220,221,-3.0493834853e-06
221,216,-2.7261989635e-04
221,217,-4.6311444465e-06
221,218,-7.8200330997e-05
221,219,-1.2647783269e-06
221,220,-3.0493834853e-06
221,221,4.2811149410e-04
222,222,6.9125643380e-04
222,223,2.2048362671e-05
222,224,-2.1669084824e-04
222,225,-9.3612113577e-05
222,226,-4.2406249988e-05
222,227,-1.7199796635e-04
223,222,2.2048362671e-05
223,223,4.9744224709e-04
223,224,4.5555402659e-05
223,225,-4.2406249988e-05
223,226,-1.0004615695e-04
223,227,-9.0745987093e-06
224,222,-2.1669084824e-04
224,223,4.5555402659e-05
224,224,5.0063928545e-04
224,225,-7.1934791708e-06
224,226,-1.3463033317e-05
224,227,-6.0070938041e-05
225,222,-9.3612113577e-05
225,223,-4.2406249988e-05
225,224,-7.1934791708e-06
225,225,5.3741677590e-04
225,226,1.3931794838e-05
225,227,-9.8020833897e-05
226,222,-4.2406249988e-05
226,223,-1.0004615695e-04
226,224,-1.3463033317e-05
226,225,1.3931794838e-05
226,226,2.9554583875e-04
226,227,-4.4134786294e-05
227,222,-1.7199796635e-04
227,223,-9.0745987093e-06
227,224,-6.0070938041e-05
227,225,-9.8020833897e-05
227,226,-4.4134786294e-05
227,227,5.5104573036e-04
228,228,6.3614362278e-04
228,229,1.3038953911e-05
228,230,-1.6689884467e-04
228,231,2.4351653733e-05
228,232,1.0546455532e-05
228,233,-2.9406940978e-04
229,228,1.3038953911e-05
229,229,4.8686475796e-04
229,230,8.6821228317e-06
229,231,1.0546455532e-05
229,232,3.2690101906e-05
229,233,1.8265511432e-06
230,228,-1.6689884467e-04
230,229,8.6821228317e-06
230,230,5.4359331984e-04
230,231,9.3226684709e-06
230,232,-1.4820203169e-06
230,233,-6.1150519151e-05
231,228,2.4351653733e-05
231,229,1.0546455532e-05
231,230,9.3226684709e-06
231,231,3.7311994664e-04
231,232,1.4672670919e-05
231,233,7.2768146834e-06
232,228,1.0546455532e-05
232,229,3.2690101906e-05
232,230,-1.4820203169e-06
232,231,1.4672670919e-05
232,232,1.7492066650e-04
232,233,7.5482625737e-06
233,228,-2.9406940978e-04
233,229,1.8265511432e-06
233,230,-6.1150519151e-05
233,231,7.2768146834e-06
233,232,7.5482625737e-06
233,233,4.3724152804e-04
234,234,6.0642889682e-04
234,235,-1.2032571706e-04
234,236,-1.0889984782e-04
234,237,5.3410075797e-07
234,238,-1.2015456640e-05
234,239,-5.5937979840e-05
235,234,-1.2032571706e-04
235,235,5.0902591183e-04
235,236,-1.6535887919e-04
235,237,-1.2015456640e-05
235,238,-1.1511655453e-06
235,239,-5.3718321673e-05
236,234,-1.0889984782e-04
236,235,-1.6535887919e-04
236,236,5.1967289964e-04
236,237,-1.8841850071e-06
236,238,-8.5112503950e-06
236,239,-3.6131162549e-05
237,234,5.3410075797e-07
237,235,-1.2015456640e-05
237,236,-1.8841850071e-06
237,237,5.5639644664e-04
237,238,-1.6837284461e-04
237,239,1.0806942828e-05
238,234,-1.2015456640e-05
238,235,-1.1511655453e-06
238,236,-8.5112503950e-06
238,237,-1.6837284461e-04
238,238,4.3008853162e-04
238,239,-1.3389317748e-05
239,234,-5.5937979840e-05
239,235,-5.3718321673e-05
239,236,-3.6131162549e-05
239,237,1.0806942828e-05
239,238,-1.3389317748e-05
239,239,5.7033789947e-04
240,240,6.1475324635e-04
240,241,-4.7784662068e-05
240,242,-8.9165457646e-05
240,243,-1.3436985793e-04
240,244,-2.8483766625e-05
240,245,-9.9982619778e-05
241,240,-4.7784662068e-05
241,241,5.3500123654e-04
241,242,-5.1864752712e-05
241,243,-2.8483766625e-05
241,244,-1.8377221112e-04
241,245,2.4170282003e-06
242,240,-8.9165457646e-05
242,241,-5.1864752712e-05
242,242,5.2369404964e-04
242,243,-5.5233509984e-05
242,244,-1.0137795918e-06
242,245,4.9210262217e-08
243,240,-1.3436985793e-04
243,241,-2.8483766625e-05
243,242,-5.5233509984e-05
243,243,5.2532607260e-04
243,244,-4.5622806324e-05
243,245,-1.7530312057e-04
244,240,-2.8483766625e-05
244,241,-1.8377221112e-04
244,242,-1.0137795918e-06
244,243,-4.5622806324e-05
244,244,4.4561343099e-04
244,245,-1.7113499360e-05
245,240,-9.9982619778e-05
245,241,2.4170282003e-06
245,242,4.9210262217e-08
245,243,-1.7530312057e-04
245,244,-1.7113499360e-05
245,245,5.3220985291e-04
246,246,6.0935388165e-04
246,247,1.5063174982e-05
246,248,-1.5678045615e-04
246,249,1.6503770164e-05
246,250,-2.2514239792e-05
246,251,-2.0852513732e-04
247,246,1.5063174982e-05
247,247,4.6912517865e-04
247,248,7.4536547080e-05
247,249,-2.2514239792e-05
247,250,4.1569234406e-05
247,251,-6.4450938878e-05
248,246,-1.5678045615e-04
248,247,7.4536547080e-05
248,248,4.6956676786e-04
248,249,2.8024040966e-05
248,250,-2.5971054488e-05
248,251,-2.5867609679e-05
249,246,1.6503770164e-05
249,247,-2.2514239792e-05
249,248,2.8024040966e-05
249,249,4.2284332883e-04
249,250,-4.2583497236e-05
249,251,-7.4307549582e-06
250,246,-2.2514239792e-05
250,247,4.1569234406e-05
250,248,-2.5971054488e-05
250,249,-4.2583497236e-05
250,250,2.6192053809e-04
250,251,3.1027599802e-06
251,246,-2.0852513732e-04
251,247,-6.4450938878e-05
251,248,-2.5867609679e-05
251,249,-7.4307549582e-06
251,250,3.1027599802e-06
251,251,4.1171246011e-04
252,252,6.4942790620e-04
252,253,1.5887221392e-04
252,254,-1.2488646881e-04
252,255,1.4214119680e-06
252,256,-2.5411288523e-07
252,257,-6.9628314322e-05
253,252,1.5887221392e-04
253,253,5.3772605271e-04
253,254,1.9438506369e-04
253,255,-2.5411288523e-07
253,256,-1.7775334448e-07
253,257,7.4200444601e-05
254,252,-1.2488646881e-04
254,253,1.9438506369e-04
254,254,5.6636301846e-04
254,255,-1.7879211730e-06
254,256,-1.1512720531e-06
254,257,-2.8931375325e-05
255,252,1.4214119680e-06
255,253,-2.5411288523e-07
255,254,-1.7879211730e-06
255,255,5.8715044861e-04
255,256,2.2523910916e-04
255,257,2.9730816573e-06
256,252,-2.5411288523e-07
256,253,-1.7775334448e-07
256,254,-1.1512720531e-06
256,255,2.2523910916e-04
256,256,4.5230349486e-04
256,257,5.6606271043e-08
257,252,-6.9628314322e-05
257,253,7.4200444601e-05
257,254,-2.8931375325e-05
257,255,2.9730816573e-06
257,256,5.6606271043e-08
257,257,6.1143748897e-04
258,258,5.5826089255e-04
258,259,-5.2656989549e-05
258,260,-2.0954947834e-04
258,261,-4.5591240407e-05
258,262,2.2271155426e-05
258,263,-2.2995056583e-04
259,258,-5.2656989549e-05
259,259,3.7083414127e-04
259,260,-6.7324816201e-05
259,261,2.2271155426e-05
259,262,-3.5382773717e-05
259,263,2.8267174390e-05
260,258,-2.0954947834e-04
260,259,-6.7324816201e-05
260,260,4.1407833484e-04
260,261,1.1413412732e-05
260,262,5.4171999864e-06
260,263,-1.2953850887e-05
261,258,-4.5591240407e-05
261,259,2.2271155426e-05
261,260,1.1413412732e-05
261,261,3.5258685389e-04
261,262,-2.7374060162e-05
261,263,-3.9078067546e-05
262,258,2.2271155426e-05
262,259,-3.5382773717e-05
262,260,5.4171999864e-06
262,261,-2.7374060162e-05
262,262,1.5479702189e-04
262,263,1.3609515713e-05
263,258,-2.2995056583e-04
263,259,2.8267174390e-05
263,260,-1.2953850887e-05
263,261,-3.9078067546e-05
263,262,1.3609515713e-05
263,263,3.9748553658e-04
264,264,6.4861390358e-04
264,265,-6.2261582466e-06
264,266,-1.3282221889e-04
264,267,-2.0305995524e-06
264,268,-1.5639407085e-05
264,269,-2.5636777427e-04
265,264,-6.2261582466e-06
265,265,5.2981409944e-04
265,266,-2.5556821361e-05
265,267,-1.5639407085e-05
265,268,-7.4979599983e-06
265,269,1.5519912611e-05
266,264,-1.3282221889e-04
266,265,-2.5556821361e-05
266,266,5.6456079237e-04
266,267,-6.1126948073e-06
266,268,-1.0138146847e-05
266,269,-7.3733907838e-05
267,264,-2.0305995524e-06
267,265,-1.5639407085e-05
267,266,-6.1126948073e-06
267,267,4.1931159537e-04
267,268,7.6552735945e-06
267,269,1.8176482674e-06
268,264,-1.5639407085e-05
268,265,-7.4979599983e-06
268,266,-1.0138146847e-05
268,267,7.6552735945e-06
268,268,2.4152466496e-04
268,269,-6.2136439219e-06
269,264,-2.5636777427e-04
269,265,1.5519912611e-05
269,266,-7.3733907838e-05
269,267,1.8176482674e-06
269,268,-6.2136439219e-06
269,269,4.3345323542e-04
