0,0,4.0944547055e-03
0,1,2.1819199318e-04
0,2,2.2503051653e-03
0,3,2.5225020431e-05
0,4,1.2668175889e-04
0,5,5.5027168750e-04
0,240,-4.0192465416e-04
0,241,4.3564521883e-04
0,242,-1.3051060672e-04
0,243,-5.3602553855e-04
0,244,5.5103433812e-04
0,245,-3.7116011155e-04
0,468,-3.9823750219e-04
0,469,4.2338567203e-04
0,470,-1.0182345938e-04
0,471,5.3764154430e-04
0,472,-5.4520208570e-04
0,473,-3.8586820176e-04
0,612,-7.6549552187e-04
0,613,1.2434915139e-03
0,614,-1.4043792185e-03
0,615,-9.0024517910e-05
0,616,1.2113547921e-04
0,617,4.8459583350e-04
0,948,-6.5179480410e-04
0,949,-4.8709366429e-04
0,950,9.0710325281e-05
0,951,8.1513875922e-04
0,952,5.1080048697e-04
0,953,-4.6299888313e-04
0,1194,-6.4838794005e-04
0,1195,-1.0693314089e-03
0,1196,-1.2474142989e-03
0,1197,-5.5738716747e-05
0,1198,-7.9333986890e-05
0,1199,5.0694448872e-04
0,1242,-5.3240840992e-04
0,1243,-4.4356521454e-04
0,1244,2.5454014439e-05
0,1245,-6.7983716759e-04
0,1246,-4.9776919788e-04
0,1247,-4.1249060934e-04
1,0,2.1819199318e-04
1,1,6.2443982210e-03
1,2,1.7737211240e-04
1,3,1.2668175889e-04
1,4,2.0543256129e-04
1,5,5.1991317227e-04
1,240,-3.5663213262e-04
1,241,3.3554291755e-04
1,242,7.8287309410e-06
1,243,-5.0826012892e-04
1,244,4.5628475572e-04
1,245,-4.2666321922e-04
1,468,-4.2597680989e-04
1,469,4.0597643366e-04
1,470,2.5801840396e-06
1,471,6.0640839087e-04
1,472,-5.5315333206e-04
1,473,-5.0728333573e-04
1,612,-1.2377669520e-03
1,613,2.0082398788e-03
1,614,-2.2619966603e-03
1,615,-1.7236913918e-04
1,616,2.3912547692e-04
1,617,7.7651801347e-04
1,948,4.1626093656e-04
1,949,8.1494484205e-05
1,950,-4.4157293174e-04
1,951,-6.2955479778e-04
1,952,-1.2053673713e-04
1,953,6.0042940683e-04
1,1194,1.0671031878e-03
1,1195,1.7587246536e-03
1,1196,2.0486826016e-03
1,1197,1.0481792366e-04
1,1198,1.5204487355e-04
1,1199,-8.3180345763e-04
1,1242,3.5345992351e-04
1,1243,1.4802959297e-04
1,1244,-2.8972363056e-04
1,1245,5.2277786787e-04
1,1246,2.0297985400e-04
1,1247,4.7782656522e-04
2,0,2.2503051653e-03
2,1,1.7737211240e-04
2,2,7.6960812815e-03
2,3,2.0136118309e-04
2,4,2.5201304292e-04
2,5,-3.2420406225e-03
2,240,3.3210760079e-05
2,241,-1.3720642287e-04
2,242,2.4959101373e-04
2,243,-2.0464327837e-05
2,244,-1.1401914425e-04
2,245,-1.6505977768e-04
2,468,-1.2662113218e-04
2,469,2.2438270597e-05
2,470,2.2876360523e-04
2,471,2.4584785562e-04
2,472,-9.8238883323e-05
2,473,-3.5123720230e-04
2,612,-1.3838987686e-03
2,613,2.2392694328e-03
2,614,-2.5069926912e-03
2,615,-2.5966267752e-04
2,616,3.7529494229e-04
2,617,8.4965424282e-04
2,948,1.4666009751e-04
2,949,4.3745410504e-04
2,950,4.4651446792e-04
2,951,-2.7794689898e-05
2,952,-4.4294733684e-04
2,953,-3.4915391998e-04
2,1194,-1.2392579260e-03
2,1195,-2.0395261319e-03
2,1196,-2.3683507414e-03
2,1197,-1.5468344999e-04
2,1198,-2.3064219615e-04
2,1199,9.5939964820e-04
2,1242,1.6200826860e-04
2,1243,3.5237788380e-04
2,1244,3.5693443925e-04
2,1245,1.0081751543e-04
2,1246,3.5826484079e-04
2,1247,-1.8681884082e-04
3,0,2.5225020431e-05
3,1,1.2668175889e-04
3,2,2.0136118309e-04
3,3,4.6781489405e-03
3,4,6.8776991933e-04
3,5,-6.7855776373e-05
3,240,5.6439516946e-04
3,241,-6.3625810021e-04
3,242,2.4267301306e-04
3,243,7.3678137287e-04
3,244,-7.8920812798e-04
3,245,4.7370604226e-04
3,468,-5.4441779773e-04
3,469,6.0386370721e-04
3,470,-1.9878800064e-04
3,471,7.1801828825e-04
3,472,-7.6112086034e-04
3,473,-4.7626135734e-04
3,612,2.7308111170e-05
3,613,-6.8302763140e-05
3,614,1.3706652412e-04
3,615,-3.0389888487e-04
3,616,4.9174134696e-04
3,617,-9.8047617564e-05
3,948,-8.3006293206e-04
3,949,-7.1379292333e-04
3,950,-4.0682415772e-05
3,951,9.9340365389e-04
3,952,7.3401736414e-04
3,953,-4.6468241396e-04
3,1194,4.3908197388e-05
3,1195,8.4703825621e-05
3,1196,1.2979465379e-04
3,1197,-1.8226012833e-04
3,1198,-3.0038242061e-04
3,1199,-7.0090073880e-05
3,1242,7.1417509510e-04
3,1243,6.5370502155e-04
3,1244,7.5216455292e-05
3,1245,8.8299599757e-04
3,1246,7.1855493711e-04
3,1247,4.7067456020e-04
4,0,1.2668175889e-04
4,1,2.0543256129e-04
4,2,2.5201304292e-04
4,3,6.8776991933e-04
4,4,4.1693533426e-03
4,5,2.0190902007e-04
4,240,4.7378142050e-04
4,241,-4.6364858507e-04
4,242,3.0168149232e-05
4,243,6.6355825496e-04
4,244,-6.1898826278e-04
4,245,5.3087644382e-04
4,468,-5.5223957994e-04
4,469,5.4980762456e-04
4,470,-4.9877131544e-05
4,471,7.7020558154e-04
4,472,-7.3346779964e-04
4,473,-6.0829933611e-04
4,612,1.8508420927e-05
4,613,-6.8692520918e-05
4,614,1.7417788020e-04
4,615,-4.9344895046e-04
4,616,7.9683374205e-04
4,617,-1.5165729290e-04
4,948,4.2608704456e-04
4,949,8.5742283489e-05
4,950,-4.7752764034e-04
4,951,-6.4311137069e-04
4,952,-1.3788056374e-04
4,953,6.0423411321e-04
4,1194,-5.9435002190e-05
4,1195,-1.1816829115e-04
4,1196,-1.8861405567e-04
4,1197,3.0017662069e-04
4,1198,4.9419613303e-04
4,1199,1.0850488894e-04
4,1242,-4.1261155448e-04
4,1243,-1.8628366557e-04
4,1244,3.2751179831e-04
4,1245,-6.0348201387e-04
4,1246,-2.5486254376e-04
4,1247,-5.3491653968e-04
5,0,5.5027168750e-04
5,1,5.1991317227e-04
5,2,-3.2420406225e-03
5,3,-6.7855776373e-05
5,4,2.0190902007e-04
5,5,4.3356201645e-03
5,240,-4.5112904071e-04
5,241,5.6594004414e-04
5,242,-3.3449536314e-04
5,243,-5.5164618820e-04
5,244,6.6605339835e-04
5,245,-2.6811775818e-04
5,468,-4.0474674761e-04
5,469,5.0692836829e-04
5,470,-2.8719805994e-04
5,471,4.9453696323e-04
5,472,-6.0141919998e-04
5,473,-2.3624622928e-04
5,612,5.2674644772e-04
5,613,-8.5375126295e-04
5,614,9.5868567333e-04
5,615,8.6444811868e-05
5,616,-1.3150643640e-04
5,617,-4.5022554064e-04
5,948,-5.0028847242e-04
5,949,-6.4005752846e-04
5,950,-3.8853786074e-04
5,951,4.9842857844e-04
5,952,6.2410713171e-04
5,953,-2.6511096630e-06
5,1194,5.1812964394e-04
5,1195,8.5264647856e-04
5,1196,9.8971948715e-04
5,1197,7.2711235464e-05
5,1198,1.1284349609e-04
5,1199,-4.5306402997e-04
5,1242,-5.0321786634e-04
5,1243,-5.9532463056e-04
5,1244,-3.1039894203e-04
5,1245,-5.5574882136e-04
5,1246,-6.2009819823e-04
5,1247,-1.4357397666e-04
6,6,4.1933452487e-03
6,7,-5.0275830804e-04
6,8,7.8707966921e-04
6,9,-2.8242228572e-04
6,10,-2.3321283733e-05
6,11,1.1595522335e-03
6,48,-4.2156469387e-04
6,49,-5.1696005347e-04
6,50,-2.7514432053e-04
6,51,-5.2424039380e-04
6,52,-6.1003891465e-04
6,53,-2.9291330487e-04
6,150,-5.4460360657e-04
6,151,-8.5413381600e-04
6,152,-8.9275381985e-04
6,153,1.3686215154e-04
6,154,1.9153779543e-04
6,155,4.1126939550e-04
6,594,-6.6102950106e-04
6,595,-1.9413259557e-04
6,596,4.5678497834e-04
6,597,9.4715563243e-04
6,598,2.1974346896e-04
6,599,-7.9750376211e-04
6,858,-3.5280048043e-04
6,859,5.0653505929e-04
6,860,-4.2849634040e-04
6,861,-3.2263301945e-04
6,862,4.4607477615e-04
6,863,2.8136283775e-05
6,1014,-7.2150436412e-04
6,1015,6.7587004202e-04
6,1016,-6.4894049978e-05
6,1017,6.7511707804e-04
6,1018,-4.8512545034e-04
6,1019,-6.4660588094e-05
6,1728,-7.7889081723e-04
6,1729,2.4380112425e-04
6,1730,3.9082991093e-04
6,1731,-1.1522574791e-03
6,1732,2.8981955147e-04
6,1733,-1.0505377392e-03
7,6,-5.0275830804e-04
7,7,4.9883569837e-03
7,8,-9.8204566526e-04
7,9,-2.3321283733e-05
7,10,-6.3494443155e-04
7,11,-5.1432988733e-04
7,48,5.4387829517e-04
7,49,6.3731971908e-04
7,50,2.7371910424e-04
7,51,7.0487980636e-04
7,52,7.8517770620e-04
7,53,4.5724500384e-04
7,150,8.6104851490e-04
7,151,1.3467789281e-03
7,152,1.3986696264e-03
7,153,-2.3763791481e-04
7,154,-3.3524184704e-04
7,155,-6.3829810436e-04
7,594,3.8526053631e-04
7,595,-6.9405308410e-05
7,596,-3.8610217646e-04
7,597,-6.0645503508e-04
7,598,1.1750930295e-04
7,599,6.3920413055e-04
7,858,-5.1505420351e-04
7,859,7.3113811958e-04
7,860,-5.9873796424e-04
7,861,-4.8664423291e-04
7,862,6.6602700633e-04
7,863,9.1129439739e-06
7,1014,-7.2038141004e-04
7,1015,5.3946701072e-04
7,1016,2.1872332596e-04
7,1017,8.0968753052e-04
7,1018,-4.8476110114e-04
7,1019,-3.4831754061e-04
7,1728,-1.3391185523e-04
7,1729,-2.7600076537e-04
7,1730,2.8970803627e-04
7,1731,-2.6180712498e-04
7,1732,-4.0054492127e-04
7,1733,-3.9134122814e-04
8,6,7.8707966921e-04
8,7,-9.8204566526e-04
8,8,5.2120579816e-03
8,9,-3.8689466993e-04
8,10,-1.4298969503e-04
8,11,-3.0638136198e-03
8,48,-3.4195939864e-04
8,49,-3.3385433678e-04
8,50,9.1295914170e-06
8,51,-5.0756417748e-04
8,52,-4.8767965843e-04
8,53,-4.6841026434e-04
8,150,-9.1651491396e-04
8,151,-1.4244974417e-03
8,152,-1.4570798405e-03
8,153,3.0545488551e-04
8,154,4.3677763541e-04
8,155,6.4908409061e-04
8,594,2.9746444352e-04
8,595,3.2526283674e-04
8,596,-9.9751452590e-05
8,597,-3.5528172687e-04
8,598,-4.3235669345e-04
8,599,1.2712500424e-04
8,858,-4.5453845801e-04
8,859,6.2533053711e-04
8,860,-4.6468362053e-04
8,861,-4.6669738462e-04
8,862,6.2268274620e-04
8,863,-6.8771775651e-05
8,1014,-1.3678636321e-04
8,1015,-1.7405271299e-04
8,1016,5.9521022173e-04
8,1017,4.3077459806e-04
8,1018,-7.0076063878e-05
8,1019,-6.7118829743e-04
8,1728,5.2501830522e-04
8,1729,-2.8655593885e-04
8,1730,-3.0767385390e-04
8,1731,7.5219961664e-04
8,1732,-3.9172715115e-04
8,1733,6.2191615735e-04
9,6,-2.8242228572e-04
9,7,-2.3321283733e-05
9,8,-3.8689466993e-04
9,9,5.3490319742e-03
9,10,-9.7641057721e-04
9,11,-5.1392315161e-04
9,48,5.0854014760e-04
9,49,6.5876542746e-04
9,50,4.2828684493e-04
9,51,5.9819245064e-04
9,52,7.3765842589e-04
9,53,2.5822464675e-04
9,150,-1.1517429505e-04
9,151,-2.0468670656e-04
9,152,-2.7315002163e-04
9,153,-1.1969236555e-04
9,154,-1.8656399372e-04
9,155,1.7050076071e-04
9,594,-9.3654031491e-04
9,595,-3.3646805244e-04
9,596,6.0683342342e-04
9,597,1.3233382255e-03
9,598,3.9388028825e-04
9,599,-1.0703480818e-03
9,858,2.2544816679e-04
9,859,-3.4326026475e-04
9,860,3.3665090840e-04
9,861,1.6862693981e-04
9,862,-2.4904653610e-04
9,863,-9.4751764131e-05
9,1014,-5.9883840302e-04
9,1015,7.2750784003e-04
9,1016,-4.0270851383e-04
9,1017,3.9285422816e-04
9,1018,-4.0159089980e-04
9,1019,2.9676269345e-04
9,1728,1.1482877734e-03
9,1729,-4.3159298444e-04
9,1730,-5.2567506543e-04
9,1731,1.6839615302e-03
9,1732,-5.2940573548e-04
9,1733,1.4999094714e-03
10,6,-2.3321283733e-05
10,7,-6.3494443155e-04
10,8,-1.4298969503e-04
10,9,-9.7641057721e-04
10,10,3.6267406945e-03
10,11,3.8383730101e-04
10,48,-6.2521571858e-04
10,49,-7.7629320484e-04
10,50,-4.3216264762e-04
10,51,-7.6778084276e-04
10,52,-9.0667291157e-04
10,53,-4.0533394366e-04
10,150,1.5984021105e-04
10,151,2.8794030964e-04
10,152,3.9250730985e-04
10,153,1.9033947930e-04
10,154,2.9513633569e-04
10,155,-2.5541388444e-04
10,594,4.8835388969e-04
10,595,-7.9415763020e-05
10,596,-4.9894804748e-04
10,597,-7.6602749088e-04
10,598,1.3337660836e-04
10,599,8.0016742807e-04
10,858,3.1101948782e-04
10,859,-4.6977999415e-04
10,860,4.5190527158e-04
10,861,2.3960259914e-04
10,862,-3.5084385644e-04
10,863,-1.1794229771e-04
10,1014,-4.4400330910e-04
10,1015,4.6986313134e-04
10,1016,-1.2496502017e-04
10,1017,3.6079473656e-04
10,1018,-3.2289183725e-04
10,1019,1.0273887209e-04
10,1728,1.3233187007e-04
10,1729,4.1486354708e-04
10,1730,-4.1207796803e-04
10,1731,2.8714135980e-04
10,1732,5.9233236811e-04
10,1733,4.7963317705e-04
11,6,1.1595522335e-03
11,7,-5.1432988733e-04
11,8,-3.0638136198e-03
11,9,-5.1392315161e-04
11,10,3.8383730101e-04
11,11,5.2173346508e-03
11,48,-2.5550756525e-04
11,49,-4.0813235217e-04
11,50,-4.2962673871e-04
11,51,-2.2546580990e-04
11,52,-3.7192765335e-04
11,53,7.6259628583e-05
11,150,4.0817373922e-04
11,151,6.2878914512e-04
11,152,6.2816462873e-04
11,153,-1.7286519045e-04
11,154,-2.5679278810e-04
11,155,-3.0931535369e-04
11,594,-7.6580396665e-04
11,595,-4.1949018395e-04
11,596,3.9571566791e-04
11,597,1.0384007732e-03
11,598,5.1451726591e-04
11,599,-7.3577030934e-04
11,858,1.8518136386e-04
11,859,-2.3791039257e-04
11,860,1.3406578076e-04
11,861,2.2299347381e-04
11,862,-2.8744679532e-04
11,863,9.0927269613e-05
11,1014,3.9188429799e-05
11,1015,2.7237758708e-04
11,1016,-6.8223228994e-04
11,1017,-3.4750622920e-04
11,1018,6.2890618592e-05
11,1019,6.1491769322e-04
11,1728,-1.0380629321e-03
11,1729,5.6282313930e-04
11,1730,3.4769907112e-04
11,1731,-1.4869770023e-03
11,1732,7.2168771643e-04
11,1733,-1.2392960213e-03
12,12,4.0915667502e-03
12,13,-2.2465806291e-04
12,14,6.8293201097e-04
12,15,-5.8187198094e-05
12,16,6.0176727475e-05
12,17,1.2921678830e-03
12,126,-5.6636377779e-04
12,127,-1.1290061291e-04
12,128,4.5700987111e-04
12,129,8.7896085067e-04
12,130,1.4962083765e-04
12,131,-8.9703641986e-04
12,282,-6.1867535514e-04
12,283,6.8686479902e-04
12,284,-2.4502182129e-04
12,285,5.3918939723e-04
12,286,-4.9269097923e-04
12,287,5.3643978510e-07
12,408,-4.7455577638e-04
12,409,1.0715541780e-04
12,410,3.9872044480e-04
12,411,-7.7659428159e-04
12,412,1.6621408028e-04
12,413,-8.9107252318e-04
12,618,-4.9485977937e-04
12,619,-5.8238007040e-04
12,620,-2.6654581830e-04
12,621,-5.2997915622e-04
12,622,-5.6603242953e-04
12,623,-1.5838347834e-04
12,1080,-5.8699700644e-04
12,1081,7.0356735808e-04
12,1082,-3.4393401145e-04
12,1083,-4.4303570172e-04
12,1084,4.4570191196e-04
12,1085,1.2512522097e-04
12,1218,-6.1926746193e-04
12,1219,-8.9177548405e-04
12,1220,-7.6024721744e-04
12,1221,2.5972687272e-04
12,1222,3.1993077527e-04
12,1223,3.5726650329e-04
13,12,-2.2465806291e-04
13,13,4.8058411924e-03
13,14,-5.2244177380e-04
13,15,6.0176727475e-05
13,16,-9.5506726343e-05
13,17,-1.7809742019e-04
13,126,1.7409476346e-04
13,127,-1.0918397411e-04
13,128,-2.0461797352e-04
13,129,-2.9736164990e-04
13,130,1.7189653028e-04
13,131,3.7005111943e-04
13,282,-7.0837326806e-04
13,283,7.1505903046e-04
13,284,-1.0331208744e-04
13,285,7.1712336940e-04
13,286,-6.1265666947e-04
13,287,-1.9379349231e-04
13,408,-3.1767346590e-05
13,409,-8.6169761067e-05
13,410,7.3820367808e-05
13,411,-6.1052003194e-05
13,412,-1.3957884230e-04
13,413,-9.2822735016e-05
13,618,5.9373551052e-04
13,619,6.5260144387e-04
13,620,1.9837628292e-04
13,621,6.9095493030e-04
13,622,6.9453446397e-04
13,623,3.2193647479e-04
13,1080,-7.4325550719e-04
13,1081,8.4561592092e-04
13,1082,-3.1422858967e-04
13,1083,-6.3527148314e-04
13,1084,6.1925280565e-04
13,1085,3.3042201820e-05
13,1218,8.9980633156e-04
13,1219,1.2809172178e-03
13,1220,1.0568308861e-03
13,1221,-4.2894791338e-04
13,1222,-5.3288438427e-04
13,1223,-4.7076044952e-04
14,12,6.8293201097e-04
14,13,-5.2244177380e-04
14,14,4.4918427656e-03
14,15,-3.8932403589e-05
14,16,1.0897638750e-04
14,17,-3.2890859555e-03
14,126,4.0207056385e-04
14,127,1.7905114324e-04
14,128,-3.1691461528e-04
14,129,-6.0530807848e-04
14,130,-2.6214564753e-04
14,131,5.7069885662e-04
14,282,-2.9010763259e-04
14,283,1.3929957798e-04
14,284,3.3058938843e-04
14,285,5.0824319887e-04
14,286,-3.4496547645e-04
14,287,-5.1350124857e-04
14,408,4.2427424558e-04
14,409,-1.0977382037e-04
14,410,-3.6778059598e-04
14,411,6.9295333965e-04
14,412,-1.7275127197e-04
14,413,7.9152163880e-04
14,618,-2.9238520849e-04
14,619,-2.2030185531e-04
14,620,1.6395813163e-04
14,621,-4.6091098358e-04
14,622,-3.7116141745e-04
14,623,-4.5355385738e-04
14,1080,-4.3967703031e-04
14,1081,3.9889226335e-04
14,1082,8.2197877821e-05
14,1083,-5.4220760999e-04
14,1084,4.8413879831e-04
14,1085,-2.7065861043e-04
14,1218,-7.8476169784e-04
14,1219,-1.0818437171e-03
14,1220,-8.0838336189e-04
14,1221,4.9665579527e-04
14,1222,6.2529018855e-04
14,1223,2.9136429584e-04
15,12,-5.8187198094e-05
15,13,6.0176727475e-05
15,14,-3.8932403589e-05
15,15,5.3557750722e-03
15,16,-3.8995123178e-04
15,17,-2.3197829173e-04
15,126,-8.7759187692e-04
15,127,-2.0080329664e-04
15,128,6.9661846769e-04
15,129,1.3568363070e-03
15,130,2.7095162977e-04
15,131,-1.3721597709e-03
15,282,-5.6067441383e-04
15,283,7.2387466405e-04
15,284,-4.7378306233e-04
15,285,3.4616438020e-04
15,286,-3.7669414966e-04
15,287,2.7814326791e-04
15,408,7.7656859724e-04
15,409,-1.8445964204e-04
15,410,-6.4787152134e-04
15,411,1.2697367477e-03
15,412,-2.8665448828e-04
15,413,1.4541591998e-03
15,618,5.4843056345e-04
15,619,6.9964240289e-04
15,620,4.3807116661e-04
15,621,5.2212054877e-04
15,622,6.0860187067e-04
15,623,1.9313234051e-05
15,1080,4.2806633936e-04
15,1081,-5.9765061358e-04
15,1082,4.7748100507e-04
15,1083,1.8310911244e-04
15,1084,-2.2108750249e-04
15,1085,-3.2747820818e-04
15,1218,-2.7425644189e-04
15,1219,-4.4878900899e-04
15,1220,-5.1007719106e-04
15,1221,-7.5406644152e-05
15,1222,-1.0996067105e-04
15,1223,3.3681678077e-04
16,12,6.0176727475e-05
16,13,-9.5506726343e-05
16,14,1.0897638750e-04
16,15,-3.8995123178e-04
16,16,3.3715195732e-03
16,17,5.2776088686e-05
16,126,2.4214038123e-04
16,127,-1.6673982641e-04
16,128,-2.9709102349e-04
16,129,-4.1631994859e-04
16,130,2.6058180123e-04
16,131,5.2393410549e-04
16,282,-5.4599404055e-04
16,283,6.5757691093e-04
16,284,-3.3335394160e-04
16,285,4.0311821124e-04
16,286,-4.1198113134e-04
16,287,1.6274037185e-04
16,408,4.2875654075e-05
16,409,1.4245626914e-04
16,410,-1.1443709872e-04
16,411,8.4926140066e-05
16,412,2.3043881909e-04
16,413,1.3449799911e-04
16,618,-6.0583444662e-04
16,619,-7.2689199901e-04
16,620,-3.5839085162e-04
16,621,-6.3160788099e-04
16,622,-6.9243820544e-04
16,623,-1.4616296484e-04
16,1080,4.6795999030e-04
16,1081,-6.3498475280e-04
16,1082,4.6689602856e-04
16,1083,2.3013880093e-04
16,1084,-2.7235556010e-04
16,1085,-3.2325273623e-04
16,1218,3.4691852044e-04
16,1219,5.7124101159e-04
16,1220,6.5546076618e-04
16,1221,1.0836672474e-04
16,1222,1.5264486814e-04
16,1223,-4.5238621773e-04
17,12,1.2921678830e-03
17,13,-1.7809742019e-04
17,14,-3.2890859555e-03
17,15,-2.3197829173e-04
17,16,5.2776088686e-05
17,17,6.0367385508e-03
17,126,-8.9242859392e-04
17,127,-2.6750356646e-04
17,128,6.7900255430e-04
17,129,1.3672045598e-03
17,130,3.7104544991e-04
17,131,-1.3517610520e-03
17,282,-2.9056797070e-05
17,283,2.3774398929e-04
17,284,-5.3817770194e-04
17,285,-2.6339704351e-04
17,286,1.3919358249e-04
17,287,5.2981116844e-04
17,408,-8.9097940724e-04
17,409,2.3451560784e-04
17,410,7.3159584481e-04
17,411,-1.4540551730e-03
17,412,3.6568194589e-04
17,413,-1.6583145059e-03
17,618,-1.9489100437e-04
17,619,-3.6371318993e-04
17,620,-4.6442799341e-04
17,621,-4.7067689907e-05
17,622,-1.7017033069e-04
17,623,3.1611869483e-04
17,1080,1.5183390622e-04
17,1081,-4.4075755758e-05
17,1082,-2.9278178664e-04
17,1083,3.4284569482e-04
17,1084,-3.0279127181e-04
17,1085,3.1942825908e-04
17,1218,3.4413018985e-04
17,1219,4.4224153077e-04
17,1220,2.4610954977e-04
17,1221,-3.3291571841e-04
17,1222,-4.4177940657e-04
17,1223,-8.0251931926e-05
18,18,4.3188190562e-03
18,19,-3.8975958264e-06
18,20,3.2191947450e-03
18,21,-1.1078409857e-03
18,22,-3.6987308831e-06
18,23,2.1830557747e-03
18,504,-5.4363620615e-04
18,505,-4.6505877174e-04
18,506,1.3644665697e-05
18,507,7.0877944240e-04
18,508,5.4219128749e-04
18,509,-4.5949189497e-04
18,930,-7.6937420985e-04
18,931,1.3142144750e-03
18,932,-1.6492749862e-03
18,933,3.6010317086e-04
18,934,-6.1437807539e-04
18,935,2.1366428675e-04
18,966,-5.5581998002e-04
18,967,4.8189368443e-04
18,968,3.2268063168e-06
18,969,7.2392078569e-04
18,970,-5.6215529033e-04
18,971,-4.6790699691e-04
18,1314,-7.7273658857e-04
18,1315,-1.3212087301e-03
18,1316,-1.6612600754e-03
18,1317,3.5169184560e-04
18,1318,6.0152034944e-04
18,1319,2.1541612536e-04
19,18,-3.8975958264e-06
19,19,7.3345140454e-03
19,20,-2.6228055476e-05
19,21,-3.6987308831e-06
19,22,-2.8621367284e-03
19,23,-3.1384060201e-06
19,504,4.6730068922e-04
19,505,2.6564327268e-04
19,506,-2.6827161884e-04
19,507,-6.7337727397e-04
19,508,-3.4605639836e-04
19,509,5.8190516179e-04
19,930,-1.3142172568e-03
19,931,2.2445327703e-03
19,932,-2.8158358965e-03
19,933,6.1584982595e-04
19,934,-1.0505442727e-03
19,935,3.6420481624e-04
19,966,-4.7136146303e-04
19,967,2.7115083980e-04
19,968,2.6933831542e-04
19,969,6.8028925783e-04
19,970,-3.5516665734e-04
19,971,-5.9009652495e-04
19,1314,1.3212610749e-03
19,1315,2.2587031714e-03
19,1316,2.8391017218e-03
19,1317,-6.0113502643e-04
19,1318,-1.0279942253e-03
19,1319,-3.6853625419e-04
20,18,3.2191947450e-03
20,19,-2.6228055476e-05
20,20,1.0438485157e-02
20,21,-1.9277980854e-03
20,22,-1.4204616015e-05
20,23,-1.7441193946e-03
20,504,8.4826220883e-06
20,505,2.6503614765e-04
20,506,4.5975276441e-04
20,507,1.1218645775e-04
20,508,-2.5324504263e-04
20,509,-3.5965246106e-04
20,930,-1.6492857327e-03
20,931,2.8158482897e-03
20,932,-3.5301043601e-03
20,933,7.7474875881e-04
20,934,-1.3211633078e-03
20,935,4.5508890628e-04
20,966,1.8345579610e-05
20,967,-2.7668061356e-04
20,968,4.7137845255e-04
20,969,1.0196114627e-04
20,970,2.6375073904e-04
20,971,-3.5897077662e-04
20,1314,-1.6614626619e-03
20,1315,-2.8393355653e-03
20,1316,-3.5664654786e-03
20,1317,7.5539308262e-04
20,1318,1.2913598899e-03
20,1319,4.6396078107e-04
21,18,-1.1078409857e-03
21,19,-3.6987308831e-06
21,20,-1.9277980854e-03
21,21,6.3949683205e-03
21,22,-6.9610266992e-06
21,23,-3.0527407466e-03
21,504,-6.8022722068e-04
21,505,-6.5368544092e-04
21,506,-1.2022700357e-04
21,507,8.5224618461e-04
21,508,7.4238492167e-04
21,509,-4.7401411724e-04
21,930,3.5807205045e-04
21,931,-6.1090818543e-04
21,932,7.6477171336e-04
21,933,-5.7819487800e-04
21,934,9.8696244624e-04
21,935,3.3028719409e-04
21,966,-6.9371143741e-04
21,967,6.7498673291e-04
21,968,-1.3854247807e-04
21,969,8.6772658216e-04
21,970,-7.6636914549e-04
21,971,-4.7975183114e-04
21,1314,3.5695365750e-04
21,1315,6.1051546806e-04
21,1316,7.6817177592e-04
21,1317,-5.8021135964e-04
21,1318,-9.9222054621e-04
21,1319,3.2563500376e-04
22,18,-3.6987308831e-06
22,19,-2.8621367284e-03
22,20,-1.4204616015e-05
22,21,-6.9610266992e-06
22,22,7.9830428690e-03
22,23,-1.1221208315e-05
22,504,5.1249764890e-04
22,505,3.3230795472e-04
22,506,-2.3166012298e-04
22,507,-7.1865468623e-04
22,508,-4.2277363068e-04
22,509,5.7663702890e-04
22,930,6.1238308122e-04
22,931,-1.0446228188e-03
22,932,1.3072871281e-03
22,933,-9.8833860802e-04
22,934,1.6867952792e-03
22,935,5.6468793712e-04
22,966,-5.1330564322e-04
22,967,3.3576436549e-04
22,968,2.3107008052e-04
22,969,7.2102985593e-04
22,970,-4.2940111017e-04
22,971,-5.8110924859e-04
22,1314,-6.1013269039e-04
22,1315,-1.0433733465e-03
22,1316,-1.3123726728e-03
22,1317,9.9188563401e-04
22,1318,1.6959543407e-03
22,1319,-5.5664808147e-04
23,18,2.1830557747e-03
23,19,-3.1384060201e-06
23,20,-1.7441193946e-03
23,21,-3.0527407466e-03
23,22,-1.1221208315e-05
23,23,7.8063796243e-03
23,504,-3.8681423662e-04
23,505,-5.3172770094e-04
23,506,-3.8386420834e-04
23,507,4.0745633793e-04
23,508,5.6063338366e-04
23,509,-4.6775391142e-05
23,930,2.1381759858e-04
23,931,-3.6600095717e-04
23,932,4.6127766593e-04
23,933,3.2722753952e-04
23,934,-5.5845193053e-04
23,935,-7.2571925557e-04
23,966,-3.9122760541e-04
23,967,5.4442878433e-04
23,968,-4.0529035795e-04
23,969,4.0966166295e-04
23,970,-5.7212499481e-04
23,971,-4.0760021119e-05
23,1314,2.1502988766e-04
23,1315,3.6744323737e-04
23,1316,4.6147568482e-04
23,1317,3.3363837592e-04
23,1318,5.7058487813e-04
23,1319,-7.2492478851e-04
24,24,4.2179092761e-03
24,25,1.4685955274e-04
24,26,1.5388527525e-03
24,27,1.3246065365e-05
24,28,-7.8360982811e-05
24,29,3.5757722845e-04
24,60,-6.5817769379e-04
24,61,5.6882028769e-04
24,62,6.1294265793e-06
24,63,7.3626682783e-04
24,64,-5.2407764743e-04
24,65,-2.7193583976e-04
24,732,-5.1142394040e-04
24,733,8.5114807079e-04
24,734,-1.0120863876e-03
24,735,-5.2491748666e-05
24,736,8.1499185359e-05
24,737,4.5994369270e-04
24,1038,-7.1472419115e-04
24,1039,-6.0312141464e-04
24,1040,2.4787260377e-05
24,1041,-8.1516819203e-04
24,1042,-5.6722483856e-04
24,1043,-3.2864440950e-04
24,1260,-4.0672698436e-04
24,1261,-6.8969236025e-04
24,1262,-8.5265332931e-04
24,1263,-4.4201661729e-05
24,1264,-7.3664428861e-05
24,1265,3.8785371253e-04
24,1722,-6.5651146657e-04
24,1723,-5.4512551536e-04
24,1724,3.4006451331e-05
24,1725,7.2564851378e-04
24,1726,4.8372125948e-04
24,1727,-2.5325140359e-04
24,1764,-5.6132013523e-04
24,1765,5.1281709555e-04
24,1766,-3.6229399439e-06
24,1767,-7.0084908817e-04
24,1768,5.7751069828e-04
24,1769,-3.9632005913e-04
25,24,1.4685955274e-04
25,25,5.7068479223e-03
25,26,1.9546562364e-04
25,27,-7.8360982811e-05
25,28,6.3181624881e-05
25,29,1.8506063031e-04
25,60,-5.7370354650e-04
25,61,3.3594178412e-04
25,62,3.1429722164e-04
25,63,7.5280025348e-04
25,64,-3.7392703868e-04
25,65,-5.1475593121e-04
25,732,-8.5333078416e-04
25,733,1.4196087785e-03
25,734,-1.6865921534e-03
25,735,-9.3057120260e-05
25,736,1.4503402959e-04
25,737,7.6617800927e-04
25,1038,5.5312485492e-04
25,1039,2.7469423515e-04
25,1040,-3.8158697917e-04
25,1041,7.5673732659e-04
25,1042,3.2614329404e-04
25,1043,5.7536462609e-04
25,1260,6.8967160619e-04
25,1261,1.1692677563e-03
25,1262,1.4449781475e-03
25,1263,7.6234523627e-05
25,1264,1.2706252735e-04
25,1265,-6.5735702988e-04
25,1722,5.5068164627e-04
25,1723,2.8523937676e-04
25,1724,-3.4789895822e-04
25,1725,-7.2612943003e-04
25,1726,-3.1314387881e-04
25,1727,5.0271937533e-04
25,1764,-4.9315466225e-04
25,1765,3.4906353350e-04
25,1766,2.0412340528e-04
25,1767,-6.8178259998e-04
25,1768,4.4101048972e-04
25,1769,-5.3257354254e-04
26,24,1.5388527525e-03
26,25,1.9546562364e-04
26,26,7.2448279620e-03
26,27,5.5403501644e-05
26,28,-8.0391663155e-05
26,29,-3.7441630135e-03
26,60,-2.8129077377e-07
26,61,-3.1136368719e-04
26,62,5.6329473962e-04
26,63,2.1671794656e-04
26,64,1.8543495622e-04
26,65,-5.6007970687e-04
26,732,-1.0202031831e-03
26,733,1.6957765034e-03
26,734,-2.0110160294e-03
26,735,-1.2512965698e-04
26,736,1.9632968318e-04
26,737,9.1276476500e-04
26,1038,9.6239328848e-05
26,1039,4.1357411838e-04
26,1040,5.7213067395e-04
26,1041,-1.0806536228e-04
26,1042,3.0186893539e-04
26,1043,-5.3338353061e-04
26,1260,-8.5257414272e-04
26,1261,-1.4448873903e-03
26,1262,-1.7841208094e-03
26,1263,-9.7520876998e-05
26,1264,-1.6257300213e-04
26,1265,8.1182580735e-04
26,1722,2.7211812361e-05
26,1723,3.4522446903e-04
26,1724,5.5248548883e-04
26,1725,1.9022074217e-04
26,1726,-2.2123882826e-04
26,1727,-5.5491599767e-04
26,1764,2.3606634402e-05
26,1765,-2.2092479135e-04
26,1766,3.8903395007e-04
26,1767,-1.0026624645e-04
26,1768,-1.6533976503e-04
26,1769,-3.5328379921e-04
27,24,1.3246065365e-05
27,25,-7.8360982811e-05
27,26,5.5403501644e-05
27,27,4.6330554329e-03
27,28,3.1509154411e-04
27,29,-1.1500356886e-05
27,60,-7.9188803262e-04
27,61,7.8093655410e-04
27,62,-1.7922220268e-04
27,63,8.1843679402e-04
27,64,-6.8030372064e-04
27,65,-1.5857083851e-04
27,732,3.1387330621e-05
27,733,-5.8243321251e-05
27,734,8.4465643644e-05
27,735,-9.4118986751e-05
27,736,1.5638277398e-04
27,737,-5.0568148625e-05
27,1038,8.2887943268e-04
27,1039,8.1598081164e-04
27,1040,1.9113160028e-04
27,1041,8.6865968702e-04
27,1042,7.2599506390e-04
27,1043,1.8550382562e-04
27,1260,-1.0928531304e-05
27,1261,-1.7237237298e-05
27,1262,-1.8002418009e-05
27,1263,-5.6753047702e-05
27,1264,-9.6061595968e-05
27,1265,-3.0814147398e-06
27,1722,-7.7828074198e-04
27,1723,-7.4962341608e-04
27,1724,-1.5164340557e-04
27,1725,7.8927740938e-04
27,1726,6.2878985807e-04
27,1727,-1.2482657184e-04
27,1764,7.0998572279e-04
27,1765,-7.0912168325e-04
27,1766,1.2814233572e-04
27,1767,8.4682296234e-04
27,1768,-7.6976124345e-04
27,1769,3.9059312233e-04
28,24,-7.8360982811e-05
28,25,6.3181624881e-05
28,26,-8.0391663155e-05
28,27,3.1509154411e-04
28,28,3.0572106620e-03
28,29,-1.6629264055e-04
28,60,-5.9431179467e-04
28,61,4.0543753580e-04
28,62,2.3556928579e-04
28,63,7.3965266390e-04
28,64,-4.2993671916e-04
28,65,-4.2252024594e-04
28,732,4.6722681672e-05
28,733,-8.7745832606e-05
28,734,1.2961560632e-04
28,735,-1.5728508476e-04
28,736,2.6118114581e-04
28,737,-8.0147251406e-05
28,1038,-5.1944943555e-04
28,1039,-3.0578098091e-04
28,1040,2.9612912723e-04
28,1041,-6.7906798225e-04
28,1042,-3.5061270472e-04
28,1043,-4.4764121833e-04
28,1260,1.9834701538e-05
28,1261,3.1433382656e-05
28,1262,3.3238488381e-05
28,1263,9.6410161581e-05
28,1264,1.6315310929e-04
28,1265,4.1464655456e-06
28,1722,5.5016732357e-04
28,1723,3.3962739631e-04
28,1724,-2.7030675198e-04
28,1725,-6.8781810398e-04
28,1726,-3.5685467598e-04
28,1727,3.9785020150e-04
28,1764,5.5975682914e-04
28,1765,-4.3617208091e-04
28,1766,-1.5981538518e-04
28,1767,7.4759728119e-04
28,1768,-5.3219404367e-04
28,1769,5.2698786794e-04
29,24,3.5757722845e-04
29,25,1.8506063031e-04
29,26,-3.7441630135e-03
29,27,-1.1500356886e-05
29,28,-1.6629264055e-04
29,29,4.1883438827e-03
29,60,-3.9400864501e-04
29,61,6.0028850776e-04
29,62,-5.1245082301e-04
29,63,2.5940998545e-04
29,64,-4.3872590071e-04
29,65,2.8388423465e-04
29,732,4.5771432302e-04
29,733,-7.6093647016e-04
29,734,9.0265989812e-04
29,735,6.0337405429e-05
29,736,-9.6107199098e-05
29,737,-4.2710201767e-04
29,1038,-3.5827425457e-04
29,1039,-6.0451190894e-04
29,1040,-5.7670434157e-04
29,1041,-2.0970273284e-04
29,1042,-4.4991000507e-04
29,1043,3.3430159456e-04
29,1260,3.9166273684e-04
29,1261,6.6422548987e-04
29,1262,8.2136378432e-04
29,1263,3.9226057812e-05
29,1264,6.5440916743e-05
29,1265,-3.8189090719e-04
29,1722,-3.6637633943e-04
29,1723,-5.7827507095e-04
29,1724,-5.0608625381e-04
29,1725,2.1684121890e-04
29,1726,4.0663905522e-04
29,1727,3.1590240091e-04
29,1764,-4.1897964938e-04
29,1765,5.5384218428e-04
29,1766,-3.5864931256e-04
29,1767,-4.1099154277e-04
29,1768,5.3836643122e-04
29,1769,1.4433376579e-05
30,30,4.1780524207e-03
30,31,2.6968744176e-05
30,32,1.8801156455e-03
30,33,1.0260970140e-04
30,34,-1.5234870726e-04
30,35,6.3456090813e-04
30,174,-5.3884371729e-04
30,175,-8.9070924733e-04
30,176,-1.0440943814e-03
30,177,3.6876040905e-05
30,178,5.2112629756e-05
30,179,4.5552778710e-04
30,984,-6.8066083088e-04
30,985,-5.5049964461e-04
30,986,5.1791318496e-05
30,987,-8.2509987852e-04
30,988,-5.6268313263e-04
30,989,-4.2163955510e-04
30,1386,-5.7547436294e-04
30,1387,9.6710675932e-04
30,1388,-1.1736298511e-03
30,1389,-7.8297095803e-05
30,1390,1.2620123238e-04
30,1391,4.5598134770e-04
30,1542,-4.1420277077e-04
30,1543,-4.1636548121e-04
30,1544,-6.7270466278e-05
30,1545,5.6236797099e-04
30,1546,5.3377324526e-04
30,1547,-4.1021642288e-04
30,1710,-7.1470524830e-04
30,1711,3.8475298277e-04
30,1712,1.9336336834e-04
30,1713,9.4117978952e-04
30,1714,-3.9415654797e-04
30,1715,-6.2862958997e-04
30,1872,-5.1687628538e-04
30,1873,4.0312988862e-04
30,1874,1.0505698185e-04
30,1875,-6.8081082120e-04
30,1876,4.7649135945e-04
30,1877,-4.5501149197e-04
31,30,2.6968744176e-05
31,31,5.9778958522e-03
31,32,2.8182263656e-04
31,33,-1.5234870726e-04
31,34,2.8969698051e-04
31,35,-1.1174092436e-04
31,174,8.9024176241e-04
31,175,1.4707184195e-03
31,176,1.7218221693e-03
31,177,-6.9835885046e-05
31,178,-1.0076921639e-04
31,179,-7.5122903057e-04
31,984,5.5099663349e-04
31,985,2.5653181678e-04
31,986,-3.8390666584e-04
31,987,7.7226111930e-04
31,988,3.1065252657e-04
31,989,6.2413756057e-04
31,1386,-9.6606923162e-04
31,1387,1.6230745353e-03
31,1388,-1.9685419554e-03
31,1389,-1.3699271357e-04
31,1390,2.2112939898e-04
31,1391,7.6378280049e-04
31,1542,4.1664515512e-04
31,1543,3.6631570537e-04
31,1544,-5.0352193486e-05
31,1545,-5.9510479195e-04
31,1546,-4.9520649555e-04
31,1547,5.0195190474e-04
31,1710,-4.6308626477e-04
31,1711,-5.4700238260e-05
31,1712,4.9122850505e-04
31,1713,7.1182631294e-04
31,1714,9.0029516641e-05
31,1715,-7.0765736347e-04
31,1872,-4.4949932982e-04
31,1873,2.4280794282e-04
31,1874,2.7931737452e-04
31,1875,-6.4594842794e-04
31,1876,3.1444900406e-04
31,1877,-5.5439838638e-04
32,30,1.8801156455e-03
32,31,2.8182263656e-04
32,32,7.5814737045e-03
32,33,2.0553446425e-04
32,34,3.7917255659e-05
32,35,-3.4536881235e-03
32,174,-1.0423759568e-03
32,175,-1.7198889660e-03
32,176,-2.0080483042e-03
32,177,1.0425733429e-04
32,178,1.5499357115e-04
32,179,8.7601952418e-04
32,984,5.1226400931e-05
32,985,3.8372069718e-04
32,986,5.6253337026e-04
32,987,-1.2676815075e-04
32,988,3.3043053107e-04
32,989,-4.9613890916e-04
32,1386,-1.1697284070e-03
32,1387,1.9641027529e-03
32,1388,-2.3792374457e-03
32,1389,-1.7999208475e-04
32,1390,2.9131233350e-04
32,1391,9.2044856816e-04
32,1542,-6.0420634321e-05
32,1543,5.7362376793e-05
32,1544,2.4896701331e-04
32,1545,1.4820641984e-04
32,1546,-1.9295540503e-05
32,1547,-2.6280073242e-04
32,1710,1.5501774240e-04
32,1711,-5.2389548460e-04
32,1712,3.5888645941e-04
32,1713,-5.6362360689e-05
32,1714,6.2471007397e-04
32,1715,-3.1331181526e-04
32,1872,2.1415410132e-05
32,1873,-2.2627670993e-04
32,1874,3.3863602330e-04
32,1875,-7.6572470261e-05
32,1876,-2.2409896856e-04
32,1877,-2.9533379534e-04
33,30,1.0260970140e-04
33,31,-1.5234870726e-04
33,32,2.0553446425e-04
33,33,4.8479581335e-03
33,34,-7.2115156119e-05
33,35,2.0064532078e-04
33,174,-7.9105031808e-05
33,175,-1.3963000367e-04
33,176,-1.8606066718e-04
33,177,-1.2426573415e-04
33,178,-2.0610272613e-04
33,179,8.6718192084e-05
33,984,8.1853137846e-04
33,985,7.6836729069e-04
33,986,1.3006774568e-04
33,987,9.3323586398e-04
33,988,7.5787520006e-04
33,989,3.4713875877e-04
33,1386,-2.4701938374e-06
33,1387,-1.2524082913e-06
33,1388,1.5267780460e-05
33,1389,-1.5845215967e-04
33,1390,2.6552664934e-04
33,1391,-4.6146669226e-05
33,1542,-5.5894745508e-04
33,1543,-5.9391696320e-04
33,1544,-1.6281838560e-04
33,1545,7.4069614893e-04
33,1546,7.4552707715e-04
33,1547,-4.9832995011e-04
33,1710,-9.3334674137e-04
33,1711,6.1773075640e-04
33,1712,1.1375561050e-04
33,1713,1.1901360126e-03
33,1714,-6.4555753684e-04
33,1715,-7.0618448401e-04
33,1872,6.7300817053e-04
33,1873,-5.8118444687e-04
33,1874,-3.8638909286e-05
33,1875,8.5805094273e-04
33,1876,-6.7239440700e-04
33,1877,5.0877147949e-04
34,30,-1.5234870726e-04
34,31,2.8969698051e-04
34,32,3.7917255659e-05
34,33,-7.2115156119e-05
34,34,3.8205281473e-03
34,35,-5.6071082823e-04
34,174,1.2169643421e-04
34,175,2.1569189258e-04
34,176,2.8948238987e-04
34,177,2.0461095163e-04
34,178,3.3905017737e-04
34,179,-1.3737876637e-04
34,984,-5.5611026207e-04
34,985,-3.0846274942e-04
34,986,3.2426606983e-04
34,987,-7.5183763761e-04
34,988,-3.6437099006e-04
34,989,-5.4702892881e-04
34,1386,-9.7554462940e-06
34,1387,7.3215087934e-06
34,1388,1.4191276233e-05
34,1389,-2.6678620013e-04
34,1390,4.4690802818e-04
34,1391,-7.4392912839e-05
34,1542,5.3200877395e-04
34,1543,4.9617158480e-04
34,1544,-4.0237544225e-06
34,1545,-7.4371316628e-04
34,1546,-6.5649947453e-04
34,1547,5.9068310706e-04
34,1710,-4.9986989986e-04
34,1711,-5.3207019039e-05
34,1712,5.6702624065e-04
34,1713,7.6621675737e-04
34,1714,7.7404959311e-05
34,1715,-7.5251927949e-04
34,1872,5.2923777548e-04
34,1873,-3.2138731163e-04
34,1874,-2.7742295929e-04
34,1875,7.4254269418e-04
34,1876,-4.0768747875e-04
34,1877,5.9708094316e-04
35,30,6.3456090813e-04
35,31,-1.1174092436e-04
35,32,-3.4536881235e-03
35,33,2.0064532078e-04
35,34,-5.6071082823e-04
35,35,4.3550576815e-03
35,174,4.4358471352e-04
35,175,7.3033455930e-04
35,176,8.4860866255e-04
35,177,-7.2926297108e-05
35,178,-1.1497244690e-04
35,179,-3.9969301302e-04
35,984,-4.0631904947e-04
35,985,-6.1462181938e-04
35,986,-5.0287280860e-04
35,987,-3.3390891377e-04
35,988,-5.4601228882e-04
35,989,1.7314882129e-04
35,1386,4.6532994622e-04
35,1387,-7.8205671515e-04
35,1388,9.4914431951e-04
35,1389,6.1793588669e-05
35,1390,-1.0082837509e-04
35,1391,-4.1261314271e-04
35,1542,-4.0074019341e-04
35,1543,-4.9954234806e-04
35,1544,-2.8491474892e-04
35,1545,4.8918741807e-04
35,1546,5.9126466128e-04
35,1547,-2.3100494209e-04
35,1710,-6.0790588513e-04
35,1711,6.6387106277e-04
35,1712,-2.5926706645e-04
35,1713,6.8673833228e-04
35,1714,-7.1160093151e-04
35,1715,-2.0172992492e-04
35,1872,-4.3440819975e-04
35,1873,5.0267153764e-04
35,1874,-2.0356619400e-04
35,1875,-4.8946112525e-04
35,1876,5.4898565803e-04
35,1877,-1.4033424866e-04
36,36,4.1680303187e-03
36,37,-1.2675797514e-04
36,38,6.2028742217e-04
36,39,-1.3603663263e-04
36,40,3.4833348414e-05
36,41,1.7702600011e-03
36,294,-6.6093181786e-04
36,295,8.0996323157e-04
36,296,-4.2997791400e-04
36,297,5.1634827278e-04
36,298,-5.3098545765e-04
36,299,7.0233925375e-05
36,324,-5.0483324334e-04
36,325,-6.5159932198e-04
36,326,-4.0942893033e-04
36,327,4.9357889990e-04
36,328,5.8399678686e-04
36,329,-7.9074361215e-05
36,354,-5.6479830216e-04
36,355,7.0578395730e-04
36,356,-4.0026605641e-04
36,357,-5.1348198952e-04
36,358,5.7182558021e-04
36,359,-2.3017420293e-05
36,756,-6.1646751017e-04
36,757,-4.6455060867e-05
36,758,4.9536593637e-04
36,759,-1.0114633259e-03
36,760,-6.3023466901e-05
36,761,-1.1670466644e-03
36,834,-5.5302088629e-04
36,835,-9.9960877901e-05
36,836,4.6650188304e-04
36,837,8.9768076630e-04
36,838,1.4943715503e-04
36,839,-1.0121001166e-03
36,1308,-5.6531377367e-04
36,1309,-7.8672874733e-04
36,1310,-6.1391708242e-04
36,1311,-3.7958582639e-04
36,1312,-4.7397075923e-04
36,1313,1.8048804475e-04
37,36,-1.2675797514e-04
37,37,4.8221272021e-03
37,38,-3.3316339234e-04
37,39,3.4833348414e-05
37,40,-2.8932071042e-04
37,41,-7.4358980704e-05
37,294,-8.0057924345e-04
37,295,9.2636400531e-04
37,296,-3.7083187450e-04
37,297,7.2986810073e-04
37,298,-7.2837848448e-04
37,299,-9.7338595908e-05
37,324,6.6681834455e-04
37,325,8.3242002396e-04
37,326,4.5924197028e-04
37,327,-7.0122199448e-04
37,328,-8.0734542707e-04
37,329,2.1215781404e-04
37,354,-7.0001718881e-04
37,355,8.3275788775e-04
37,356,-3.7873529435e-04
37,357,-7.0751630503e-04
37,358,7.5939044622e-04
37,359,-1.7306709220e-04
37,756,9.1891759784e-05
37,757,-1.6674947336e-04
37,758,-1.0310477239e-04
37,759,1.6422771272e-04
37,760,-2.7454580257e-04
37,761,2.2333305642e-04
37,834,5.9969880329e-05
37,835,-1.1185794006e-04
37,836,-1.0017954864e-04
37,837,-1.1067060400e-04
37,838,1.8055317823e-04
37,839,1.5811909120e-04
37,1308,7.8515453998e-04
37,1309,1.0726342497e-03
37,1310,7.9029178055e-04
37,1311,5.8177045582e-04
37,1312,7.2077485363e-04
37,1313,-1.6874473734e-04
38,36,6.2028742217e-04
38,37,-3.3316339234e-04
38,38,4.3981125543e-03
38,39,-1.6801956755e-04
38,40,-6.9998328048e-05
38,41,-3.4939099043e-03
38,294,-4.0777511681e-04
38,295,3.5146508532e-04
38,296,1.3642532894e-04
38,297,6.0139485972e-04
38,298,-5.5060544718e-04
38,299,-4.6717265711e-04
38,324,-4.4943975514e-04
38,325,-4.9663752530e-04
38,326,-1.2520296221e-04
38,327,5.8493592939e-04
38,328,6.2364422995e-04
38,329,-3.9330205826e-04
38,354,-3.8617158302e-04
38,355,3.6616814004e-04
38,356,4.8433403446e-05
38,357,-5.4813124451e-04
38,358,5.2663312385e-04
38,359,-4.2521769703e-04
38,756,4.7543269472e-04
38,757,9.3714856745e-05
38,758,-4.2121151701e-04
38,759,7.7557637567e-04
38,760,1.4663051254e-04
38,761,8.8330245729e-04
38,834,4.6802795175e-04
38,835,1.1434984960e-04
38,836,-4.1000460793e-04
38,837,-7.5648645669e-04
38,838,-1.7681878709e-04
38,839,8.4450476027e-04
38,1308,-6.0938241839e-04
38,1309,-7.8581531819e-04
38,1310,-4.6879311341e-04
38,1311,-5.7864847877e-04
38,1312,-7.0321846248e-04
38,1313,-6.5132902852e-05
39,36,-1.3603663263e-04
39,37,3.4833348414e-05
39,38,-1.6801956755e-04
39,39,5.8699371374e-03
39,40,-1.9723442638e-04
39,41,-2.8904406913e-04
39,294,-5.2096046888e-04
39,295,7.3925901578e-04
39,296,-6.1521229606e-04
39,297,2.1356170618e-04
39,298,-2.6025154186e-04
39,299,3.9327543389e-04
39,324,-4.1442388076e-04
39,325,-5.8733361771e-04
39,326,-4.8741502972e-04
39,327,3.1288292018e-04
39,328,4.1153061697e-04
39,329,1.3688093111e-04
39,354,5.2067670582e-04
39,355,-7.2070095178e-04
39,356,5.6473667938e-04
39,357,3.5393929736e-04
39,358,-4.4159802015e-04
39,359,-2.2157206278e-04
39,756,1.0119350438e-03
39,757,8.9310658360e-05
39,758,-8.1094643684e-04
39,759,1.6590453491e-03
39,760,1.2477533202e-04
39,761,1.9110142718e-03
39,834,-9.0133870384e-04
39,835,-1.7492700965e-04
39,836,7.5547349342e-04
39,837,1.4615239880e-03
39,838,2.6276608190e-04
39,839,-1.6439029450e-03
39,1308,4.1889844219e-04
39,1309,6.3429018387e-04
39,1310,6.1462048600e-04
39,1311,1.3991668762e-04
39,1312,1.8895116580e-04
39,1313,-3.4598048833e-04
40,36,3.4833348414e-05
40,37,-2.8932071042e-04
40,38,-6.9998328048e-05
40,39,-1.9723442638e-04
40,40,3.6624565466e-03
40,41,1.4188708104e-04
40,294,-5.2715594671e-04
40,295,7.2500845605e-04
40,296,-5.5189037475e-04
40,297,2.5983598082e-04
40,298,-3.1173006409e-04
40,299,3.4886046488e-04
40,324,4.9837307578e-04
40,325,6.8931129907e-04
40,326,5.3444832563e-04
40,327,-4.0578749702e-04
40,328,-5.2050026581e-04
40,329,-1.0810650289e-04
40,354,5.7358696641e-04
40,355,-7.6486910690e-04
40,356,5.3622230709e-04
40,357,4.3899377094e-04
40,358,-5.2846883603e-04
40,359,-1.5773032767e-04
40,756,-1.3746351402e-04
40,757,2.7278244552e-04
40,758,1.6145318037e-04
40,759,-2.4744086050e-04
40,760,4.4855588923e-04
40,761,-3.4054186984e-04
40,834,8.5187585542e-05
40,835,-1.8327848434e-04
40,836,-1.5453813518e-04
